ID,種類,地域,市区町村コード,都道府県名,市区町村名,地区名,最寄駅：名称,最寄駅：距離（分）,間取り,面積（㎡）,土地の形状,間口,延床面積（㎡）,建築年,建物の構造,用途,今後の利用目的,前面道路：方位,前面道路：種類,前面道路：幅員（ｍ）,都市計画,建ぺい率（％）,容積率（％）,取引時点,改装,取引の事情等,取引価格（総額）_log
22078331,中古マンション等,,22131,静岡県,浜松市中区,板屋町,浜松,6,２ＬＤＫ,75,,,,平成22年,ＲＣ,住宅,,,,,商業地域,80.0,600.0,2013年第４四半期,未改装,,7.623249290397901
22125376,中古マンション等,,22203,静岡県,沼津市,大岡,沼津,30分?60分,３ＬＤＫ,80,,,,平成18年,ＲＣ,住宅,,,,,第２種中高層住居専用地域,60.0,200.0,2008年第４四半期,未改装,,7.447158031342219
22063222,中古マンション等,,22203,静岡県,沼津市,泉町,沼津,15,,70,,,,,ＲＣ,住宅,住宅,,,,第２種中高層住居専用地域,60.0,150.0,2014年第４四半期,改装済,,7.0
22015526,中古マンション等,,22134,静岡県,浜松市南区,西伝寺町,浜松,30分?60分,４ＬＤＫ,80,,,,,ＳＲＣ,住宅,住宅,,,,第１種住居地域,60.0,200.0,2018年第２四半期,未改装,,6.954242509439325
22010574,中古マンション等,,22131,静岡県,浜松市中区,中沢町,浜松,26,３ＬＤＫ,75,,,,平成3年,ＳＲＣ,住宅,住宅,,,,商業地域,80.0,400.0,2019年第３四半期,未改装,,7.0
22062474,中古マンション等,,22101,静岡県,静岡市葵区,昭和町,静岡,6,１Ｋ,20,,,,昭和53年,ＳＲＣ,住宅,,,,,商業地域,80.0,600.0,2012年第１四半期,未改装,,6.301029995663981
22012491,中古マンション等,,22132,静岡県,浜松市東区,北島町,浜松,1H?1H30,２ＬＤＫ,50,,,,昭和49年,ＲＣ,住宅,住宅,,,,第１種住居地域,60.0,200.0,2019年第４四半期,未改装,,5.698970004336019
22103456,中古マンション等,,22203,静岡県,沼津市,上香貫,沼津,30分?60分,,65,,,,平成7年,ＲＣ,住宅,,,,,準工業地域,60.0,200.0,2009年第３四半期,,,7.079181246047625
22007685,中古マンション等,,22103,静岡県,静岡市清水区,真砂町,清水(静岡),5,３ＬＤＫ,90,,,,平成19年,ＲＣ,,住宅,,,,商業地域,80.0,400.0,2017年第４四半期,未改装,,7.447158031342219
22074317,中古マンション等,,22203,静岡県,沼津市,下香貫,沼津,30分?60分,３ＬＤＫ,70,,,,平成2年,ＲＣ,住宅,住宅,,,,第１種住居地域,60.0,200.0,2015年第２四半期,,,6.832508912706237
22087829,中古マンション等,,22206,静岡県,三島市,青木,三島,30分?60分,３ＬＤＫ,65,,,,平成16年,ＲＣ,住宅,,,,,第１種住居地域,60.0,200.0,2012年第４四半期,未改装,,7.2552725051033065
22098486,中古マンション等,,22206,静岡県,三島市,南田町,三島,23,２ＬＤＫ＋Ｓ,60,,,,平成9年,ＲＣ,住宅,,,,,第１種住居地域,60.0,200.0,2013年第１四半期,未改装,,7.113943352306837
22055147,中古マンション等,,22131,静岡県,浜松市中区,高町,浜松,15,４ＬＤＫ,95,,,,平成14年,ＳＲＣ,住宅,住宅,,,,商業地域,80.0,500.0,2014年第４四半期,未改装,,7.491361693834273
22064558,中古マンション等,,22203,静岡県,沼津市,高島町,沼津,4,３ＬＤＫ,65,,,,平成11年,ＲＣ,住宅,住宅,,,,商業地域,80.0,400.0,2014年第２四半期,改装済,,7.176091259055681
22051343,中古マンション等,,22101,静岡県,静岡市葵区,梅屋町,静岡,15,３ＤＫ,65,,,,平成10年,ＲＣ,住宅,,,,,商業地域,80.0,400.0,2010年第２四半期,未改装,,7.146128035678238
22053813,中古マンション等,,22102,静岡県,静岡市駿河区,馬渕,静岡,8,２ＬＤＫ,70,,,,平成17年,ＲＣ,住宅,,,,,近隣商業地域,80.0,300.0,2010年第４四半期,未改装,,7.414973347970818
22001136,中古マンション等,,22101,静岡県,静岡市葵区,呉服町,静岡,11,１ＬＤＫ,100,,,,平成26年,ＲＣ,,住宅,,,,商業地域,80.0,600.0,2018年第３四半期,改装済,,7.954242509439325
22091041,中古マンション等,,22131,静岡県,浜松市中区,高丘東,浜松,1H30?2H,３ＤＫ,55,,,,昭和64年,ＲＣ,住宅,,,,,第１種住居地域,60.0,200.0,2009年第４四半期,改装済,,6.913813852383717
22059283,中古マンション等,,22103,静岡県,静岡市清水区,興津本町,興津,1,３ＬＤＫ,60,,,,平成7年,ＲＣ,住宅,住宅,,,,近隣商業地域,80.0,200.0,2015年第１四半期,未改装,,7.204119982655925
22009461,中古マンション等,,22131,静岡県,浜松市中区,蜆塚,浜松,30分?60分,３ＬＤＫ,80,,,,平成8年,ＲＣ,住宅,住宅,,,,第１種中高層住居専用地域,60.0,200.0,2016年第４四半期,改装済,,7.176091259055681
22012696,中古マンション等,,22132,静岡県,浜松市東区,篠ケ瀬町,天竜川,9,,75,,,,平成10年,ＳＲＣ,,,,,,近隣商業地域,80.0,300.0,2020年第１四半期,,,7.079181246047625
22058712,中古マンション等,,22102,静岡県,静岡市駿河区,南町,静岡,4,３ＬＤＫ,70,,,,平成11年,ＳＲＣ,住宅,住宅,,,,商業地域,80.0,400.0,2015年第４四半期,未改装,,7.342422680822207
22069056,中古マンション等,,22206,静岡県,三島市,広小路町,三島広小路,1,１ＬＤＫ,45,,,,平成20年,ＲＣ,住宅,,,,,商業地域,80.0,400.0,2010年第１四半期,未改装,,7.301029995663981
22054810,中古マンション等,,22102,静岡県,静岡市駿河区,寿町,静岡,21,３ＬＤＫ,80,,,,平成2年,ＲＣ,住宅,,,,,準工業地域,60.0,200.0,2011年第１四半期,未改装,,7.146128035678238
22110807,中古マンション等,,22210,静岡県,富士市,蓼原,富士,30分?60分,２ＤＫ,40,,,,,ＳＲＣ,住宅,,,,,第１種住居地域,60.0,200.0,2009年第４四半期,未改装,,6.301029995663981
22122057,中古マンション等,,22131,静岡県,浜松市中区,葵西,浜松,1H30?2H,４ＬＤＫ,75,,,,平成5年,ＳＲＣ,住宅,,,,,第１種住居地域,60.0,200.0,2008年第１四半期,未改装,,7.041392685158225
22071041,中古マンション等,,22203,静岡県,沼津市,吉田町,沼津,20,３ＬＤＫ,70,,,,昭和57年,ＲＣ,住宅,,,,,準工業地域,60.0,200.0,2011年第１四半期,未改装,,6.903089986991944
22089842,中古マンション等,,22135,静岡県,浜松市北区,三ヶ日町都筑,都筑,30分?60分,１ＬＤＫ,70,,,,平成2年,ＳＲＣ,住宅,,,,,市街化調整区域,60.0,200.0,2013年第３四半期,改装済,,6.7923916894982534
22020217,中古マンション等,,22203,静岡県,沼津市,大岡,沼津,1H?1H30,４ＬＤＫ,90,,,,平成11年,ＲＣ,住宅,住宅,,,,第２種中高層住居専用地域,60.0,150.0,2020年第３四半期,未改装,,7.146128035678238
22056957,中古マンション等,,22101,静岡県,静岡市葵区,両替町,静岡,11,,75,,,,平成10年,ＳＲＣ,住宅,,,,,商業地域,80.0,600.0,2015年第３四半期,,,7.301029995663981
22004797,中古マンション等,,22102,静岡県,静岡市駿河区,西中原,静岡,24,,50,,,,昭和48年,,住宅,住宅,,,,近隣商業地域,80.0,200.0,2020年第１四半期,未改装,,6.643452676486188
22008659,中古マンション等,,22131,静岡県,浜松市中区,鍛冶町,浜松,7,３ＬＤＫ,75,,,,平成12年,ＳＲＣ,住宅,,,,,商業地域,80.0,600.0,2016年第３四半期,,,7.3222192947339195
22017716,中古マンション等,,22135,静岡県,浜松市北区,三ヶ日町都筑,都筑,30分?60分,１ＤＫ,50,,,,平成2年,ＳＲＣ,住宅,,,,,市街化調整区域,60.0,200.0,2016年第４四半期,未改装,,6.778151250383644
22062967,中古マンション等,,22131,静岡県,浜松市中区,常盤町,浜松,12,２ＬＤＫ,70,,,,平成10年,ＳＲＣ,住宅,住宅,,,,商業地域,80.0,500.0,2015年第２四半期,未改装,,7.204119982655925
22086579,中古マンション等,,22203,静岡県,沼津市,平町,沼津,13,４ＬＤＫ,90,,,,平成9年,ＳＲＣ,住宅,,,,,近隣商業地域,80.0,300.0,2012年第２四半期,未改装,調停・競売等,7.146128035678238
22004609,中古マンション等,,22102,静岡県,静岡市駿河区,中田,静岡,20,４ＬＤＫ,80,,,,昭和61年,ＲＣ,住宅,住宅,,,,第２種中高層住居専用地域,60.0,200.0,2016年第４四半期,未改装,,7.079181246047625
22089846,中古マンション等,,22135,静岡県,浜松市北区,三ヶ日町都筑,都筑,30分?60分,３ＬＤＫ,95,,,,平成2年,ＳＲＣ,住宅,,,,,市街化調整区域,60.0,200.0,2013年第３四半期,未改装,,6.812913356642856
22064357,中古マンション等,,22101,静岡県,静岡市葵区,両替町,静岡,11,１Ｒ,20,,,,昭和59年,ＳＲＣ,住宅,,,,,商業地域,80.0,600.0,2012年第１四半期,改装済,,6.544068044350276
22122409,中古マンション等,,22131,静岡県,浜松市中区,新津町,助信,3,３ＬＤＫ,70,,,,平成13年,ＲＣ,住宅,,,,,第１種住居地域,60.0,200.0,2008年第２四半期,未改装,,7.278753600952829
22089145,中古マンション等,,22206,静岡県,三島市,南町,三島,21,２ＬＤＫ,60,,,,平成13年,ＲＣ,住宅,,,,,第２種住居地域,60.0,200.0,2012年第３四半期,未改装,関係者間取引,7.146128035678238
22010985,中古マンション等,,22131,静岡県,浜松市中区,八幡町,浜松,20,３ＬＤＫ,75,,,,平成12年,,住宅,住宅,,,,近隣商業地域,80.0,300.0,2020年第３四半期,未改装,,7.0
22008454,中古マンション等,,22131,静岡県,浜松市中区,小豆餅,浜松,1H?1H30,３ＬＤＫ,65,,,,平成4年,ＲＣ,,住宅,,,,第１種住居地域,60.0,200.0,2018年第１四半期,,,6.949390006644912
22114926,中古マンション等,,22214,静岡県,藤枝市,駿河台,藤枝,29,４ＬＤＫ,85,,,,平成6年,ＲＣ,住宅,,,,,第１種中高層住居専用地域,60.0,200.0,2009年第２四半期,未改装,,7.176091259055681
22120017,中古マンション等,,22102,静岡県,静岡市駿河区,中田,静岡,14,３ＬＤＫ,55,,,,昭和56年,ＲＣ,住宅,,,,,第２種住居地域,60.0,200.0,2007年第３四半期,改装済,,6.812913356642856
22121739,中古マンション等,,22103,静岡県,静岡市清水区,松原町,新清水,,３ＬＤＫ,75,,,,平成18年,ＲＣ,住宅,,,,,商業地域,80.0,400.0,2006年第２四半期,,,7.447158031342219
22085811,中古マンション等,,22211,静岡県,磐田市,一言,磐田,30分?60分,３ＬＤＫ,55,,,,平成5年,ＳＲＣ,住宅,,,,,市街化調整区域,60.0,200.0,2011年第２四半期,未改装,,6.724275869600789
22074399,中古マンション等,,22210,静岡県,富士市,中央町,吉原,30分?60分,３ＬＤＫ,60,,,,昭和49年,ＳＲＣ,住宅,住宅,,,,近隣商業地域,80.0,300.0,2014年第４四半期,未改装,,6.176091259055681
22122304,中古マンション等,,22131,静岡県,浜松市中区,幸,浜松,1H?1H30,４ＬＤＫ,90,,,,平成11年,ＲＣ,住宅,,,,,第１種住居地域,60.0,200.0,2007年第２四半期,未改装,,7.2552725051033065
22077871,中古マンション等,,22101,静岡県,静岡市葵区,追手町,静岡,13,２ＬＤＫ,55,,,,昭和54年,ＳＲＣ,住宅,,,,,商業地域,80.0,600.0,2009年第３四半期,改装済,,6.977723605288848
22001081,中古マンション等,,22101,静岡県,静岡市葵区,沓谷,静岡,30分?60分,３ＬＤＫ,70,,,,平成8年,ＲＣ,住宅,住宅,,,,第１種中高層住居専用地域,60.0,200.0,2017年第４四半期,未改装,,6.903089986991944
22020454,中古マンション等,,22203,静岡県,沼津市,大岡,三島,30分?60分,４ＬＤＫ,85,,,,平成15年,ＲＣ,住宅,住宅,,,,第１種住居地域,60.0,200.0,2019年第３四半期,未改装,,7.278753600952829
22104631,中古マンション等,,22212,静岡県,焼津市,,焼津,1,３ＬＤＫ,70,,,,平成16年,ＳＲＣ,住宅,,,,,商業地域,80.0,400.0,2012年第４四半期,未改装,,7.380211241711606
22030483,中古マンション等,,22210,静岡県,富士市,中央町,富士,30分?60分,３ＬＤＫ,60,,,,昭和49年,ＳＲＣ,,その他,,,,近隣商業地域,80.0,300.0,2018年第２四半期,未改装,,6.477121254719663
22004806,中古マンション等,,22102,静岡県,静岡市駿河区,西中原,静岡,24,,55,,,,昭和48年,,住宅,住宅,,,,近隣商業地域,80.0,200.0,2018年第１四半期,未改装,,6.748188027006201
22089170,中古マンション等,,22131,静岡県,浜松市中区,板屋町,浜松,4,１ＬＤＫ,55,,,,平成18年,ＲＣ,住宅,,,,,商業地域,80.0,600.0,2009年第４四半期,未改装,,7.361727836017593
22093093,中古マンション等,,22203,静岡県,沼津市,足高,沼津,1H30?2H,３ＬＤＫ,60,,,,平成4年,ＲＣ,住宅,,,,,工業地域,60.0,200.0,2013年第２四半期,改装済,,6.812913356642856
22008442,中古マンション等,,22131,静岡県,浜松市中区,小豆餅,浜松,1H?1H30,,80,,,,平成27年,ＲＣ,,住宅,,,,準工業地域,60.0,200.0,2019年第１四半期,未改装,,7.447158031342219
22008685,中古マンション等,,22131,静岡県,浜松市中区,上浅田,浜松,20,３ＬＤＫ,70,,,,平成10年,ＲＣ,住宅,住宅,,,,第１種住居地域,60.0,200.0,2018年第３四半期,未改装,,7.146128035678238
22058466,中古マンション等,,22102,静岡県,静岡市駿河区,曲金,東静岡,9,４ＬＤＫ,90,,,,平成20年,ＲＣ,住宅,住宅,,,,工業地域,60.0,200.0,2015年第３四半期,未改装,,7.505149978319906
22064547,中古マンション等,,22203,静岡県,沼津市,高沢町,沼津,8,３ＬＤＫ,70,,,,平成3年,ＳＲＣ,住宅,その他,,,,商業地域,80.0,400.0,2014年第３四半期,未改装,調停・競売等,7.041392685158225
22069952,中古マンション等,,22131,静岡県,浜松市中区,海老塚,浜松,11,２ＬＤＫ,60,,,,平成7年,ＳＲＣ,住宅,,,,,商業地域,80.0,500.0,2012年第４四半期,未改装,,6.968482948553935
22073372,中古マンション等,,22131,静岡県,浜松市中区,龍禅寺町,浜松,9,４ＬＤＫ,65,,,,昭和57年,ＲＣ,住宅,,,,,近隣商業地域,80.0,300.0,2012年第２四半期,未改装,,6.57978359661681
22125320,中古マンション等,,22203,静岡県,沼津市,市場町,沼津,11,３ＬＤＫ,75,,,,平成18年,ＲＣ,住宅,,,,,近隣商業地域,80.0,200.0,2007年第３四半期,,,7.431363764158987
22059294,中古マンション等,,22131,静岡県,浜松市中区,新津町,浜松,30分?60分,３ＬＤＫ,70,,,,平成8年,ＲＣ,住宅,,,,,第１種住居地域,60.0,200.0,2011年第４四半期,未改装,,7.146128035678238
22005315,中古マンション等,,22102,静岡県,静岡市駿河区,丸子新田,安倍川,25,３ＬＤＫ,65,,,,平成16年,ＲＣ,住宅,住宅,,,,準工業地域,60.0,200.0,2017年第３四半期,改装済,,7.176091259055681
22003172,中古マンション等,,22101,静岡県,静岡市葵区,両替町,静岡,11,１Ｒ,20,,,,昭和59年,ＳＲＣ,,住宅,,,,商業地域,80.0,600.0,2019年第１四半期,未改装,,6.5910646070264995
22000431,中古マンション等,,22101,静岡県,静岡市葵区,大岩町,静岡,30分?60分,２ＤＫ,45,,,,昭和52年,ＲＣ,住宅,その他,,,,第１種中高層住居専用地域,60.0,200.0,2016年第３四半期,未改装,,5.698970004336019
22065932,中古マンション等,,22135,静岡県,浜松市北区,三ヶ日町都筑,東都筑,25,１ＬＤＫ,70,,,,平成2年,ＳＲＣ,住宅,,,,,市街化調整区域,60.0,200.0,2011年第４四半期,未改装,,6.748188027006201
22055677,中古マンション等,,22103,静岡県,静岡市清水区,本郷町,清水(静岡),6,３ＬＤＫ,70,,,,昭和49年,ＳＲＣ,住宅,,,,,商業地域,80.0,400.0,2010年第２四半期,未改装,,6.6020599913279625
22103363,中古マンション等,,22212,静岡県,焼津市,小柳津,西焼津,14,３ＬＤＫ,75,,,,平成13年,ＲＣ,住宅,,,,,工業地域,60.0,200.0,2012年第１四半期,未改装,,7.278753600952829
22061697,中古マンション等,,22134,静岡県,浜松市南区,三島町,浜松,20,３ＬＤＫ,80,,,,平成19年,ＲＣ,住宅,,,,,第１種住居地域,60.0,200.0,2010年第４四半期,未改装,,7.361727836017593
22105926,中古マンション等,,22206,静岡県,三島市,徳倉,三島,20,３ＬＤＫ,65,,,,平成8年,ＲＣ,住宅,,,,,第１種中高層住居専用地域,60.0,150.0,2009年第３四半期,改装済,,7.176091259055681
22062791,中古マンション等,,22101,静岡県,静岡市葵区,瀬名川,草薙(ＪＲ),28,３ＬＤＫ,70,,,,平成15年,ＲＣ,住宅,,,,,第２種中高層住居専用地域,60.0,200.0,2012年第４四半期,未改装,,7.230448921378274
22069983,中古マンション等,,22101,静岡県,静岡市葵区,鷹匠,静岡,10,２ＬＤＫ,95,,,,平成17年,ＳＲＣ,住宅,,,,,商業地域,80.0,400.0,2013年第１四半期,未改装,,7.7558748556724915
22084788,中古マンション等,,22203,静岡県,沼津市,大手町,沼津,8,２ＬＤＫ,65,,,,昭和64年,鉄骨造,住宅,,,,,商業地域,80.0,500.0,2012年第１四半期,改装済,,6.8512583487190755
22063941,中古マンション等,,22101,静岡県,静岡市葵区,本通,静岡,15,１ＬＤＫ,55,,,,昭和55年,ＳＲＣ,住宅,,,,,商業地域,80.0,500.0,2012年第３四半期,改装済,,7.079181246047625
22032193,中古マンション等,,22210,静岡県,富士市,吉原,富士,30分?60分,３ＬＤＫ,70,,,,平成5年,ＳＲＣ,住宅,住宅,,,,商業地域,80.0,400.0,2016年第１四半期,未改装,,7.301029995663981
22068127,中古マンション等,,22101,静岡県,静岡市葵区,梅屋町,静岡,15,２ＤＫ,45,,,,平成10年,鉄骨造,住宅,,,,,商業地域,80.0,500.0,2013年第２四半期,未改装,,7.0
22117911,中古マンション等,,22101,静岡県,静岡市葵区,大岩町,静岡,30分?60分,２ＬＤＫ,60,,,,平成12年,ＲＣ,住宅,,,,,第１種中高層住居専用地域,60.0,200.0,2007年第２四半期,未改装,,7.301029995663981
22004390,中古マンション等,,22102,静岡県,静岡市駿河区,豊田,静岡,30分?60分,３ＬＤＫ,100,,,,平成20年,ＲＣ,,住宅,,,,工業地域,60.0,200.0,2018年第２四半期,未改装,,7.544068044350276
22058551,中古マンション等,,22131,静岡県,浜松市中区,板屋町,浜松,4,２ＬＤＫ,60,,,,平成19年,ＲＣ,住宅,,,,,商業地域,80.0,400.0,2011年第２四半期,未改装,,7.414973347970818
22098019,中古マンション等,,22206,静岡県,三島市,萩,三島,30分?60分,３ＬＤＫ,80,,,,平成9年,ＲＣ,住宅,,,,,第２種住居地域,60.0,200.0,2013年第２四半期,改装済,,7.301029995663981
22011175,中古マンション等,,22131,静岡県,浜松市中区,曳馬,浜松,30分?60分,３ＬＤＫ,80,,,,平成17年,ＲＣ,住宅,住宅,,,,第１種住居地域,60.0,200.0,2017年第３四半期,未改装,,7.3222192947339195
22097047,中古マンション等,,22214,静岡県,藤枝市,小石川町,藤枝,20,３ＬＤＫ,70,,,,,ＲＣ,住宅,住宅,,,,第２種中高層住居専用地域,60.0,150.0,2015年第１四半期,未改装,,6.897627091290442
22083342,中古マンション等,,22132,静岡県,浜松市東区,上西町,天竜川,30分?60分,４ＬＤＫ,95,,,,平成15年,ＲＣ,住宅,,,,,工業地域,60.0,200.0,2013年第２四半期,未改装,,7.3979400086720375
22017741,中古マンション等,,22135,静岡県,浜松市北区,三ヶ日町都筑,東都筑,21,２ＬＤＫ,80,,,,平成2年,,住宅,住宅,,,,市街化調整区域,60.0,200.0,2018年第４四半期,未改装,,6.954242509439325
22065547,中古マンション等,,22203,静岡県,沼津市,内浦小海,沼津,2H?,１ＬＤＫ,45,,,,平成2年,ＳＲＣ,住宅,,,,,市街化調整区域,60.0,200.0,2010年第２四半期,未改装,,6.845098040014257
22010192,中古マンション等,,22131,静岡県,浜松市中区,中央,浜松,11,３ＬＤＫ,85,,,,,ＲＣ,,その他,,,,商業地域,80.0,400.0,2018年第２四半期,未改装,,7.5910646070264995
22080410,中古マンション等,,22131,静岡県,浜松市中区,中央,浜松,10,３ＬＤＫ,85,,,,平成19年,ＲＣ,住宅,,,,,商業地域,,,2013年第２四半期,改装済,,7.477121254719663
22009313,中古マンション等,,22131,静岡県,浜松市中区,佐鳴台,浜松,30分?60分,１Ｋ,15,,,,昭和64年,ＲＣ,,住宅,,,,第２種中高層住居専用地域,60.0,200.0,2019年第３四半期,未改装,,5.903089986991944
22122339,中古マンション等,,22131,静岡県,浜松市中区,佐鳴台,浜松,30分?60分,１Ｋ,15,,,,昭和64年,ＲＣ,住宅,,,,,第１種中高層住居専用地域,60.0,200.0,2008年第２四半期,未改装,,6.491361693834273
22021459,中古マンション等,,22203,静岡県,沼津市,西浦平沢,田京,2H?,３ＬＤＫ,95,,,,平成9年,ＲＣ,住宅,住宅,,,,市街化調整区域,60.0,200.0,2019年第１四半期,改装済,,6.954242509439325
22021112,中古マンション等,,22203,静岡県,沼津市,下香貫,沼津,1H?1H30,３ＬＤＫ,70,,,,平成7年,ＲＣ,住宅,住宅,,,,,,,2016年第１四半期,,,6.9084850188786495
22058607,中古マンション等,,22133,静岡県,浜松市西区,舞阪町弁天島,弁天島,2,１ＬＤＫ,50,,,,昭和51年,ＳＲＣ,住宅,,,,,商業地域,80.0,400.0,2014年第１四半期,改装済,,6.57978359661681
22084649,中古マンション等,,22212,静岡県,焼津市,焼津,焼津,5,３ＬＤＫ,80,,,,平成9年,ＲＣ,住宅,,,,,第２種住居地域,60.0,200.0,2010年第４四半期,未改装,調停・競売等,7.041392685158225
22089022,中古マンション等,,22206,静岡県,三島市,本町,三島,13,３ＬＤＫ,120,,,,平成17年,ＲＣ,住宅,,,,,商業地域,80.0,400.0,2012年第１四半期,未改装,,7.672097857935717
22118974,中古マンション等,,22101,静岡県,静岡市葵区,古庄,東静岡,,３ＬＤＫ,65,,,,平成10年,,住宅,,,,,,,,2007年第１四半期,改装済,,7.230448921378274
22069557,中古マンション等,,22203,静岡県,沼津市,三枚橋町,沼津,5,２ＬＤＫ,60,,,,平成21年,ＲＣ,住宅,,,,,近隣商業地域,80.0,300.0,2011年第４四半期,未改装,,7.278753600952829
22008725,中古マンション等,,22131,静岡県,浜松市中区,上島,浜松,30分?60分,３ＬＤＫ,80,,,,平成15年,ＳＲＣ,住宅,住宅,,,,第１種住居地域,60.0,200.0,2020年第１四半期,改装済,,7.477121254719663
22120273,中古マンション等,,22102,静岡県,静岡市駿河区,曲金,静岡,24,４ＬＤＫ,80,,,,昭和48年,ＳＲＣ,住宅,,,,,工業地域,60.0,200.0,2008年第４四半期,改装済,,6.939519252618618
22057947,中古マンション等,,22102,静岡県,静岡市駿河区,豊田,東静岡,10,３ＬＤＫ,70,,,,平成9年,ＲＣ,住宅,住宅,,,,工業地域,60.0,200.0,2015年第４四半期,未改装,,7.204119982655925
22086238,中古マンション等,,22133,静岡県,浜松市西区,舞阪町弁天島,弁天島,15,,70,,,,昭和49年,ＲＣ,住宅,,,,,第１種住居地域,60.0,200.0,2013年第１四半期,改装済,,6.57978359661681
22014894,中古マンション等,,22133,静岡県,浜松市西区,雄踏,浜松,1H30?2H,３ＬＤＫ,70,,,,平成19年,ＲＣ,住宅,住宅,,,,第１種中高層住居専用地域,60.0,200.0,2018年第３四半期,未改装,,7.301029995663981
22060747,中古マンション等,,22131,静岡県,浜松市中区,龍禅寺町,浜松,13,２ＬＤＫ,50,,,,昭和64年,ＳＲＣ,住宅,,,,,近隣商業地域,80.0,300.0,2011年第１四半期,未改装,,6.845098040014257
22029883,中古マンション等,,22210,静岡県,富士市,大淵,富士,1H30?2H,３ＬＤＫ,75,,,,平成3年,ＲＣ,住宅,住宅,,,,市街化調整区域,60.0,200.0,2017年第３四半期,未改装,,6.863322860120456
22004065,中古マンション等,,22102,静岡県,静岡市駿河区,下川原,安倍川,20,３ＬＤＫ,60,,,,平成7年,ＲＣ,住宅,住宅,,,,第２種中高層住居専用地域,60.0,200.0,2016年第２四半期,未改装,,7.3222192947339195
22126461,中古マンション等,,22206,静岡県,三島市,長伏,大場,30分?60分,３ＬＤＫ,70,,,,平成12年,ＲＣ,住宅,,,,,準工業地域,60.0,200.0,2008年第２四半期,未改装,,7.278753600952829
22065514,中古マンション等,,22132,静岡県,浜松市東区,天龍川町,浜松,1H?1H30,２ＬＤＫ,65,,,,平成5年,ＳＲＣ,住宅,住宅,,,,近隣商業地域,80.0,300.0,2015年第３四半期,未改装,,6.863322860120456
22119787,中古マンション等,,22102,静岡県,静岡市駿河区,高松,静岡,30分?60分,４ＬＤＫ,80,,,,平成10年,ＲＣ,住宅,,,,,第１種中高層住居専用地域,60.0,150.0,2008年第１四半期,未改装,,7.3222192947339195
22094901,中古マンション等,,22203,静岡県,沼津市,高沢町,沼津,7,４ＬＤＫ,80,,,,昭和58年,ＳＲＣ,住宅,,,,,商業地域,80.0,400.0,2013年第３四半期,未改装,,7.146128035678238
22057298,中古マンション等,,22131,静岡県,浜松市中区,住吉,浜松,30分?60分,２ＬＤＫ,55,,,,昭和50年,ＲＣ,住宅,,,,,第２種住居地域,60.0,200.0,2010年第４四半期,改装済,,6.707570176097937
22118740,中古マンション等,,22101,静岡県,静岡市葵区,長沼,静岡,,３ＬＤＫ,75,,,,平成15年,,住宅,,,,,,,,2006年第２四半期,未改装,,7.342422680822207
22010266,中古マンション等,,22131,静岡県,浜松市中区,寺島町,浜松,13,１Ｋ,20,,,,昭和64年,ＲＣ,住宅,住宅,,,,近隣商業地域,80.0,300.0,2017年第３四半期,未改装,,6.146128035678238
22002239,中古マンション等,,22101,静岡県,静岡市葵区,長沼,東静岡,0,,80,,,,平成26年,ＲＣ,,住宅,,,,商業地域,80.0,500.0,2017年第２四半期,,,7.544068044350276
22068556,中古マンション等,,22103,静岡県,静岡市清水区,西久保,清水(静岡),25,３ＬＤＫ,110,,,,平成12年,ＲＣ,住宅,,,,,第１種住居地域,60.0,200.0,2012年第４四半期,改装済,,7.361727836017593
22129576,中古マンション等,,22211,静岡県,磐田市,中泉,磐田,3,４ＬＤＫ,100,,,,平成19年,ＲＣ,住宅,,,,,商業地域,80.0,400.0,2007年第３四半期,未改装,,7.518513939877887
22057983,中古マンション等,,22131,静岡県,浜松市中区,中島,浜松,15,３ＬＤＫ,60,,,,昭和64年,ＳＲＣ,住宅,,,,,第１種住居地域,60.0,200.0,2010年第４四半期,改装済,,6.845098040014257
22071390,中古マンション等,,22131,静岡県,浜松市中区,住吉,浜松,30分?60分,３ＬＤＫ,100,,,,,ＳＲＣ,住宅,,,,,第２種中高層住居専用地域,60.0,200.0,2012年第２四半期,未改装,,7.361727836017593
22080366,中古マンション等,,22135,静岡県,浜松市北区,三ヶ日町都筑,都筑,30分?60分,１ＬＤＫ,70,,,,平成2年,ＳＲＣ,住宅,,,,,市街化調整区域,60.0,200.0,2012年第２四半期,未改装,,6.301029995663981
22103307,中古マンション等,,22203,静岡県,沼津市,岡一色,沼津,30分?60分,４ＬＤＫ,95,,,,,ＲＣ,住宅,,,,,第１種住居地域,60.0,200.0,2009年第４四半期,未改装,,7.505149978319906
22056611,中古マンション等,,22131,静岡県,浜松市中区,上島,浜松,30分?60分,３ＬＤＫ,95,,,,平成15年,ＳＲＣ,住宅,,,,,第１種住居地域,60.0,200.0,2010年第１四半期,改装済,,7.414973347970818
22058431,中古マンション等,,22131,静岡県,浜松市中区,葵東,浜松,1H?1H30,１ＬＤＫ,75,,,,平成11年,ＲＣ,住宅,,,,,近隣商業地域,80.0,300.0,2011年第２四半期,未改装,,7.204119982655925
22073008,中古マンション等,,22206,静岡県,三島市,本町,三島広小路,3,２ＬＤＫ,90,,,,平成17年,ＲＣ,住宅,,,,,近隣商業地域,80.0,200.0,2011年第１四半期,,,7.505149978319906
22055153,中古マンション等,,22131,静岡県,浜松市中区,高町,浜松,16,３ＬＤＫ,90,,,,平成14年,ＳＲＣ,住宅,,,,,,,,2014年第１四半期,未改装,,7.414973347970818
22031917,中古マンション等,,22210,静岡県,富士市,御幸町,吉原本町,7,４ＬＤＫ,85,,,,平成31年,ＲＣ,住宅,住宅,,,,近隣商業地域,80.0,300.0,2019年第３四半期,,,7.6020599913279625
22055632,中古マンション等,,22131,静岡県,浜松市中区,西伊場町,浜松,30分?60分,４ＬＤＫ,75,,,,昭和58年,ＲＣ,住宅,住宅,,,,第１種中高層住居専用地域,60.0,200.0,2014年第４四半期,改装済,,6.903089986991944
22124674,中古マンション等,,22135,静岡県,浜松市北区,三ヶ日町都筑,都筑,24,２ＬＤＫ,60,,,,昭和59年,ＲＣ,住宅,,,,,市街化調整区域,60.0,200.0,2008年第４四半期,改装済,,6.8750612633917
22124712,中古マンション等,,22135,静岡県,浜松市北区,三ヶ日町都筑,東都筑,26,１ＬＤＫ,120,,,,平成2年,ＳＲＣ,住宅,,,,,市街化調整区域,60.0,200.0,2007年第２四半期,未改装,,7.113943352306837
22001163,中古マンション等,,22101,静岡県,静岡市葵区,駒形通,静岡,21,２ＬＤＫ,55,,,,平成3年,ＳＲＣ,,住宅,,,,商業地域,80.0,400.0,2018年第４四半期,未改装,,7.079181246047625
22124264,中古マンション等,,22134,静岡県,浜松市南区,本郷町,浜松,30分?60分,３ＬＤＫ,65,,,,平成10年,ＲＣ,住宅,,,,,第２種中高層住居専用地域,60.0,200.0,2008年第１四半期,未改装,,7.113943352306837
22011633,中古マンション等,,22131,静岡県,浜松市中区,和合町,浜松,1H?1H30,２ＬＤＫ,55,,,,,,,,,,,第１種住居地域,60.0,200.0,2020年第２四半期,未改装,,7.113943352306837
22024692,中古マンション等,,22207,静岡県,富士宮市,小泉,源道寺,9,４ＬＤＫ,85,,,,平成4年,ＲＣ,住宅,住宅,,,,第１種住居地域,60.0,200.0,2018年第２四半期,未改装,,6.698970004336019
22010632,中古マンション等,,22131,静岡県,浜松市中区,中島,浜松,14,１ＬＤＫ,20,,,,平成3年,ＲＣ,,その他,,,,近隣商業地域,80.0,200.0,2018年第４四半期,改装済,,6.3979400086720375
22108424,中古マンション等,,22211,静岡県,磐田市,中泉,磐田,2,３ＬＤＫ,75,,,,平成19年,ＲＣ,住宅,,,,,商業地域,80.0,400.0,2013年第３四半期,未改装,,7.301029995663981
22061650,中古マンション等,,22101,静岡県,静岡市葵区,春日,静岡,20,２ＤＫ,50,,,,昭和47年,ＲＣ,住宅,,,,,第１種住居地域,60.0,200.0,2012年第２四半期,未改装,,6.431363764158987
22023369,中古マンション等,,22206,静岡県,三島市,徳倉,三島,30分?60分,３ＬＤＫ,85,,,,平成3年,ＳＲＣ,住宅,住宅,,,,第１種中高層住居専用地域,60.0,200.0,2018年第３四半期,未改装,,7.146128035678238
22062520,中古マンション等,,22101,静岡県,静岡市葵区,新通,静岡,25,４ＬＤＫ,70,,,,平成11年,ＲＣ,住宅,,,,,近隣商業地域,80.0,300.0,2012年第４四半期,未改装,,7.3222192947339195
22009180,中古マンション等,,22131,静岡県,浜松市中区,幸,浜松,30分?60分,３ＬＤＫ,70,,,,平成6年,ＲＣ,住宅,住宅,,,,第１種中高層住居専用地域,60.0,200.0,2018年第１四半期,未改装,,7.041392685158225
22051108,中古マンション等,,22101,静岡県,静岡市葵区,常磐町,静岡,9,４ＬＤＫ,95,,,,平成10年,ＲＣ,住宅,住宅,,,,商業地域,80.0,500.0,2014年第２四半期,未改装,,7.4623979978989565
22032371,中古マンション等,,22211,静岡県,磐田市,今之浦,磐田,24,３ＬＤＫ,60,,,,,,,住宅,,,,第１種住居地域,60.0,200.0,2019年第４四半期,未改装,,7.230448921378274
22081372,中古マンション等,,22212,静岡県,焼津市,本町,焼津,15,４ＬＤＫ,90,,,,平成2年,ＳＲＣ,住宅,住宅,,,,近隣商業地域,80.0,200.0,2014年第３四半期,未改装,,7.079181246047625
22057194,中古マンション等,,22102,静岡県,静岡市駿河区,稲川,静岡,6,３ＬＤＫ,65,,,,平成21年,ＲＣ,住宅,住宅,,,,商業地域,80.0,400.0,2015年第２四半期,未改装,,7.431363764158987
22118544,中古マンション等,,22101,静岡県,静岡市葵区,瀬名中央,草薙(ＪＲ),30分?60分,３ＬＤＫ,75,,,,平成7年,ＲＣ,住宅,,,,,第２種中高層住居専用地域,60.0,200.0,2007年第２四半期,未改装,,7.278753600952829
22000428,中古マンション等,,22101,静岡県,静岡市葵区,大岩町,静岡,30分?60分,,55,,,,平成4年,ＲＣ,住宅,住宅,,,,第２種住居地域,60.0,200.0,2017年第２四半期,未改装,調停・競売等,6.845098040014257
22103309,中古マンション等,,22203,静岡県,沼津市,岡一色,沼津,30分?60分,３ＬＤＫ,70,,,,平成3年,ＳＲＣ,住宅,,,,,第１種住居地域,60.0,200.0,2009年第４四半期,未改装,,7.176091259055681
22052951,中古マンション等,,22101,静岡県,静岡市葵区,北安東,静岡,30分?60分,３ＬＤＫ,70,,,,平成9年,ＲＣ,住宅,,,,,第２種中高層住居専用地域,60.0,200.0,2011年第３四半期,,調停・競売等,7.113943352306837
22077404,中古マンション等,,22206,静岡県,三島市,本町,三島広小路,2,３ＬＤＫ,70,,,,平成23年,ＲＣ,住宅,住宅,,,,商業地域,80.0,400.0,2015年第２四半期,未改装,,7.505149978319906
22075186,中古マンション等,,22203,静岡県,沼津市,東間門,沼津,16,３ＬＤＫ,75,,,,平成9年,ＲＣ,住宅,住宅,,,,準工業地域,60.0,200.0,2015年第１四半期,改装済,,7.146128035678238
22011551,中古マンション等,,22131,静岡県,浜松市中区,連尺町,浜松,10,１ＤＫ,20,,,,昭和56年,ＳＲＣ,住宅,住宅,,,,商業地域,80.0,600.0,2019年第４四半期,未改装,,6.531478917042255
22118489,中古マンション等,,22101,静岡県,静岡市葵区,瀬名,静岡,,３ＬＤＫ,45,,,,昭和48年,,住宅,,,,,,,,2006年第４四半期,未改装,,6.568201724066995
22057641,中古マンション等,,22131,静岡県,浜松市中区,田町,浜松,12,２ＬＤＫ,70,,,,平成18年,ＲＣ,住宅,,,,,商業地域,80.0,600.0,2010年第４四半期,未改装,,7.544068044350276
22008377,中古マンション等,,22131,静岡県,浜松市中区,葵東,浜松,1H30?2H,３ＬＤＫ,80,,,,平成15年,ＲＣ,,,,,,近隣商業地域,80.0,300.0,2018年第３四半期,未改装,調停・競売等,7.113943352306837
22070738,中古マンション等,,22101,静岡県,静岡市葵区,馬場町,静岡,16,３ＬＤＫ,75,,,,平成15年,ＳＲＣ,住宅,,,,,商業地域,80.0,400.0,2013年第３四半期,未改装,,7.414973347970818
22099308,中古マンション等,,22207,静岡県,富士宮市,大宮町,富士宮,10,１ＤＫ,50,,,,,ＳＲＣ,住宅,,,,,,,,2013年第３四半期,,,6.924279286061882
22008697,中古マンション等,,22131,静岡県,浜松市中区,上島,上島,7,３ＬＤＫ,75,,,,平成15年,ＳＲＣ,住宅,住宅,,,,第１種住居地域,60.0,200.0,2017年第２四半期,改装済,,7.278753600952829
22066133,中古マンション等,,22133,静岡県,浜松市西区,入野町,浜松,1H?1H30,３ＬＤＫ,65,,,,平成14年,ＲＣ,住宅,事務所,,,,第１種住居地域,60.0,200.0,2015年第１四半期,未改装,,7.146128035678238
22068751,中古マンション等,,22206,静岡県,三島市,徳倉,三島,30分?60分,３ＬＤＫ,65,,,,昭和62年,ＲＣ,住宅,,,,,第１種中高層住居専用地域,60.0,150.0,2010年第２四半期,,,6.770852011642144
22021017,中古マンション等,,22203,静岡県,沼津市,下香貫,沼津,30分?60分,３ＬＤＫ,65,,,,平成2年,ＲＣ,,住宅,,,,第１種住居地域,60.0,200.0,2020年第２四半期,未改装,,6.698970004336019
22068189,中古マンション等,,22103,静岡県,静岡市清水区,千歳町,清水(静岡),19,４ＬＤＫ,95,,,,平成14年,ＳＲＣ,住宅,,,,,商業地域,80.0,400.0,2012年第１四半期,改装済,,7.380211241711606
22083939,中古マンション等,,22102,静岡県,静岡市駿河区,西中原,静岡,25,１ＤＫ,30,,,,昭和48年,ＳＲＣ,住宅,,,,,近隣商業地域,80.0,200.0,2009年第２四半期,改装済,,6.176091259055681
22119239,中古マンション等,,22101,静岡県,静岡市葵区,竜南,静岡,30分?60分,３ＬＤＫ,65,,,,平成19年,ＲＣ,住宅,,,,,第２種中高層住居専用地域,60.0,200.0,2008年第１四半期,,,7.380211241711606
22011764,中古マンション等,,22131,静岡県,浜松市中区,和地山,浜松,30分?60分,１ＤＫ,25,,,,昭和49年,ＳＲＣ,住宅,住宅,,,,近隣商業地域,80.0,200.0,2020年第１四半期,改装済,,6.176091259055681
22051433,中古マンション等,,22101,静岡県,静岡市葵区,春日,静岡,23,２ＬＤＫ,65,,,,昭和48年,ＳＲＣ,住宅,,,,,第２種住居地域,60.0,200.0,2010年第４四半期,未改装,,6.672097857935717
22021177,中古マンション等,,22203,静岡県,沼津市,新宿町,沼津,7,２ＬＤＫ,65,,,,昭和59年,ＳＲＣ,住宅,住宅,,,,商業地域,80.0,400.0,2019年第１四半期,未改装,,6.812913356642856
22104695,中古マンション等,,22203,静岡県,沼津市,御幸町,沼津,14,２ＬＤＫ,55,,,,昭和61年,ＳＲＣ,住宅,,,,,近隣商業地域,80.0,200.0,2009年第３四半期,未改装,,6.6020599913279625
22001439,中古マンション等,,22101,静岡県,静岡市葵区,新通,静岡,25,４ＬＤＫ,70,,,,平成11年,ＲＣ,住宅,住宅,,,,近隣商業地域,80.0,300.0,2018年第１四半期,未改装,,7.278753600952829
22130069,中古マンション等,,22212,静岡県,焼津市,栄町,焼津,3,３ＬＤＫ,70,,,,平成15年,ＳＲＣ,住宅,,,,,商業地域,80.0,400.0,2007年第４四半期,未改装,,7.278753600952829
22032386,中古マンション等,,22211,静岡県,磐田市,今之浦,磐田,18,３ＬＤＫ,60,,,,平成2年,ＲＣ,,住宅,,,,第２種住居地域,60.0,200.0,2017年第３四半期,未改装,,7.0
22120216,中古マンション等,,22102,静岡県,静岡市駿河区,聖一色,静岡,30分?60分,３ＬＤＫ,75,,,,昭和50年,ＲＣ,住宅,,,,,第２種中高層住居専用地域,60.0,200.0,2008年第４四半期,未改装,,6.698970004336019
22070405,中古マンション等,,22131,静岡県,浜松市中区,鴨江,浜松,30分?60分,１Ｋ,20,,,,昭和59年,ＲＣ,住宅,,,,,第１種中高層住居専用地域,60.0,200.0,2012年第４四半期,,,6.477121254719663
22010588,中古マンション等,,22131,静岡県,浜松市中区,中沢町,浜松,28,２Ｋ,25,,,,平成3年,,住宅,住宅,,,,商業地域,80.0,400.0,2017年第４四半期,未改装,,6.0
22002183,中古マンション等,,22101,静岡県,静岡市葵区,常磐町,静岡,12,３ＬＤＫ,70,,,,平成9年,ＲＣ,住宅,住宅,,,,商業地域,80.0,400.0,2017年第１四半期,改装済,,7.361727836017593
22081458,中古マンション等,,22131,静岡県,浜松市中区,東伊場,浜松,24,３ＬＤＫ,70,,,,昭和62年,ＳＲＣ,住宅,,,,,近隣商業地域,80.0,300.0,2013年第２四半期,改装済,,6.770852011642144
22083339,中古マンション等,,22132,静岡県,浜松市東区,上西町,天竜川,30分?60分,３ＬＤＫ,70,,,,平成15年,ＲＣ,住宅,,,,,工業地域,60.0,200.0,2013年第３四半期,未改装,,7.176091259055681
22008822,中古マンション等,,22131,静岡県,浜松市中区,上島,浜松,30分?60分,３ＬＤＫ,95,,,,平成15年,ＳＲＣ,住宅,住宅,,,,第１種住居地域,60.0,200.0,2016年第３四半期,改装済,,7.491361693834273
22005187,中古マンション等,,22102,静岡県,静岡市駿河区,馬渕,静岡,9,３ＬＤＫ,90,,,,平成19年,ＳＲＣ,住宅,住宅,,,,近隣商業地域,80.0,300.0,2016年第３四半期,未改装,,7.5910646070264995
22000461,中古マンション等,,22101,静岡県,静岡市葵区,大岩宮下町,静岡,29,３ＬＤＫ,70,,,,平成18年,ＲＣ,住宅,住宅,,,,第２種中高層住居専用地域,60.0,200.0,2018年第１四半期,未改装,,7.361727836017593
22069844,中古マンション等,,22135,静岡県,浜松市北区,三ヶ日町大崎,都筑,30分?60分,１ＬＤＫ,40,,,,昭和61年,ＲＣ,住宅,その他,,,,市街化調整区域,60.0,200.0,2015年第１四半期,未改装,,5.903089986991944
22106159,中古マンション等,,22206,静岡県,三島市,広小路町,三島広小路,3,３ＬＤＫ,60,,,,平成20年,ＲＣ,住宅,,,,,商業地域,80.0,400.0,2009年第３四半期,未改装,,7.380211241711606
22118311,中古マンション等,,22101,静岡県,静岡市葵区,七間町,静岡,,３ＬＤＫ,75,,,,平成14年,ＳＲＣ,住宅,,,,,商業地域,80.0,600.0,2006年第４四半期,未改装,,7.544068044350276
22129067,中古マンション等,,22210,静岡県,富士市,水戸島,富士,11,４ＬＤＫ,90,,,,平成2年,ＳＲＣ,住宅,,,,,第２種住居地域,60.0,200.0,2008年第４四半期,未改装,,7.113943352306837
22086679,中古マンション等,,22213,静岡県,掛川市,南,掛川,2,４ＬＤＫ,90,,,,平成16年,ＲＣ,住宅,,,,,商業地域,80.0,400.0,2010年第３四半期,未改装,,7.3979400086720375
22064467,中古マンション等,,22203,静岡県,沼津市,杉崎町,沼津,10,３ＬＤＫ,60,,,,,ＲＣ,住宅,住宅,,,,第２種住居地域,60.0,200.0,2014年第４四半期,,,6.724275869600789
22063387,中古マンション等,,22101,静岡県,静岡市葵区,長沼,東静岡,11,４ＬＤＫ,110,,,,平成15年,ＲＣ,住宅,,,,,第１種住居地域,60.0,200.0,2012年第２四半期,未改装,,7.3979400086720375
22057434,中古マンション等,,22131,静岡県,浜松市中区,高丘北,浜松,1H30?2H,３ＬＤＫ,90,,,,平成3年,ＲＣ,住宅,,,,,第１種住居地域,60.0,200.0,2010年第４四半期,未改装,,7.079181246047625
22078242,中古マンション等,,22101,静岡県,静岡市葵区,上足洗,静岡,30分?60分,２ＬＤＫ,60,,,,平成10年,ＲＣ,住宅,,,,,第２種中高層住居専用地域,60.0,200.0,2009年第２四半期,改装済,,7.230448921378274
22052972,中古マンション等,,22103,静岡県,静岡市清水区,草薙,草薙(ＪＲ),16,３ＬＤＫ,75,,,,平成12年,ＲＣ,住宅,住宅,,,,第１種低層住居専用地域,40.0,80.0,2014年第４四半期,未改装,,7.204119982655925
22021208,中古マンション等,,22203,静岡県,沼津市,杉崎町,沼津,14,３ＬＤＫ,70,,,,平成9年,ＳＲＣ,住宅,住宅,,,,第２種住居地域,60.0,200.0,2017年第４四半期,未改装,,6.799340549453582
22000512,中古マンション等,,22101,静岡県,静岡市葵区,春日,春日町,3,３ＬＤＫ,50,,,,昭和47年,ＳＲＣ,住宅,住宅,,,,第２種住居地域,60.0,200.0,2020年第１四半期,未改装,,6.6020599913279625
22106817,中古マンション等,,22210,静岡県,富士市,水戸島本町,富士,6,１ＬＤＫ,30,,,,平成4年,ＳＲＣ,住宅,,,,,近隣商業地域,80.0,300.0,2013年第２四半期,未改装,,6.568201724066995
22010500,中古マンション等,,22131,静岡県,浜松市中区,富塚町,浜松,30分?60分,４ＬＤＫ,100,,,,平成5年,ＲＣ,住宅,住宅,,,,第１種低層住居専用地域,40.0,60.0,2017年第２四半期,未改装,,7.0
22080289,中古マンション等,,22101,静岡県,静岡市葵区,伝馬町,静岡,9,２ＬＤＫ,65,,,,平成12年,ＳＲＣ,住宅,,,,,商業地域,80.0,500.0,2009年第４四半期,改装済,,7.3222192947339195
22074586,中古マンション等,,22203,静岡県,沼津市,高沢町,沼津,8,２ＬＤＫ,50,,,,,ＳＲＣ,住宅,住宅,,,,商業地域,80.0,400.0,2015年第３四半期,未改装,,6.301029995663981
22129638,中古マンション等,,22211,静岡県,磐田市,一言,磐田,30分?60分,４ＬＤＫ,80,,,,平成5年,ＳＲＣ,住宅,,,,,市街化調整区域,60.0,200.0,2008年第４四半期,未改装,,6.963787827345556
22001142,中古マンション等,,22101,静岡県,静岡市葵区,呉服町,静岡,13,３ＬＤＫ,90,,,,平成26年,ＲＣ,住宅,住宅,,,,商業地域,80.0,600.0,2016年第３四半期,未改装,,7.832508912706237
22059115,中古マンション等,,22103,静岡県,静岡市清水区,永楽町,清水(静岡),13,４ＬＤＫ,85,,,,平成16年,ＲＣ,住宅,住宅,,,,工業地域,60.0,200.0,2015年第４四半期,未改装,,7.301029995663981
22015238,中古マンション等,,22134,静岡県,浜松市南区,恩地町,浜松,30分?60分,３ＬＤＫ,70,,,,昭和58年,,住宅,住宅,,,,第１種住居地域,60.0,200.0,2020年第１四半期,改装済,,6.799340549453582
22099126,中古マンション等,,22210,静岡県,富士市,広見西本町,富士,1H?1H30,２ＬＤＫ＋Ｓ,80,,,,平成5年,ＲＣ,住宅,,,,,第１種中高層住居専用地域,50.0,100.0,2012年第２四半期,改装済,,7.230448921378274
22056179,中古マンション等,,22131,静岡県,浜松市中区,山手町,浜松,30分?60分,３ＬＤＫ,70,,,,平成9年,ＳＲＣ,住宅,,,,,第１種中高層住居専用地域,60.0,200.0,2014年第１四半期,改装済,,7.041392685158225
22121736,中古マンション等,,22103,静岡県,静岡市清水区,松原町,清水(静岡),15,３ＬＤＫ,75,,,,平成18年,,住宅,,,,,,,,2006年第２四半期,未改装,,7.447158031342219
22008771,中古マンション等,,22131,静岡県,浜松市中区,上島,浜松,1H?1H30,３ＬＤＫ,70,,,,昭和63年,ＲＣ,,住宅,,,,第１種中高層住居専用地域,60.0,200.0,2018年第１四半期,未改装,,6.863322860120456
22054762,中古マンション等,,22131,静岡県,浜松市中区,新津町,浜松,30分?60分,４ＬＤＫ,90,,,,平成8年,ＲＣ,住宅,住宅,,,,第１種住居地域,60.0,200.0,2014年第３四半期,未改装,,7.230448921378274
22073148,中古マンション等,,22102,静岡県,静岡市駿河区,豊田,静岡,29,３ＬＤＫ,80,,,,平成20年,ＲＣ,住宅,,,,,工業地域,60.0,200.0,2013年第３四半期,未改装,,7.361727836017593
22058807,中古マンション等,,22132,静岡県,浜松市東区,安間町,浜松,1H?1H30,３ＬＤＫ,80,,,,平成4年,ＲＣ,住宅,,,,,第１種住居地域,60.0,200.0,2010年第１四半期,未改装,,6.977723605288848
22068793,中古マンション等,,22103,静岡県,静岡市清水区,松原町,清水(静岡),19,４ＬＤＫ,85,,,,平成18年,ＲＣ,住宅,,,,,商業地域,80.0,400.0,2012年第３四半期,未改装,調停・競売等,7.146128035678238
22009164,中古マンション等,,22131,静岡県,浜松市中区,幸,浜松,30分?60分,３ＬＤＫ,65,,,,平成19年,ＲＣ,,住宅,,,,第２種住居地域,60.0,200.0,2019年第１四半期,未改装,,7.2552725051033065
22012094,中古マンション等,,22132,静岡県,浜松市東区,植松町,浜松,30分?60分,３ＬＤＫ,70,,,,平成11年,ＲＣ,住宅,住宅,,,,第１種住居地域,60.0,200.0,2020年第３四半期,未改装,,7.041392685158225
22000987,中古マンション等,,22101,静岡県,静岡市葵区,北安東,静岡,30分?60分,３ＬＤＫ,70,,,,平成8年,ＲＣ,住宅,住宅,,,,第２種中高層住居専用地域,60.0,200.0,2017年第３四半期,未改装,,7.146128035678238
22011111,中古マンション等,,22131,静岡県,浜松市中区,東伊場,浜松,24,４ＬＤＫ,90,,,,平成24年,ＲＣ,住宅,住宅,,,,第２種住居地域,60.0,200.0,2016年第２四半期,未改装,,7.477121254719663
22008412,中古マンション等,,22131,静岡県,浜松市中区,旭町,浜松,3,３ＬＤＫ,80,,,,令和2年,ＲＣ,住宅,住宅,,,,商業地域,80.0,600.0,2019年第１四半期,未改装,,7.643452676486188
22059765,中古マンション等,,22131,静岡県,浜松市中区,中央,浜松,6,３ＬＤＫ,75,,,,平成19年,ＲＣ,住宅,,,,,商業地域,80.0,400.0,2011年第３四半期,未改装,,7.491361693834273
22084959,中古マンション等,,22210,静岡県,富士市,今泉,本吉原,5,２ＬＤＫ,65,,,,平成18年,ＲＣ,住宅,住宅,,,,工業地域,60.0,200.0,2015年第２四半期,未改装,,7.204119982655925
22021338,中古マンション等,,22203,静岡県,沼津市,高島町,沼津,5,オープンフロア,105,,,,平成2年,ＳＲＣ,その他,店舗,,,,商業地域,80.0,400.0,2017年第３四半期,未改装,,7.230448921378274
22089336,中古マンション等,,22206,静岡県,三島市,（大字なし）,三島,23,３ＬＤＫ,100,,,,平成13年,ＲＣ,住宅,,,,,第１種低層住居専用地域,50.0,80.0,2012年第４四半期,未改装,,7.3979400086720375
22068510,中古マンション等,,22101,静岡県,静岡市葵区,上足洗,静岡,30分?60分,３ＬＤＫ,75,,,,,ＲＣ,住宅,,,,,第２種中高層住居専用地域,60.0,200.0,2013年第４四半期,改装済,,7.278753600952829
22096401,中古マンション等,,22214,静岡県,藤枝市,駅前,藤枝,4,３ＬＤＫ,80,,,,平成18年,ＲＣ,住宅,住宅,,,,商業地域,80.0,400.0,2015年第３四半期,未改装,,7.361727836017593
22022197,中古マンション等,,22203,静岡県,沼津市,吉田町,沼津,21,３ＬＤＫ,65,,,,昭和57年,,住宅,住宅,,,,準工業地域,60.0,200.0,2018年第３四半期,未改装,,6.812913356642856
22086175,中古マンション等,,22210,静岡県,富士市,蓼原,富士,28,３ＬＤＫ,70,,,,,ＲＣ,住宅,住宅,,,,工業地域,60.0,200.0,2015年第２四半期,改装済,,7.3222192947339195
22004695,中古マンション等,,22102,静岡県,静岡市駿河区,中原,静岡,28,４ＬＤＫ,75,,,,,ＲＣ,住宅,住宅,,,,準住居地域,60.0,200.0,2016年第２四半期,未改装,,7.3222192947339195
22058975,中古マンション等,,22131,静岡県,浜松市中区,幸,浜松,30分?60分,３ＬＤＫ,80,,,,平成19年,ＲＣ,住宅,,,,,第２種住居地域,60.0,200.0,2011年第２四半期,未改装,,7.204119982655925
22031958,中古マンション等,,22210,静岡県,富士市,元町,富士,8,３ＬＤＫ,55,,,,,ＳＲＣ,住宅,住宅,,,,近隣商業地域,80.0,200.0,2019年第４四半期,未改装,,6.698970004336019
22122621,中古マンション等,,22131,静岡県,浜松市中区,寺島町,浜松,12,１Ｋ,20,,,,昭和64年,ＲＣ,住宅,,,,,近隣商業地域,80.0,300.0,2007年第２四半期,未改装,,6.3979400086720375
22123889,中古マンション等,,22133,静岡県,浜松市西区,舞阪町弁天島,弁天島,11,３ＬＤＫ,70,,,,昭和49年,ＲＣ,住宅,,,,,商業地域,80.0,400.0,2007年第１四半期,改装済,,6.301029995663981
22015976,中古マンション等,,22134,静岡県,浜松市南区,東若林町,浜松,30分?60分,１Ｋ,20,,,,平成2年,,,住宅,,,,第１種住居地域,60.0,200.0,2017年第４四半期,未改装,,5.903089986991944
22007151,中古マンション等,,22103,静岡県,静岡市清水区,辻,清水(静岡),1,１ＬＤＫ,55,,,,平成24年,ＳＲＣ,,住宅,,,,商業地域,80.0,500.0,2019年第４四半期,未改装,,7.4623979978989565
22082069,中古マンション等,,22131,静岡県,浜松市中区,龍禅寺町,浜松,12,２ＬＤＫ,50,,,,平成2年,ＳＲＣ,住宅,,,,,近隣商業地域,80.0,300.0,2013年第１四半期,未改装,,6.845098040014257
22001295,中古マンション等,,22101,静岡県,静岡市葵区,七間町,静岡,13,３ＬＤＫ,90,,,,平成27年,ＲＣ,,住宅,,,,商業地域,80.0,600.0,2018年第３四半期,未改装,,7.724275869600789
22088171,中古マンション等,,22206,静岡県,三島市,北田町,三島,18,３ＬＤＫ,65,,,,平成10年,ＲＣ,住宅,,,,,近隣商業地域,80.0,200.0,2012年第４四半期,改装済,,7.278753600952829
22002186,中古マンション等,,22101,静岡県,静岡市葵区,常磐町,静岡,8,１Ｋ,25,,,,平成9年,ＳＲＣ,住宅,住宅,,,,商業地域,80.0,500.0,2016年第１四半期,改装済,,6.869231719730976
22021379,中古マンション等,,22203,静岡県,沼津市,常盤町,沼津,24,３ＤＫ,55,,,,,,,,,,,,,,2017年第３四半期,,,6.778151250383644
22038436,中古マンション等,,22214,静岡県,藤枝市,大手,藤枝,30分?60分,２ＬＤＫ＋Ｓ,60,,,,平成7年,,,住宅,,,,近隣商業地域,80.0,200.0,2020年第２四半期,,,7.0
22001892,中古マンション等,,22101,静岡県,静岡市葵区,鷹匠,静岡,14,１Ｋ,20,,,,昭和62年,ＲＣ,住宅,住宅,,,,商業地域,80.0,400.0,2019年第１四半期,改装済,,6.301029995663981
22078970,中古マンション等,,22210,静岡県,富士市,水戸島本町,富士,6,１Ｋ,15,,,,平成4年,ＳＲＣ,住宅,,,,,近隣商業地域,80.0,300.0,2010年第１四半期,,,6.301029995663981
22000463,中古マンション等,,22101,静岡県,静岡市葵区,太田町,静岡,21,１ＤＫ,50,,,,平成19年,,住宅,住宅,,,,近隣商業地域,80.0,300.0,2019年第３四半期,未改装,,7.230448921378274
22091828,中古マンション等,,22131,静岡県,浜松市中区,西浅田,浜松,23,３ＬＤＫ,60,,,,平成3年,ＳＲＣ,住宅,,,,,近隣商業地域,80.0,300.0,2009年第１四半期,未改装,,6.913813852383717
22090563,中古マンション等,,22131,静岡県,浜松市中区,住吉,浜松,30分?60分,３ＬＤＫ,65,,,,平成17年,ＲＣ,住宅,,,,,第２種中高層住居専用地域,60.0,200.0,2009年第１四半期,未改装,,7.278753600952829
22018288,中古マンション等,,22136,静岡県,浜松市浜北区,貴布祢,浜北,5,４ＬＤＫ,95,,,,平成10年,ＲＣ,住宅,住宅,,,,商業地域,80.0,200.0,2019年第４四半期,未改装,,7.230448921378274
22060894,中古マンション等,,22135,静岡県,浜松市北区,三ヶ日町都筑,都筑,20,１ＬＤＫ,50,,,,平成2年,ＳＲＣ,住宅,,,,,市街化調整区域,60.0,200.0,2014年第１四半期,未改装,,6.653212513775344
22122591,中古マンション等,,22131,静岡県,浜松市中区,中央,浜松,9,３ＬＤＫ,75,,,,平成12年,ＲＣ,住宅,,,,,商業地域,80.0,400.0,2008年第４四半期,未改装,,7.3979400086720375
22023674,中古マンション等,,22206,静岡県,三島市,広小路町,三島広小路,3,１Ｋ,40,,,,平成20年,ＲＣ,,住宅,,,,近隣商業地域,80.0,200.0,2019年第１四半期,,,7.176091259055681
22068421,中古マンション等,,22134,静岡県,浜松市南区,三島町,浜松,21,３ＬＤＫ,95,,,,平成20年,ＲＣ,住宅,住宅,,,,第１種住居地域,60.0,200.0,2015年第１四半期,,,7.176091259055681
22006397,中古マンション等,,22103,静岡県,静岡市清水区,神田町,清水(静岡),30分?60分,２ＬＤＫ,60,,,,平成10年,ＲＣ,,住宅,,,,第１種住居地域,60.0,200.0,2018年第３四半期,改装済,,7.113943352306837
22008550,中古マンション等,,22131,静岡県,浜松市中区,板屋町,浜松,5,,90,,,,,,,住宅,,,,商業地域,80.0,600.0,2019年第２四半期,改装済,,7.6020599913279625
22018294,中古マンション等,,22136,静岡県,浜松市浜北区,貴布祢,浜北,0,４ＬＤＫ,90,,,,平成13年,ＲＣ,住宅,住宅,,,,商業地域,80.0,400.0,2018年第４四半期,未改装,,7.342422680822207
22059552,中古マンション等,,22131,静岡県,浜松市中区,高丘北,浜松,1H30?2H,３ＬＤＫ,90,,,,平成3年,ＲＣ,住宅,,,,,第１種住居地域,60.0,200.0,2011年第４四半期,未改装,,7.041392685158225
22005020,中古マンション等,,22102,静岡県,静岡市駿河区,曲金,静岡,23,３ＬＤＫ,75,,,,平成3年,ＲＣ,,住宅,,,,工業地域,60.0,200.0,2019年第４四半期,,,7.176091259055681
22087302,中古マンション等,,22103,静岡県,静岡市清水区,天神,清水(静岡),14,３ＬＤＫ,75,,,,平成10年,ＲＣ,住宅,,,,,第２種住居地域,60.0,200.0,2009年第３四半期,改装済,,7.278753600952829
22128712,中古マンション等,,22210,静岡県,富士市,伝法,富士,30分?60分,３ＬＤＫ,65,,,,平成5年,ＲＣ,住宅,,,,,第１種住居地域,60.0,200.0,2008年第１四半期,改装済,,6.954242509439325
22083815,中古マンション等,,22102,静岡県,静岡市駿河区,中原,静岡,30分?60分,３ＬＤＫ,65,,,,平成8年,ＲＣ,住宅,,,,,準工業地域,60.0,200.0,2009年第１四半期,改装済,,7.2552725051033065
22061269,中古マンション等,,22131,静岡県,浜松市中区,板屋町,浜松,6,２ＬＤＫ,95,,,,平成19年,ＲＣ,住宅,事務所,,,,商業地域,80.0,400.0,2015年第３四半期,改装済,,7.681241237375588
22057691,中古マンション等,,22103,静岡県,静岡市清水区,西久保,清水(静岡),20,２ＬＤＫ,75,,,,平成19年,ＲＣ,住宅,,,,,第２種住居地域,60.0,200.0,2011年第４四半期,未改装,,7.204119982655925
22032258,中古マンション等,,22210,静岡県,富士市,米之宮町,富士,21,３ＬＤＫ,90,,,,平成21年,ＲＣ,住宅,住宅,,,,第２種中高層住居専用地域,60.0,200.0,2019年第１四半期,,,7.491361693834273
22089926,中古マンション等,,22211,静岡県,磐田市,立野,豊田町,4,４ＬＤＫ,70,,,,,ＳＲＣ,住宅,住宅,,,,近隣商業地域,80.0,200.0,2015年第３四半期,未改装,,7.230448921378274
22055170,中古マンション等,,22131,静岡県,浜松市中区,田町,浜松,8,４ＬＤＫ,140,,,,平成18年,ＲＣ,住宅,住宅,,,,商業地域,80.0,600.0,2014年第２四半期,未改装,,6.8750612633917
22122123,中古マンション等,,22131,静岡県,浜松市中区,板屋町,浜松,7,３ＬＤＫ,120,,,,平成18年,ＳＲＣ,住宅,,,,,商業地域,80.0,400.0,2008年第２四半期,改装済,,7.7160033436347994
22013286,中古マンション等,,22132,静岡県,浜松市東区,原島町,天竜川,21,３ＬＤＫ,65,,,,平成3年,ＲＣ,住宅,住宅,,,,第１種住居地域,60.0,200.0,2017年第１四半期,未改装,,6.698970004336019
22054502,中古マンション等,,22101,静岡県,静岡市葵区,相生町,静岡,13,３ＬＤＫ,85,,,,平成19年,ＲＣ,住宅,住宅,,,,第２種住居地域,60.0,200.0,2015年第２四半期,未改装,,7.477121254719663
22131233,中古マンション等,,22214,静岡県,藤枝市,藤枝,藤枝,30分?60分,３ＬＤＫ,65,,,,平成7年,ＲＣ,住宅,,,,,近隣商業地域,80.0,300.0,2008年第２四半期,未改装,,7.0
22122087,中古マンション等,,22131,静岡県,浜松市中区,葵東,浜松,1H30?2H,３ＬＤＫ,65,,,,平成11年,ＲＣ,住宅,,,,,近隣商業地域,,,2007年第４四半期,未改装,,7.230448921378274
22020453,中古マンション等,,22203,静岡県,沼津市,大岡,三島,30分?60分,４ＬＤＫ,85,,,,平成15年,ＲＣ,住宅,住宅,,,,第１種住居地域,60.0,200.0,2019年第３四半期,未改装,,7.113943352306837
22094447,中古マンション等,,22203,静岡県,沼津市,志下,沼津,1H?1H30,２ＬＤＫ,75,,,,,ＳＲＣ,住宅,,,,,第１種住居地域,60.0,200.0,2013年第４四半期,未改装,,6.977723605288848
22106138,中古マンション等,,22206,静岡県,三島市,東本町,三島田町,6,３ＬＤＫ,70,,,,平成8年,ＲＣ,住宅,,,,,第１種住居地域,60.0,200.0,2009年第３四半期,未改装,,7.204119982655925
22064983,中古マンション等,,22203,静岡県,沼津市,東椎路,片浜,24,３ＬＤＫ,65,,,,平成6年,ＲＣ,住宅,住宅,,,,市街化調整区域,60.0,200.0,2014年第３四半期,未改装,,6.903089986991944
22058654,中古マンション等,,22131,静岡県,浜松市中区,和地山,浜松,30分?60分,２ＤＫ,40,,,,昭和47年,ＳＲＣ,住宅,,,,,第２種中高層住居専用地域,60.0,200.0,2010年第２四半期,改装済,,6.531478917042255
22053931,中古マンション等,,22102,静岡県,静岡市駿河区,見瀬,静岡,20,３ＬＤＫ,65,,,,平成2年,ＲＣ,住宅,,,,,第２種住居地域,60.0,200.0,2010年第３四半期,未改装,,6.977723605288848
22005092,中古マンション等,,22102,静岡県,静岡市駿河区,曲金,東静岡,5,３ＬＤＫ,75,,,,平成27年,ＲＣ,住宅,住宅,,,,商業地域,80.0,500.0,2018年第３四半期,未改装,,7.505149978319906
22069935,中古マンション等,,22135,静岡県,浜松市北区,三ヶ日町下尾奈,尾奈,16,１Ｒ,25,,,,昭和50年,ＲＣ,その他,その他,,,,市街化調整区域,60.0,200.0,2015年第３四半期,未改装,,5.0
22010737,中古マンション等,,22131,静岡県,浜松市中区,西浅田,浜松,20,３ＬＤＫ,55,,,,平成3年,,,住宅,,,,近隣商業地域,80.0,300.0,2018年第１四半期,未改装,,6.301029995663981
22086812,中古マンション等,,22203,静岡県,沼津市,三園町,沼津,21,３ＬＤＫ,70,,,,平成21年,ＲＣ,住宅,,,,,近隣商業地域,80.0,200.0,2012年第１四半期,未改装,調停・競売等,7.113943352306837
22057992,中古マンション等,,22131,静岡県,浜松市中区,中島,浜松,19,３ＬＤＫ,60,,,,,ＲＣ,住宅,,,,,第１種住居地域,60.0,200.0,2010年第１四半期,改装済,,7.079181246047625
22055909,中古マンション等,,22102,静岡県,静岡市駿河区,緑が丘町,静岡,30分?60分,３ＬＤＫ,70,,,,平成9年,ＲＣ,住宅,,,,,工業地域,60.0,200.0,2011年第１四半期,改装済,,7.278753600952829
22023410,中古マンション等,,22206,静岡県,三島市,徳倉,三島,30分?60分,３ＬＤＫ,85,,,,平成3年,ＳＲＣ,住宅,住宅,,,,第１種中高層住居専用地域,60.0,200.0,2016年第１四半期,改装済,,7.2552725051033065
22122523,中古マンション等,,22131,静岡県,浜松市中区,高丘北,浜松,1H30?2H,２ＬＤＫ,60,,,,平成20年,ＲＣ,住宅,,,,,第１種住居地域,60.0,200.0,2008年第１四半期,改装済,,7.278753600952829
22023046,中古マンション等,,22206,静岡県,三島市,加茂川町,三島,23,２ＬＤＫ,55,,,,平成8年,ＳＲＣ,住宅,住宅,,,,第２種住居地域,60.0,200.0,2016年第３四半期,改装済,,7.113943352306837
22021493,中古マンション等,,22203,静岡県,沼津市,西沢田,沼津,30分?60分,３ＬＤＫ,75,,,,平成18年,ＲＣ,住宅,,,,,工業地域,60.0,200.0,2019年第１四半期,未改装,調停・競売等,7.146128035678238
22002249,中古マンション等,,22101,静岡県,静岡市葵区,長沼,東静岡,2,３ＬＤＫ,75,,,,平成26年,ＲＣ,住宅,住宅,,,,商業地域,80.0,500.0,2016年第２四半期,未改装,,7.531478917042255
22125285,中古マンション等,,22203,静岡県,沼津市,上土町,沼津,9,３ＬＤＫ,75,,,,平成9年,ＳＲＣ,住宅,,,,,商業地域,80.0,400.0,2007年第４四半期,,,7.342422680822207
22010590,中古マンション等,,22131,静岡県,浜松市中区,中沢町,浜松,29,２Ｋ,25,,,,平成3年,ＲＣ,住宅,住宅,,,,商業地域,80.0,400.0,2017年第３四半期,未改装,,6.2552725051033065
22090550,中古マンション等,,22213,静岡県,掛川市,南,掛川,4,１Ｋ,20,,,,平成3年,ＲＣ,住宅,,,,,商業地域,80.0,400.0,2011年第３四半期,未改装,,5.845098040014257
22064774,中古マンション等,,22102,静岡県,静岡市駿河区,小黒,静岡,23,３ＬＤＫ,75,,,,平成12年,ＲＣ,住宅,,,,,近隣商業地域,80.0,200.0,2012年第２四半期,改装済,,7.278753600952829
22079371,中古マンション等,,22131,静岡県,浜松市中区,佐鳴台,浜松,30分?60分,４ＬＤＫ,90,,,,平成9年,ＲＣ,住宅,,,,,第１種中高層住居専用地域,60.0,200.0,2013年第１四半期,未改装,,7.278753600952829
22092595,中古マンション等,,22131,静岡県,浜松市中区,山手町,浜松,30分?60分,４Ｋ,80,,,,昭和48年,ＲＣ,住宅,,,,,第１種中高層住居専用地域,60.0,200.0,2009年第４四半期,未改装,,6.301029995663981
22121173,中古マンション等,,22103,静岡県,静岡市清水区,草薙,草薙(ＪＲ),11,３ＬＤＫ,65,,,,平成9年,ＲＣ,住宅,,,,,第１種住居地域,60.0,200.0,2007年第３四半期,改装済,,7.146128035678238
22018315,中古マンション等,,22136,静岡県,浜松市浜北区,貴布祢,浜北,4,１Ｋ,15,,,,平成3年,ＲＣ,住宅,住宅,,,,商業地域,80.0,400.0,2016年第１四半期,,,6.113943352306837
22088724,中古マンション等,,22211,静岡県,磐田市,今之浦,磐田,21,１ＤＫ,20,,,,昭和62年,鉄骨造,住宅,住宅,,,,第１種住居地域,60.0,200.0,2015年第１四半期,,,6.3979400086720375
22013029,中古マンション等,,22132,静岡県,浜松市東区,天龍川町,天竜川,3,３ＬＤＫ,60,,,,平成5年,ＳＲＣ,住宅,住宅,,,,近隣商業地域,80.0,300.0,2020年第２四半期,未改装,,7.041392685158225
22072733,中古マンション等,,22131,静岡県,浜松市中区,野口町,八幡(静岡),5,２ＬＤＫ,50,,,,昭和55年,ＲＣ,住宅,,,,,近隣商業地域,80.0,200.0,2012年第２四半期,未改装,,6.672097857935717
22087845,中古マンション等,,22210,静岡県,富士市,水戸島本町,富士,6,１Ｋ,15,,,,平成4年,ＳＲＣ,住宅,住宅,,,,近隣商業地域,80.0,300.0,2015年第４四半期,未改装,,6.301029995663981
22089296,中古マンション等,,22206,静岡県,三島市,谷田,三島,30分?60分,３ＬＤＫ,65,,,,平成14年,ＲＣ,住宅,,,,,第１種低層住居専用地域,50.0,80.0,2012年第３四半期,未改装,,7.041392685158225
22090102,中古マンション等,,22131,静岡県,浜松市中区,佐鳴台,浜松,30分?60分,１Ｋ,15,,,,昭和64年,ＲＣ,住宅,,,,,第１種中高層住居専用地域,60.0,200.0,2009年第３四半期,未改装,,6.113943352306837
22009187,中古マンション等,,22131,静岡県,浜松市中区,幸,浜松,1H?1H30,４ＬＤＫ,95,,,,平成3年,ＲＣ,住宅,その他,,,,第１種中高層住居専用地域,60.0,200.0,2017年第３四半期,未改装,,6.929418925714293
22120567,中古マンション等,,22102,静岡県,静岡市駿河区,桃園町,安倍川,,４ＬＤＫ,75,,,,平成8年,ＲＣ,住宅,,,,,第１種中高層住居専用地域,60.0,200.0,2006年第２四半期,未改装,,7.146128035678238
22075279,中古マンション等,,22210,静岡県,富士市,富士町,富士,4,３ＬＤＫ,70,,,,平成18年,ＲＣ,住宅,住宅,,,,商業地域,80.0,400.0,2014年第２四半期,改装済,,7.2552725051033065
22056895,中古マンション等,,22101,静岡県,静岡市葵区,横内町,静岡,18,２ＬＤＫ,75,,,,平成17年,ＲＣ,住宅,住宅,,,,商業地域,80.0,300.0,2015年第３四半期,改装済,,7.3979400086720375
22031218,中古マンション等,,22210,静岡県,富士市,富士町,富士,4,３ＬＤＫ,65,,,,平成18年,ＲＣ,住宅,住宅,,,,商業地域,80.0,400.0,2018年第３四半期,未改装,,7.204119982655925
22077102,中古マンション等,,22133,静岡県,浜松市西区,雄踏町宇布見,浜松,1H30?2H,３ＬＤＫ,70,,,,平成6年,ＳＲＣ,住宅,,,,,第２種中高層住居専用地域,60.0,200.0,2012年第４四半期,改装済,,7.079181246047625
22081450,中古マンション等,,22131,静岡県,浜松市中区,東伊場,浜松,24,２ＬＤＫ,75,,,,平成25年,ＲＣ,住宅,,,,,第２種住居地域,60.0,200.0,2013年第４四半期,未改装,,7.447158031342219
22005151,中古マンション等,,22102,静岡県,静岡市駿河区,馬渕,静岡,15,２ＬＤＫ,65,,,,昭和63年,ＲＣ,住宅,住宅,,,,第２種住居地域,60.0,200.0,2019年第１四半期,未改装,,7.079181246047625
22089210,中古マンション等,,22131,静岡県,浜松市中区,海老塚,浜松,8,１Ｋ,20,,,,平成4年,ＳＲＣ,住宅,,,,,商業地域,80.0,500.0,2009年第１四半期,改装済,,6.491361693834273
22056225,中古マンション等,,22101,静岡県,静岡市葵区,長沼,長沼(静岡),4,２ＬＤＫ,75,,,,平成14年,ＲＣ,住宅,住宅,,,,第１種住居地域,60.0,200.0,2015年第１四半期,改装済,,7.380211241711606
22033408,中古マンション等,,22211,静岡県,磐田市,立野,豊田町,2,３ＬＤＫ,65,,,,平成8年,ＳＲＣ,住宅,住宅,,,,近隣商業地域,80.0,200.0,2018年第２四半期,未改装,,7.176091259055681
22118301,中古マンション等,,22101,静岡県,静岡市葵区,三番町,静岡,28,２ＤＫ,50,,,,平成2年,ＲＣ,住宅,,,,,近隣商業地域,80.0,200.0,2008年第３四半期,改装済,,7.0
22110646,中古マンション等,,22213,静岡県,掛川市,中町,掛川,5,オープンフロア,30,,,,平成20年,ＲＣ,店舗,,,,,商業地域,80.0,400.0,2013年第２四半期,未改装,,6.653212513775344
22034873,中古マンション等,,22212,静岡県,焼津市,駅北,焼津,1,オープンフロア,40,,,,平成4年,ＳＲＣ,店舗,その他,,,,商業地域,80.0,400.0,2019年第４四半期,未改装,,6.653212513775344
22078339,中古マンション等,,22131,静岡県,浜松市中区,板屋町,浜松,3,１ＬＤＫ,55,,,,平成18年,ＲＣ,住宅,,,,,商業地域,80.0,600.0,2013年第４四半期,未改装,,7.447158031342219
22064549,中古マンション等,,22203,静岡県,沼津市,高沢町,沼津,7,,70,,,,,ＳＲＣ,住宅,住宅,,,,商業地域,80.0,400.0,2014年第３四半期,改装済,,7.342422680822207
22119247,中古マンション等,,22101,静岡県,静岡市葵区,竜南,静岡,30分?60分,３ＬＤＫ,80,,,,昭和63年,ＲＣ,住宅,,,,,第２種住居地域,60.0,200.0,2007年第４四半期,未改装,,7.113943352306837
22087974,中古マンション等,,22103,静岡県,静岡市清水区,本郷町,清水(静岡),6,１ＤＫ,30,,,,昭和49年,ＳＲＣ,住宅,,,,,商業地域,80.0,400.0,2009年第３四半期,未改装,,6.447158031342219
22080560,中古マンション等,,22212,静岡県,焼津市,塩津,焼津,14,２ＬＤＫ,50,,,,昭和59年,ＲＣ,住宅,住宅,,,,第１種住居地域,60.0,200.0,2014年第２四半期,改装済,,6.3979400086720375
22022124,中古マンション等,,22203,静岡県,沼津市,桃里,原(静岡),30分?60分,３ＬＤＫ,60,,,,平成6年,ＲＣ,,住宅,,,,市街化調整区域,60.0,200.0,2019年第４四半期,未改装,,6.812913356642856
22124694,中古マンション等,,22135,静岡県,浜松市北区,三ヶ日町都筑,東都筑,,１Ｋ,25,,,,昭和49年,ＳＲＣ,住宅,,,,,市街化調整区域,60.0,200.0,2008年第３四半期,改装済,,5.2552725051033065
22052960,中古マンション等,,22101,静岡県,静岡市葵区,北安東,静岡,30分?60分,３ＬＤＫ,70,,,,平成7年,ＲＣ,住宅,,,,,第２種中高層住居専用地域,60.0,200.0,2011年第２四半期,改装済,,7.2552725051033065
22051284,中古マンション等,,22101,静岡県,静岡市葵区,東町,静岡,13,３ＬＤＫ,90,,,,平成22年,ＳＲＣ,住宅,,,,,近隣商業地域,80.0,300.0,2010年第４四半期,未改装,,7.5910646070264995
22052291,中古マンション等,,22102,静岡県,静岡市駿河区,宮竹,静岡,30分?60分,３ＬＤＫ,70,,,,,ＲＣ,住宅,住宅,,,,第２種中高層住居専用地域,60.0,200.0,2014年第３四半期,未改装,,7.204119982655925
22112427,中古マンション等,,22211,静岡県,磐田市,立野,豊田町,1,４ＬＤＫ,75,,,,平成11年,ＳＲＣ,住宅,,,,,近隣商業地域,80.0,200.0,2009年第４四半期,未改装,,7.301029995663981
22069628,中古マンション等,,22131,静岡県,浜松市中区,葵西,浜松,1H30?2H,３ＬＤＫ,75,,,,平成5年,ＲＣ,住宅,,,,,第１種住居地域,60.0,200.0,2012年第１四半期,未改装,,7.0
22122512,中古マンション等,,22131,静岡県,浜松市中区,高丘北,浜松,1H30?2H,３ＬＤＫ,75,,,,平成11年,ＲＣ,住宅,,,,,第１種住居地域,60.0,200.0,2008年第３四半期,,,7.204119982655925
22055268,中古マンション等,,22103,静岡県,静岡市清水区,天神,清水(静岡),14,３ＬＤＫ,85,,,,平成10年,ＲＣ,住宅,,,,,第２種住居地域,60.0,200.0,2010年第４四半期,未改装,,7.278753600952829
22009456,中古マンション等,,22131,静岡県,浜松市中区,蜆塚,浜松,30分?60分,,95,,,,平成15年,ＲＣ,住宅,住宅,,,,第１種住居地域,60.0,200.0,2017年第１四半期,,,7.4623979978989565
22070737,中古マンション等,,22101,静岡県,静岡市葵区,馬場町,静岡,16,２ＬＤＫ,60,,,,平成15年,ＳＲＣ,住宅,,,,,商業地域,80.0,400.0,2013年第３四半期,未改装,,7.3222192947339195
22096327,中古マンション等,,22133,静岡県,浜松市西区,舞阪町弁天島,弁天島,13,３ＬＤＫ,70,,,,昭和49年,ＲＣ,住宅,,,,,第１種住居地域,60.0,200.0,2009年第４四半期,改装済,,6.57978359661681
22000817,中古マンション等,,22101,静岡県,静岡市葵区,川辺町,静岡,14,１ＤＫ,40,,,,平成2年,ＳＲＣ,,住宅,,,,商業地域,80.0,400.0,2017年第３四半期,未改装,,6.832508912706237
22001143,中古マンション等,,22101,静岡県,静岡市葵区,呉服町,静岡,11,,75,,,,平成26年,ＲＣ,住宅,,,,,商業地域,80.0,600.0,2016年第２四半期,,,7.6020599913279625
22055101,中古マンション等,,22101,静岡県,静岡市葵区,川辺町,静岡,15,１Ｋ,25,,,,平成11年,ＲＣ,住宅,住宅,,,,商業地域,80.0,300.0,2015年第４四半期,改装済,,6.799340549453582
22051132,中古マンション等,,22101,静岡県,静岡市葵区,長沼,東静岡,3,２ＬＤＫ,60,,,,平成26年,ＲＣ,住宅,その他,,,,商業地域,80.0,500.0,2014年第３四半期,未改装,,7.3222192947339195
22125761,中古マンション等,,22203,静岡県,沼津市,高島町,沼津,4,３ＤＫ,55,,,,昭和49年,ＲＣ,住宅,,,,,商業地域,80.0,400.0,2007年第２四半期,改装済,,6.963787827345556
22057821,中古マンション等,,22102,静岡県,静岡市駿河区,津島町,静岡,28,１ＬＤＫ,55,,,,平成18年,ＲＣ,住宅,住宅,,,,準工業地域,60.0,200.0,2015年第１四半期,,,7.146128035678238
22089909,中古マンション等,,22135,静岡県,浜松市北区,三ヶ日町都筑,東都筑,23,１Ｋ,25,,,,昭和61年,ＳＲＣ,住宅,,,,,市街化調整区域,60.0,200.0,2013年第４四半期,改装済,,6.176091259055681
22021296,中古マンション等,,22203,静岡県,沼津市,高沢町,沼津,6,３ＬＤＫ,60,,,,昭和56年,ＲＣ,住宅,住宅,,,,商業地域,80.0,400.0,2020年第３四半期,,,6.903089986991944
22056685,中古マンション等,,22132,静岡県,浜松市東区,植松町,浜松,30分?60分,２ＤＫ,40,,,,昭和49年,ＳＲＣ,住宅,住宅,,,,第１種住居地域,60.0,200.0,2014年第３四半期,改装済,,6.3979400086720375
22063726,中古マンション等,,22131,静岡県,浜松市中区,東伊場,浜松,15,３ＬＤＫ,65,,,,昭和61年,ＳＲＣ,住宅,その他,,,,近隣商業地域,80.0,300.0,2015年第４四半期,未改装,,6.9344984512435675
22028840,中古マンション等,,22209,静岡県,島田市,本通,島田(静岡),3,３ＬＤＫ,75,,,,平成16年,ＳＲＣ,住宅,住宅,,,,商業地域,80.0,400.0,2016年第３四半期,未改装,,7.342422680822207
22024041,中古マンション等,,22206,静岡県,三島市,谷田,三島,30分?60分,３ＬＤＫ,70,,,,平成14年,ＲＣ,住宅,住宅,,,,第１種低層住居専用地域,50.0,80.0,2016年第３四半期,未改装,,7.079181246047625
22077320,中古マンション等,,22210,静岡県,富士市,中央町,富士,30分?60分,３ＬＤＫ,80,,,,平成16年,ＲＣ,住宅,,,,,商業地域,80.0,400.0,2010年第２四半期,未改装,,7.3222192947339195
22108600,中古マンション等,,22211,静岡県,磐田市,一言,磐田,30分?60分,,55,,,,平成5年,ＳＲＣ,住宅,,,,,市街化調整区域,60.0,200.0,2013年第３四半期,改装済,,6.748188027006201
22063502,中古マンション等,,22131,静岡県,浜松市中区,布橋,浜松,30分?60分,１Ｋ,15,,,,昭和61年,ＲＣ,住宅,住宅,,,,第１種住居地域,60.0,200.0,2015年第２四半期,改装済,,6.113943352306837
22093789,中古マンション等,,22132,静岡県,浜松市東区,上西町,浜松,30分?60分,４ＬＤＫ,85,,,,平成15年,ＲＣ,住宅,,,,,工業地域,60.0,200.0,2009年第４四半期,未改装,,7.380211241711606
22011497,中古マンション等,,22131,静岡県,浜松市中区,龍禅寺町,浜松,13,３ＤＫ,55,,,,平成2年,,,住宅,,,,近隣商業地域,80.0,300.0,2018年第１四半期,未改装,,6.857332496431268
22057435,中古マンション等,,22131,静岡県,浜松市中区,高丘北,浜松,1H30?2H,３ＬＤＫ,85,,,,平成18年,ＲＣ,住宅,,,,,第１種住居地域,60.0,200.0,2010年第４四半期,未改装,,7.278753600952829
22070491,中古マンション等,,22203,静岡県,沼津市,原,原(静岡),13,３ＬＤＫ,85,,,,,ＳＲＣ,住宅,,,,,第１種住居地域,60.0,200.0,2011年第２四半期,未改装,,6.857332496431268
22000414,中古マンション等,,22101,静岡県,静岡市葵区,大岩町,静岡,30分?60分,３ＬＤＫ,85,,,,平成3年,ＲＣ,,住宅,,,,第１種中高層住居専用地域,60.0,200.0,2020年第２四半期,未改装,,7.361727836017593
22007169,中古マンション等,,22103,静岡県,静岡市清水区,辻,清水(静岡),3,３ＬＤＫ,75,,,,平成13年,ＳＲＣ,住宅,住宅,,,,商業地域,80.0,500.0,2017年第３四半期,未改装,,7.146128035678238
22009454,中古マンション等,,22131,静岡県,浜松市中区,蜆塚,浜松,30分?60分,２ＬＤＫ,65,,,,平成8年,ＲＣ,住宅,住宅,,,,第１種中高層住居専用地域,60.0,200.0,2017年第２四半期,改装済,,7.230448921378274
22013233,中古マンション等,,22132,静岡県,浜松市東区,中野町,浜松,1H?1H30,２ＬＤＫ,50,,,,平成4年,ＲＣ,,住宅,,,,準工業地域,60.0,200.0,2017年第４四半期,改装済,,6.954242509439325
22021172,中古マンション等,,22203,静岡県,沼津市,新宿町,沼津,6,３ＬＤＫ,65,,,,平成10年,ＳＲＣ,住宅,住宅,,,,商業地域,80.0,400.0,2019年第４四半期,改装済,,7.079181246047625
22002340,中古マンション等,,22101,静岡県,静岡市葵区,西千代田町,静岡,30分?60分,２ＤＫ,45,,,,平成9年,ＲＣ,住宅,その他,,,,第１種中高層住居専用地域,60.0,200.0,2016年第２四半期,改装済,,6.959041392321094
22004461,中古マンション等,,22102,静岡県,静岡市駿河区,登呂,静岡,30分?60分,２ＬＤＫ,65,,,,平成2年,ＲＣ,,住宅,,,,準工業地域,60.0,200.0,2018年第３四半期,,,7.146128035678238
22021781,中古マンション等,,22203,静岡県,沼津市,東椎路,片浜,30分?60分,３ＬＤＫ,60,,,,平成3年,ＲＣ,,住宅,,,,第２種中高層住居専用地域,60.0,150.0,2017年第４四半期,改装済,,6.954242509439325
22011448,中古マンション等,,22131,静岡県,浜松市中区,山手町,浜松,30分?60分,２ＬＤＫ,65,,,,昭和48年,ＲＣ,住宅,住宅,,,,第１種中高層住居専用地域,60.0,150.0,2018年第３四半期,未改装,,6.6020599913279625
22013705,中古マンション等,,22133,静岡県,浜松市西区,入野町,浜松,1H?1H30,２ＬＤＫ,70,,,,,,住宅,住宅,,,,工業地域,60.0,200.0,2020年第１四半期,改装済,,7.2552725051033065
22009909,中古マンション等,,22131,静岡県,浜松市中区,高丘北,浜松,1H30?2H,３ＬＤＫ,70,,,,平成18年,ＲＣ,住宅,住宅,,,,近隣商業地域,80.0,200.0,2016年第１四半期,未改装,調停・競売等,7.176091259055681
22010128,中古マンション等,,22131,静岡県,浜松市中区,高町,浜松,15,３ＬＤＫ,80,,,,平成14年,,住宅,住宅,,,,商業地域,80.0,500.0,2018年第３四半期,未改装,,7.342422680822207
22124471,中古マンション等,,22135,静岡県,浜松市北区,初生町,浜松,1H30?2H,３ＬＤＫ,75,,,,平成5年,ＳＲＣ,住宅,,,,,第１種住居地域,60.0,200.0,2008年第３四半期,未改装,,6.959041392321094
22081677,中古マンション等,,22131,静岡県,浜松市中区,広沢,浜松,27,３ＬＤＫ,65,,,,平成14年,ＲＣ,住宅,,,,,第１種中高層住居専用地域,60.0,200.0,2013年第１四半期,改装済,,7.278753600952829
22069631,中古マンション等,,22207,静岡県,富士宮市,朝日町,富士宮,25,３ＬＤＫ,60,,,,平成5年,ＲＣ,住宅,,,,,第２種住居地域,60.0,200.0,2010年第２四半期,未改装,,6.929418925714293
22123877,中古マンション等,,22133,静岡県,浜松市西区,舞阪町弁天島,弁天島,1,３ＬＤＫ,110,,,,平成17年,ＲＣ,住宅,,,,,商業地域,80.0,400.0,2008年第２四半期,未改装,,7.491361693834273
22034891,中古マンション等,,22212,静岡県,焼津市,駅北,焼津,1,１ＤＫ,30,,,,,,,その他,,,,商業地域,80.0,400.0,2018年第１四半期,未改装,,6.681241237375588
22130332,中古マンション等,,22212,静岡県,焼津市,本町,焼津,6,３ＬＤＫ,65,,,,平成19年,ＲＣ,住宅,,,,,商業地域,80.0,400.0,2007年第３四半期,未改装,,7.361727836017593
22024143,中古マンション等,,22207,静岡県,富士宮市,朝日町,西富士宮,14,４ＬＤＫ,75,,,,平成5年,ＲＣ,住宅,住宅,,,,第２種住居地域,60.0,200.0,2019年第４四半期,,,7.0
22100366,中古マンション等,,22207,静岡県,富士宮市,東町,富士宮,3,３ＬＤＫ,95,,,,平成18年,ＳＲＣ,住宅,,,,,,,,2013年第１四半期,未改装,,7.447158031342219
22020541,中古マンション等,,22203,静岡県,沼津市,大手町,沼津,2,１ＬＤＫ,55,,,,平成18年,ＲＣ,住宅,住宅,,,,商業地域,80.0,500.0,2019年第２四半期,未改装,,7.2552725051033065
22103057,中古マンション等,,22203,静岡県,沼津市,大岡,沼津,22,４ＬＤＫ,85,,,,,ＲＣ,住宅,,,,,準住居地域,60.0,200.0,2009年第４四半期,未改装,,7.491361693834273
22058981,中古マンション等,,22131,静岡県,浜松市中区,幸,浜松,30分?60分,,80,,,,平成19年,ＲＣ,住宅,,,,,第２種住居地域,60.0,150.0,2011年第１四半期,,,7.477121254719663
22124154,中古マンション等,,22134,静岡県,浜松市南区,西伝寺町,浜松,30分?60分,３ＬＤＫ,70,,,,平成2年,ＳＲＣ,住宅,,,,,第１種住居地域,60.0,200.0,2008年第２四半期,未改装,,7.0
22056798,中古マンション等,,22131,静岡県,浜松市中区,北寺島町,浜松,10,１ＤＫ,25,,,,平成2年,ＳＲＣ,住宅,,,,,商業地域,80.0,500.0,2010年第３四半期,未改装,,6.6020599913279625
22067648,中古マンション等,,22103,静岡県,静岡市清水区,草薙,清水(静岡),4,３ＬＤＫ,80,,,,昭和64年,ＲＣ,住宅,,,,,第１種中高層住居専用地域,60.0,200.0,2012年第４四半期,改装済,,7.342422680822207
22009042,中古マンション等,,22131,静岡県,浜松市中区,鴨江,浜松,30分?60分,１ＤＫ,25,,,,昭和50年,ＳＲＣ,住宅,住宅,,,,第２種中高層住居専用地域,60.0,200.0,2016年第２四半期,未改装,,5.301029995663981
22122551,中古マンション等,,22131,静岡県,浜松市中区,高丘東,浜松,1H30?2H,３ＬＤＫ,75,,,,平成5年,ＳＲＣ,住宅,,,,,工業地域,60.0,200.0,2008年第４四半期,改装済,,7.146128035678238
22055595,中古マンション等,,22103,静岡県,静岡市清水区,半左衛門新田,草薙(ＪＲ),25,２ＬＤＫ,75,,,,昭和56年,ＳＲＣ,住宅,,,,,準住居地域,60.0,200.0,2010年第３四半期,未改装,,6.968482948553935
22010130,中古マンション等,,22131,静岡県,浜松市中区,高町,浜松,16,４ＬＤＫ,90,,,,平成14年,ＳＲＣ,住宅,住宅,,,,商業地域,80.0,500.0,2016年第２四半期,改装済,,7.431363764158987
22008404,中古マンション等,,22131,静岡県,浜松市中区,浅田町,浜松,15,３ＬＤＫ,85,,,,平成3年,ＳＲＣ,住宅,住宅,,,,近隣商業地域,80.0,300.0,2016年第２四半期,未改装,,7.342422680822207
22113277,中古マンション等,,22212,静岡県,焼津市,小柳津,西焼津,15,３ＬＤＫ,70,,,,平成13年,ＲＣ,住宅,,,,,工業地域,60.0,200.0,2009年第４四半期,未改装,,7.204119982655925
22092669,中古マンション等,,22131,静岡県,浜松市中区,龍禅寺町,浜松,12,３ＬＤＫ,50,,,,平成2年,ＳＲＣ,住宅,,,,,近隣商業地域,80.0,300.0,2009年第３四半期,未改装,調停・競売等,6.845098040014257
22123540,中古マンション等,,22133,静岡県,浜松市西区,入野町,浜松,1H?1H30,３ＬＤＫ,80,,,,平成15年,ＲＣ,住宅,,,,,第２種住居地域,60.0,200.0,2008年第４四半期,未改装,,7.4623979978989565
22094903,中古マンション等,,22203,静岡県,沼津市,高沢町,沼津,7,２ＬＤＫ,50,,,,,ＳＲＣ,住宅,,,,,商業地域,80.0,400.0,2013年第３四半期,未改装,,7.113943352306837
22007155,中古マンション等,,22103,静岡県,静岡市清水区,辻,清水(静岡),2,２ＬＤＫ,70,,,,平成24年,,住宅,住宅,,,,商業地域,80.0,500.0,2019年第３四半期,未改装,,7.3979400086720375
22002165,中古マンション等,,22101,静岡県,静岡市葵区,常磐町,静岡,11,３ＬＤＫ,65,,,,平成14年,,住宅,住宅,,,,商業地域,80.0,400.0,2018年第２四半期,改装済,,7.301029995663981
22104452,中古マンション等,,22203,静岡県,沼津市,平町,沼津,10,３ＬＤＫ,65,,,,平成9年,ＳＲＣ,住宅,,,,,近隣商業地域,80.0,300.0,2009年第３四半期,未改装,,7.204119982655925
22000302,中古マンション等,,22101,静岡県,静岡市葵区,梅屋町,静岡,13,１ＤＫ,45,,,,平成10年,,,住宅,,,,商業地域,80.0,400.0,2019年第１四半期,未改装,,7.0
22022127,中古マンション等,,22203,静岡県,沼津市,桃里,原(静岡),30分?60分,３ＬＤＫ,60,,,,平成6年,ＲＣ,,住宅,,,,市街化調整区域,60.0,200.0,2019年第２四半期,改装済,,6.740362689494244
22022877,中古マンション等,,22206,静岡県,三島市,一番町,三島,4,３ＬＤＫ,80,,,,昭和61年,ＳＲＣ,住宅,住宅,,,,商業地域,80.0,400.0,2016年第２四半期,未改装,,7.342422680822207
22080389,中古マンション等,,22135,静岡県,浜松市北区,三ヶ日町都筑,東都筑,23,１ＬＤＫ,45,,,,平成2年,ＳＲＣ,住宅,,,,,市街化調整区域,60.0,200.0,2012年第４四半期,未改装,,6.544068044350276
22057774,中古マンション等,,22102,静岡県,静岡市駿河区,石部,用宗,16,,50,,,,,ＲＣ,住宅,,,,,第１種住居地域,60.0,200.0,2015年第４四半期,,,6.740362689494244
22067171,中古マンション等,,22203,静岡県,沼津市,東原,片浜,19,３ＬＤＫ,75,,,,平成7年,ＲＣ,住宅,,,,,第１種住居地域,60.0,200.0,2010年第４四半期,,,6.954242509439325
22025579,中古マンション等,,22207,静岡県,富士宮市,矢立町,富士宮,18,３ＬＤＫ,75,,,,平成17年,ＲＣ,,住宅,,,,第２種住居地域,60.0,200.0,2018年第４四半期,未改装,,7.176091259055681
22058550,中古マンション等,,22131,静岡県,浜松市中区,板屋町,浜松,3,３ＬＤＫ,95,,,,平成22年,ＲＣ,住宅,,,,,商業地域,80.0,600.0,2011年第３四半期,未改装,,7.633468455579586
22020663,中古マンション等,,22203,静岡県,沼津市,岡一色,沼津,30分?60分,３ＬＤＫ,70,,,,平成11年,ＲＣ,住宅,住宅,,,,第２種中高層住居専用地域,60.0,150.0,2016年第２四半期,未改装,,7.230448921378274
22105799,中古マンション等,,22206,静岡県,三島市,芝本町,三島,6,３ＬＤＫ,80,,,,平成14年,ＳＲＣ,住宅,,,,,商業地域,80.0,400.0,2009年第２四半期,未改装,,7.477121254719663
22004711,中古マンション等,,22102,静岡県,静岡市駿河区,中吉田,草薙(ＪＲ),19,３ＬＤＫ,70,,,,平成29年,,住宅,住宅,,,,工業地域,60.0,200.0,2019年第３四半期,未改装,,7.342422680822207
22059403,中古マンション等,,22103,静岡県,静岡市清水区,神田町,清水(静岡),30分?60分,３ＬＤＫ,70,,,,平成10年,ＲＣ,住宅,住宅,,,,第１種住居地域,60.0,200.0,2015年第２四半期,改装済,,7.204119982655925
22010638,中古マンション等,,22131,静岡県,浜松市中区,中島,浜松,14,１Ｋ,20,,,,平成3年,ＲＣ,住宅,住宅,,,,近隣商業地域,80.0,200.0,2018年第２四半期,未改装,,6.079181246047625
22078382,中古マンション等,,22131,静岡県,浜松市中区,海老塚,浜松,8,１Ｋ,15,,,,平成4年,ＳＲＣ,住宅,,,,,商業地域,80.0,500.0,2013年第４四半期,未改装,,6.4623979978989565
22064625,中古マンション等,,22102,静岡県,静岡市駿河区,稲川,静岡,6,３ＬＤＫ,65,,,,平成12年,ＲＣ,住宅,,,,,商業地域,80.0,500.0,2012年第３四半期,未改装,,6.778151250383644
22023525,中古マンション等,,22206,静岡県,三島市,西若町,三島,13,４ＬＤＫ,75,,,,昭和64年,,,住宅,,,,第１種住居地域,60.0,200.0,2019年第４四半期,改装済,,7.230448921378274
22086123,中古マンション等,,22203,静岡県,沼津市,西島町,沼津,29,３ＬＤＫ,70,,,,平成4年,ＳＲＣ,住宅,,,,,準工業地域,60.0,200.0,2012年第２四半期,未改装,,6.954242509439325
22023544,中古マンション等,,22206,静岡県,三島市,萩,三島,30分?60分,４ＬＤＫ,75,,,,平成9年,ＲＣ,,住宅,,,,第１種中高層住居専用地域,60.0,150.0,2018年第１四半期,未改装,,7.146128035678238
22107062,中古マンション等,,22214,静岡県,藤枝市,高洲,藤枝,24,３ＬＤＫ,65,,,,平成7年,ＲＣ,住宅,,,,,第２種中高層住居専用地域,60.0,150.0,2012年第３四半期,改装済,,7.113943352306837
22010204,中古マンション等,,22131,静岡県,浜松市中区,中央,浜松,9,４ＬＤＫ,85,,,,平成12年,ＳＲＣ,,住宅,,,,商業地域,80.0,400.0,2017年第３四半期,未改装,,7.431363764158987
22065636,中古マンション等,,22102,静岡県,静岡市駿河区,中田,静岡,15,４ＬＤＫ,90,,,,平成3年,ＳＲＣ,住宅,,,,,近隣商業地域,80.0,300.0,2012年第４四半期,未改装,,7.278753600952829
22065642,中古マンション等,,22102,静岡県,静岡市駿河区,中田,静岡,15,３ＬＤＫ,60,,,,平成7年,ＳＲＣ,住宅,,,,,近隣商業地域,80.0,300.0,2012年第２四半期,未改装,,7.176091259055681
22038389,中古マンション等,,22214,静岡県,藤枝市,駅前,藤枝,1,３ＬＤＫ,70,,,,平成14年,ＲＣ,住宅,その他,,,,商業地域,80.0,400.0,2017年第３四半期,未改装,,7.079181246047625
22073949,中古マンション等,,22203,静岡県,沼津市,上香貫,沼津,30分?60分,３ＬＤＫ,65,,,,,ＲＣ,住宅,住宅,,,,,,,2015年第２四半期,改装済,,6.892094602690481
22070723,中古マンション等,,22203,静岡県,沼津市,平町,沼津,13,１Ｋ,30,,,,昭和64年,ＲＣ,住宅,,,,,近隣商業地域,80.0,300.0,2011年第１四半期,未改装,,6.57978359661681
22064090,中古マンション等,,22131,静岡県,浜松市中区,山手町,浜松,30分?60分,２ＬＤＫ,65,,,,昭和48年,ＲＣ,住宅,住宅,,,,第１種中高層住居専用地域,60.0,200.0,2015年第３四半期,未改装,,6.690196080028514
22015518,中古マンション等,,22134,静岡県,浜松市南区,西伝寺町,浜松,30分?60分,３ＬＤＫ,70,,,,平成2年,,,住宅,,,,第１種住居地域,60.0,200.0,2020年第２四半期,未改装,,6.6020599913279625
22087846,中古マンション等,,22210,静岡県,富士市,水戸島本町,富士,5,１ＤＫ,30,,,,,ＳＲＣ,住宅,住宅,,,,商業地域,80.0,400.0,2015年第４四半期,改装済,,6.6020599913279625
22100177,中古マンション等,,22210,静岡県,富士市,元町,富士,7,３ＬＤＫ,55,,,,昭和61年,ＳＲＣ,住宅,,,,,近隣商業地域,80.0,200.0,2012年第４四半期,未改装,,6.740362689494244
22001905,中古マンション等,,22101,静岡県,静岡市葵区,鷹匠,静岡,10,１ＬＤＫ,50,,,,平成23年,ＲＣ,住宅,住宅,,,,商業地域,80.0,400.0,2017年第３四半期,未改装,,7.342422680822207
22051665,中古マンション等,,22102,静岡県,静岡市駿河区,寿町,静岡,20,３ＬＤＫ,70,,,,平成2年,ＲＣ,住宅,住宅,,,,準工業地域,60.0,200.0,2014年第３四半期,未改装,,7.113943352306837
22005030,中古マンション等,,22102,静岡県,静岡市駿河区,曲金,静岡,21,２ＤＫ,45,,,,平成10年,ＲＣ,住宅,住宅,,,,準工業地域,60.0,200.0,2018年第３四半期,未改装,,7.041392685158225
22009626,中古マンション等,,22131,静岡県,浜松市中区,砂山町,浜松,9,４ＬＤＫ,85,,,,平成31年,,住宅,住宅,,,,近隣商業地域,80.0,300.0,2020年第１四半期,未改装,,7.568201724066995
22036405,中古マンション等,,22212,静岡県,焼津市,柳新屋,西焼津,6,３ＬＤＫ,65,,,,平成10年,ＲＣ,住宅,住宅,,,,工業地域,60.0,200.0,2018年第４四半期,未改装,,7.113943352306837
22007667,中古マンション等,,22103,静岡県,静岡市清水区,本郷町,清水(静岡),8,２ＤＫ,45,,,,昭和49年,ＳＲＣ,,住宅,,,,第２種住居地域,60.0,200.0,2018年第１四半期,未改装,,6.041392685158225
22032231,中古マンション等,,22210,静岡県,富士市,吉原,吉原本町,2,４ＬＤＫ,90,,,,平成17年,ＳＲＣ,住宅,住宅,,,,商業地域,80.0,400.0,2016年第１四半期,未改装,,7.342422680822207
22120584,中古マンション等,,22102,静岡県,静岡市駿河区,八幡,静岡,15,３ＬＤＫ,80,,,,平成12年,ＲＣ,住宅,,,,,第２種住居地域,60.0,200.0,2008年第３四半期,未改装,,7.301029995663981
22122819,中古マンション等,,22131,静岡県,浜松市中区,東伊場,浜松,21,４ＬＤＫ,110,,,,昭和61年,ＲＣ,住宅,,,,,近隣商業地域,80.0,300.0,2007年第３四半期,改装済,,7.342422680822207
22005186,中古マンション等,,22102,静岡県,静岡市駿河区,馬渕,静岡,8,２ＬＤＫ,70,,,,平成17年,ＲＣ,住宅,住宅,,,,近隣商業地域,80.0,300.0,2016年第３四半期,,,7.380211241711606
22008661,中古マンション等,,22131,静岡県,浜松市中区,春日町,浜松,28,４ＬＤＫ,80,,,,平成6年,ＲＣ,住宅,住宅,,,,第１種住居地域,60.0,200.0,2019年第２四半期,改装済,,7.041392685158225
22021336,中古マンション等,,22203,静岡県,沼津市,高島町,沼津,6,３ＬＤＫ,55,,,,昭和49年,,住宅,住宅,,,,商業地域,80.0,400.0,2018年第３四半期,未改装,,6.544068044350276
22063248,中古マンション等,,22131,静岡県,浜松市中区,中島,浜松,18,３ＬＤＫ,60,,,,昭和64年,ＳＲＣ,住宅,住宅,,,,第１種住居地域,60.0,200.0,2015年第４四半期,未改装,,6.6020599913279625
22122909,中古マンション等,,22131,静岡県,浜松市中区,元魚町,浜松,13,３ＬＤＫ,90,,,,平成2年,ＲＣ,住宅,,,,,近隣商業地域,80.0,300.0,2007年第３四半期,未改装,,7.176091259055681
22058919,中古マンション等,,22102,静岡県,静岡市駿河区,八幡,静岡,14,２ＬＤＫ,65,,,,平成20年,ＲＣ,住宅,住宅,,,,第２種住居地域,60.0,200.0,2015年第２四半期,未改装,,7.431363764158987
22064439,中古マンション等,,22203,静岡県,沼津市,新宿町,沼津,9,,85,,,,,ＳＲＣ,住宅,,,,,商業地域,80.0,400.0,2014年第１四半期,未改装,,7.342422680822207
22052324,中古マンション等,,22101,静岡県,静岡市葵区,古庄,東静岡,19,３ＬＤＫ,65,,,,平成10年,ＲＣ,住宅,,,,,準工業地域,60.0,200.0,2010年第３四半期,改装済,,7.176091259055681
22062928,中古マンション等,,22131,静岡県,浜松市中区,寺島町,浜松,11,１Ｋ,20,,,,昭和64年,ＲＣ,住宅,住宅,,,,近隣商業地域,80.0,300.0,2015年第４四半期,,,5.954242509439325
22070999,中古マンション等,,22207,静岡県,富士宮市,東町,富士宮,3,３ＬＤＫ,100,,,,平成18年,ＳＲＣ,住宅,,,,,近隣商業地域,80.0,200.0,2010年第４四半期,改装済,,7.380211241711606
22005726,中古マンション等,,22102,静岡県,静岡市駿河区,八幡,静岡,18,３ＬＤＫ,85,,,,平成20年,ＲＣ,住宅,住宅,,,,第２種住居地域,60.0,200.0,2018年第１四半期,未改装,,7.531478917042255
22010870,中古マンション等,,22131,静岡県,浜松市中区,布橋,浜松,30分?60分,１Ｋ,15,,,,昭和61年,ＲＣ,住宅,その他,,,,第１種住居地域,60.0,200.0,2016年第２四半期,未改装,,6.518513939877887
22030485,中古マンション等,,22210,静岡県,富士市,中央町,富士,30分?60分,４ＬＤＫ,95,,,,平成16年,ＲＣ,住宅,事務所,,,,商業地域,80.0,400.0,2017年第１四半期,未改装,,7.431363764158987
22063229,中古マンション等,,22203,静岡県,沼津市,市場町,沼津,11,３ＬＤＫ,70,,,,戦前,ＳＲＣ,住宅,住宅,,,,近隣商業地域,80.0,200.0,2014年第３四半期,改装済,,7.176091259055681
22128949,中古マンション等,,22210,静岡県,富士市,平垣本町,富士,11,３ＤＫ,50,,,,昭和54年,ＲＣ,住宅,,,,,近隣商業地域,80.0,200.0,2007年第４四半期,未改装,,6.698970004336019
22054402,中古マンション等,,22131,静岡県,浜松市中区,鴨江,浜松,28,２ＬＤＫ,55,,,,平成8年,ＲＣ,住宅,住宅,,,,第１種中高層住居専用地域,60.0,200.0,2014年第４四半期,改装済,,6.977723605288848
22008989,中古マンション等,,22131,静岡県,浜松市中区,鴨江,浜松,29,２ＬＤＫ,55,,,,平成8年,,,住宅,,,,第１種中高層住居専用地域,60.0,200.0,2017年第４四半期,改装済,,7.380211241711606
22112030,中古マンション等,,22211,静岡県,磐田市,今之浦,磐田,23,３ＬＤＫ,60,,,,平成20年,ＲＣ,住宅,,,,,第１種住居地域,60.0,200.0,2009年第１四半期,未改装,,7.146128035678238
22066380,中古マンション等,,22102,静岡県,静岡市駿河区,南町,静岡,2,オープンフロア,160,,,,平成15年,鉄骨造,事務所,,,,,商業地域,80.0,600.0,2012年第１四半期,未改装,,7.556302500767287
22000418,中古マンション等,,22101,静岡県,静岡市葵区,大岩町,静岡,30分?60分,３ＬＤＫ,85,,,,平成16年,,,住宅,,,,第１種中高層住居専用地域,60.0,200.0,2019年第２四半期,未改装,,7.505149978319906
22121509,中古マンション等,,22103,静岡県,静岡市清水区,堂林,清水(静岡),,３ＬＤＫ,70,,,,平成3年,ＲＣ,住宅,,,,,第２種中高層住居専用地域,60.0,200.0,2006年第４四半期,未改装,,7.204119982655925
22101756,中古マンション等,,22211,静岡県,磐田市,東新町,磐田,30分?60分,２ＬＤＫ,60,,,,平成8年,ＳＲＣ,住宅,,,,,市街化調整区域,60.0,200.0,2012年第４四半期,未改装,,6.838849090737256
22122291,中古マンション等,,22131,静岡県,浜松市中区,幸,浜松,1H?1H30,４ＬＤＫ,95,,,,平成3年,ＲＣ,住宅,,,,,第１種中高層住居専用地域,60.0,200.0,2008年第１四半期,未改装,,7.278753600952829
22009205,中古マンション等,,22131,静岡県,浜松市中区,幸,浜松,1H?1H30,３ＬＤＫ,70,,,,平成11年,ＲＣ,住宅,住宅,,,,第１種住居地域,60.0,200.0,2016年第２四半期,改装済,,7.146128035678238
22123375,中古マンション等,,22132,静岡県,浜松市東区,天龍川町,天竜川,2,４ＬＤＫ,80,,,,平成5年,ＳＲＣ,住宅,,,,,近隣商業地域,80.0,300.0,2007年第４四半期,未改装,,7.176091259055681
22118717,中古マンション等,,22101,静岡県,静岡市葵区,常磐町,静岡,13,２ＬＤＫ,65,,,,平成18年,ＲＣ,住宅,,,,,商業地域,80.0,400.0,2007年第３四半期,,,7.505149978319906
22013783,中古マンション等,,22133,静岡県,浜松市西区,入野町,浜松,30分?60分,２ＬＤＫ,75,,,,平成3年,,,住宅,,,,第１種住居地域,60.0,200.0,2017年第３四半期,改装済,,7.3979400086720375
22078905,中古マンション等,,22131,静岡県,浜松市中区,鴨江,浜松,30分?60分,１Ｋ,35,,,,昭和59年,ＲＣ,住宅,,,,,第１種中高層住居専用地域,60.0,200.0,2013年第２四半期,改装済,,6.447158031342219
22053579,中古マンション等,,22102,静岡県,静岡市駿河区,中原,静岡,30分?60分,３ＬＤＫ,65,,,,平成8年,ＲＣ,住宅,,,,,準工業地域,60.0,200.0,2010年第４四半期,未改装,,7.230448921378274
22078381,中古マンション等,,22131,静岡県,浜松市中区,海老塚,浜松,13,３ＬＤＫ,65,,,,平成7年,ＲＣ,住宅,,,,,第１種住居地域,60.0,200.0,2013年第４四半期,改装済,,6.929418925714293
22061278,中古マンション等,,22131,静岡県,浜松市中区,板屋町,浜松,5,１ＬＤＫ,60,,,,平成19年,ＲＣ,住宅,住宅,,,,商業地域,80.0,400.0,2015年第１四半期,改装済,,7.342422680822207
22069243,中古マンション等,,22206,静岡県,三島市,本町,三島広小路,3,３ＬＤＫ,95,,,,平成17年,ＲＣ,住宅,,,,,近隣商業地域,80.0,200.0,2010年第３四半期,,,7.556302500767287
22097274,中古マンション等,,22134,静岡県,浜松市南区,頭陀寺町,浜松,29,３ＬＤＫ,65,,,,平成4年,ＲＣ,住宅,,,,,第１種住居地域,60.0,200.0,2009年第３四半期,改装済,,7.079181246047625
22093969,中古マンション等,,22203,静岡県,沼津市,岡一色,大岡(静岡),14,３ＬＤＫ,65,,,,平成6年,ＲＣ,住宅,,,,,第１種住居地域,60.0,200.0,2013年第３四半期,未改装,,6.977723605288848
22060596,中古マンション等,,22103,静岡県,静岡市清水区,港町,清水(静岡),21,３ＬＤＫ,70,,,,平成8年,ＳＲＣ,住宅,その他,,,,工業地域,60.0,200.0,2015年第４四半期,改装済,,7.041392685158225
22089258,中古マンション等,,22211,静岡県,磐田市,上本郷,豊田町,1,３ＬＤＫ,70,,,,,ＳＲＣ,住宅,住宅,,,,,,,2015年第３四半期,,,7.230448921378274
22009911,中古マンション等,,22131,静岡県,浜松市中区,高丘北,浜松,1H30?2H,,90,,,,平成3年,ＲＣ,住宅,住宅,,,,第１種住居地域,60.0,200.0,2016年第１四半期,未改装,,6.778151250383644
22052048,中古マンション等,,22102,静岡県,静岡市駿河区,聖一色,東静岡,18,４ＬＤＫ,95,,,,平成13年,ＲＣ,住宅,住宅,,,,第２種中高層住居専用地域,60.0,200.0,2014年第４四半期,未改装,,7.431363764158987
22120482,中古マンション等,,22102,静岡県,静岡市駿河区,宮竹,静岡,,３ＬＤＫ,70,,,,平成16年,,住宅,,,,,第２種中高層住居専用地域,60.0,200.0,2007年第１四半期,未改装,,7.278753600952829
22122080,中古マンション等,,22131,静岡県,浜松市中区,葵西,浜松,1H30?2H,３ＬＤＫ,70,,,,平成10年,ＲＣ,住宅,,,,,第１種住居地域,60.0,200.0,2007年第２四半期,未改装,,6.991226075692495
22070736,中古マンション等,,22101,静岡県,静岡市葵区,馬場町,静岡,16,３ＬＤＫ,90,,,,平成15年,ＳＲＣ,住宅,,,,,商業地域,80.0,400.0,2013年第３四半期,未改装,,7.556302500767287
22120394,中古マンション等,,22102,静岡県,静岡市駿河区,丸子新田,安倍川,,４ＬＤＫ,100,,,,平成16年,ＲＣ,住宅,,,,,,,,2006年第４四半期,未改装,,7.380211241711606
22003962,中古マンション等,,22102,静岡県,静岡市駿河区,さつき町,静岡,20,３ＬＤＫ,75,,,,昭和57年,ＲＣ,住宅,住宅,,,,準工業地域,60.0,200.0,2017年第３四半期,未改装,,6.991226075692495
22066872,中古マンション等,,22203,静岡県,沼津市,西島町,沼津,,４ＬＤＫ,85,,,,平成4年,ＳＲＣ,住宅,,,,,準工業地域,60.0,200.0,2010年第１四半期,改装済,,7.146128035678238
22122993,中古マンション等,,22131,静岡県,浜松市中区,和合町,浜松,1H?1H30,１ＬＤＫ,55,,,,平成7年,ＲＣ,住宅,,,,,第１種住居地域,60.0,200.0,2008年第４四半期,未改装,,6.977723605288848
22120470,中古マンション等,,22102,静岡県,静岡市駿河区,南町,静岡,5,１ＬＤＫ,50,,,,平成16年,,住宅,,,,,商業地域,80.0,400.0,2007年第１四半期,未改装,関係者間取引,7.146128035678238
22088736,中古マンション等,,22211,静岡県,磐田市,今之浦,磐田,21,１ＤＫ,20,,,,昭和62年,鉄骨造,住宅,住宅,,,,第１種住居地域,60.0,200.0,2015年第１四半期,,,6.3979400086720375
22080412,中古マンション等,,22131,静岡県,浜松市中区,中央,浜松,10,４ＬＤＫ,115,,,,平成19年,ＲＣ,住宅,,,,,商業地域,80.0,400.0,2013年第２四半期,未改装,,7.826074802700826
22010855,中古マンション等,,22131,静岡県,浜松市中区,布橋,浜松,30分?60分,１Ｋ,15,,,,,,,住宅,,,,第２種中高層住居専用地域,60.0,200.0,2018年第３四半期,未改装,,5.8061799739838875
22097126,中古マンション等,,22210,静岡県,富士市,瓜島町,富士,30分?60分,３ＬＤＫ,70,,,,平成9年,ＲＣ,住宅,,,,,第２種住居地域,60.0,200.0,2012年第４四半期,,調停・競売等,7.079181246047625
22129578,中古マンション等,,22211,静岡県,磐田市,中泉,磐田,3,３ＬＤＫ,80,,,,平成19年,ＲＣ,住宅,,,,,商業地域,80.0,400.0,2007年第３四半期,改装済,,7.491361693834273
22014694,中古マンション等,,22133,静岡県,浜松市西区,舞阪町弁天島,弁天島,12,,70,,,,昭和49年,ＲＣ,,住宅,,,,第１種住居地域,60.0,200.0,2020年第２四半期,未改装,,6.301029995663981
22072825,中古マンション等,,22206,静岡県,三島市,東本町,三島,20,４ＬＤＫ,80,,,,平成8年,ＲＣ,住宅,,,,,第１種住居地域,60.0,200.0,2011年第４四半期,改装済,,7.2552725051033065
22070155,中古マンション等,,22203,静岡県,沼津市,西沢田,沼津,30分?60分,３ＬＤＫ,75,,,,平成18年,ＲＣ,住宅,,,,,工業地域,60.0,200.0,2011年第３四半期,未改装,,7.2552725051033065
22118965,中古マンション等,,22101,静岡県,静岡市葵区,古庄,東静岡,17,２ＬＤＫ,65,,,,昭和54年,ＲＣ,住宅,,,,,第１種住居地域,60.0,200.0,2007年第４四半期,未改装,,6.929418925714293
22072048,中古マンション等,,22131,静岡県,浜松市中区,寺島町,浜松,11,１Ｋ,20,,,,昭和64年,ＲＣ,住宅,,,,,近隣商業地域,80.0,300.0,2012年第２四半期,改装済,,5.778151250383644
22004713,中古マンション等,,22102,静岡県,静岡市駿河区,中吉田,草薙(ＪＲ),16,２ＬＤＫ＋Ｓ,65,,,,平成29年,ＲＣ,,住宅,,,,工業地域,60.0,200.0,2018年第４四半期,改装済,,7.477121254719663
22058745,中古マンション等,,22131,静岡県,浜松市中区,上島,浜松,1H?1H30,２ＬＤＫ＋Ｓ,60,,,,平成10年,ＳＲＣ,住宅,,,,,第１種住居地域,60.0,200.0,2011年第１四半期,改装済,,7.113943352306837
22091336,中古マンション等,,22131,静岡県,浜松市中区,寺島町,浜松,12,１Ｒ,20,,,,昭和64年,ＲＣ,住宅,,,,,近隣商業地域,80.0,300.0,2009年第２四半期,未改装,調停・競売等,6.146128035678238
22002224,中古マンション等,,22101,静岡県,静岡市葵区,長沼,東静岡,12,３ＬＤＫ,80,,,,平成14年,,,住宅,,,,第１種住居地域,60.0,200.0,2020年第１四半期,,,7.414973347970818
22125397,中古マンション等,,22203,静岡県,沼津市,大岡,沼津,19,３ＬＤＫ,70,,,,平成16年,ＳＲＣ,住宅,,,,,準工業地域,60.0,200.0,2008年第２四半期,未改装,,7.342422680822207
22050865,中古マンション等,,22101,静岡県,静岡市葵区,北安東,静岡,30分?60分,３ＬＤＫ,70,,,,平成7年,ＲＣ,住宅,住宅,,,,第２種中高層住居専用地域,60.0,200.0,2014年第２四半期,改装済,,7.146128035678238
22065747,中古マンション等,,22135,静岡県,浜松市北区,三ヶ日町大崎,都筑,30分?60分,１ＬＤＫ,50,,,,昭和63年,ＳＲＣ,住宅,,,,,市街化調整区域,60.0,200.0,2011年第３四半期,未改装,,6.57978359661681
22008401,中古マンション等,,22131,静岡県,浜松市中区,浅田町,浜松,16,３ＬＤＫ,85,,,,平成3年,ＳＲＣ,住宅,住宅,,,,近隣商業地域,80.0,300.0,2017年第３四半期,未改装,,7.079181246047625
22119241,中古マンション等,,22101,静岡県,静岡市葵区,竜南,静岡,30分?60分,４ＬＤＫ,80,,,,平成19年,ＲＣ,住宅,,,,,第２種中高層住居専用地域,60.0,200.0,2008年第１四半期,未改装,,6.041392685158225
22065038,中古マンション等,,22203,静岡県,沼津市,東間門,沼津,16,３ＬＤＫ,75,,,,平成9年,ＲＣ,住宅,住宅,,,,準工業地域,60.0,200.0,2014年第４四半期,未改装,,7.041392685158225
22050824,中古マンション等,,22101,静岡県,静岡市葵区,唐瀬,静岡,30分?60分,３ＬＤＫ,65,,,,平成7年,ＲＣ,住宅,住宅,,,,第１種住居地域,60.0,200.0,2014年第３四半期,未改装,,7.041392685158225
22052462,中古マンション等,,22101,静岡県,静岡市葵区,一番町,静岡,24,３ＬＤＫ,75,,,,平成6年,ＲＣ,住宅,,,,,近隣商業地域,80.0,300.0,2011年第４四半期,未改装,調停・競売等,7.146128035678238
22016246,中古マンション等,,22134,静岡県,浜松市南区,楊子町,浜松,19,３ＬＤＫ,70,,,,平成13年,ＲＣ,住宅,住宅,,,,第１種住居地域,60.0,200.0,2019年第２四半期,改装済,,7.204119982655925
22021309,中古マンション等,,22203,静岡県,沼津市,高沢町,沼津,6,２ＬＤＫ,70,,,,昭和56年,ＲＣ,住宅,住宅,,,,商業地域,80.0,400.0,2018年第４四半期,改装済,,6.954242509439325
22071800,中古マンション等,,22102,静岡県,静岡市駿河区,池田,東静岡,29,４ＬＤＫ,80,,,,平成9年,ＲＣ,住宅,,,,,第１種中高層住居専用地域,60.0,200.0,2013年第２四半期,,,7.113943352306837
22056745,中古マンション等,,22131,静岡県,浜松市中区,鴨江,浜松,28,２ＬＤＫ,70,,,,平成8年,ＳＲＣ,住宅,,,,,第１種中高層住居専用地域,60.0,200.0,2010年第４四半期,未改装,,7.176091259055681
22078985,中古マンション等,,22131,静岡県,浜松市中区,木戸町,浜松,18,２ＬＤＫ,55,,,,平成7年,ＲＣ,住宅,,,,,近隣商業地域,80.0,200.0,2013年第４四半期,改装済,,7.0
22012720,中古マンション等,,22132,静岡県,浜松市東区,篠ケ瀬町,浜松,1H?1H30,３ＬＤＫ,65,,,,平成7年,ＲＣ,,住宅,,,,第１種住居地域,60.0,200.0,2018年第４四半期,未改装,調停・競売等,6.8512583487190755
22098033,中古マンション等,,22210,静岡県,富士市,蓼原,富士,18,２ＬＤＫ,70,,,,平成19年,ＲＣ,住宅,,,,,工業地域,60.0,200.0,2012年第４四半期,未改装,調停・競売等,7.113943352306837
22060749,中古マンション等,,22131,静岡県,浜松市中区,龍禅寺町,浜松,20,２ＬＤＫ,70,,,,平成9年,ＲＣ,住宅,,,,,第２種住居地域,60.0,200.0,2011年第１四半期,改装済,,7.041392685158225
22130317,中古マンション等,,22212,静岡県,焼津市,本町,焼津,11,４ＬＤＫ,95,,,,平成13年,ＳＲＣ,住宅,,,,,商業地域,80.0,400.0,2008年第４四半期,未改装,,7.380211241711606
22001554,中古マンション等,,22101,静岡県,静岡市葵区,瀬名,草薙(ＪＲ),1H?1H30,２ＤＫ,45,,,,昭和49年,ＲＣ,住宅,住宅,,,,第１種中高層住居専用地域,60.0,150.0,2017年第２四半期,未改装,,6.4623979978989565
22124153,中古マンション等,,22134,静岡県,浜松市南区,西伝寺町,浜松,30分?60分,３ＬＤＫ,75,,,,平成2年,ＳＲＣ,住宅,,,,,第１種住居地域,60.0,200.0,2008年第３四半期,改装済,,7.113943352306837
22007396,中古マンション等,,22103,静岡県,静岡市清水区,西久保,清水(静岡),25,３ＬＤＫ,75,,,,平成12年,ＲＣ,,住宅,,,,第２種住居地域,60.0,200.0,2019年第２四半期,改装済,,7.176091259055681
22056799,中古マンション等,,22131,静岡県,浜松市中区,北寺島町,浜松,14,３ＬＤＫ,75,,,,平成15年,ＲＣ,住宅,,,,,第２種住居地域,60.0,200.0,2010年第３四半期,未改装,,7.146128035678238
22077509,中古マンション等,,22103,静岡県,静岡市清水区,村松,清水(静岡),30分?60分,４ＬＤＫ,65,,,,昭和55年,ＲＣ,住宅,,,,,準工業地域,60.0,200.0,2013年第１四半期,未改装,,6.7160033436347994
22088479,中古マンション等,,22210,静岡県,富士市,横割本町,富士,3,３ＬＤＫ,75,,,,平成24年,ＲＣ,住宅,住宅,,,,商業地域,80.0,400.0,2015年第３四半期,未改装,,7.431363764158987
22123041,中古マンション等,,22131,静岡県,浜松市中区,和地山,浜松,30分?60分,３ＤＫ,45,,,,昭和49年,ＳＲＣ,住宅,,,,,第２種中高層住居専用地域,60.0,200.0,2008年第２四半期,改装済,,6.6020599913279625
22008575,中古マンション等,,22131,静岡県,浜松市中区,板屋町,浜松,9,３ＬＤＫ,70,,,,平成16年,ＳＲＣ,住宅,住宅,,,,商業地域,80.0,400.0,2016年第３四半期,未改装,,7.447158031342219
22074707,中古マンション等,,22102,静岡県,静岡市駿河区,八幡,静岡,20,,100,,,,平成9年,ＲＣ,住宅,,,,,第２種住居地域,60.0,200.0,2013年第４四半期,,,7.3222192947339195
22032378,中古マンション等,,22211,静岡県,磐田市,今之浦,磐田,23,２ＬＤＫ,75,,,,,,,住宅,,,,第１種住居地域,60.0,200.0,2018年第２四半期,未改装,,7.278753600952829
22030264,中古マンション等,,22210,静岡県,富士市,国久保,富士,1H?1H30,３ＬＤＫ,65,,,,平成7年,ＲＣ,住宅,住宅,,,,第１種住居地域,60.0,200.0,2019年第１四半期,未改装,,7.041392685158225
22004716,中古マンション等,,22102,静岡県,静岡市駿河区,中吉田,草薙(ＪＲ),19,３ＬＤＫ,75,,,,,ＲＣ,,住宅,,,,工業地域,60.0,200.0,2017年第４四半期,未改装,,7.568201724066995
22003433,中古マンション等,,22102,静岡県,静岡市駿河区,稲川,静岡,7,３ＬＤＫ,75,,,,平成23年,,住宅,住宅,,,,商業地域,80.0,500.0,2018年第４四半期,未改装,,7.5910646070264995
22050898,中古マンション等,,22101,静岡県,静岡市葵区,駒形通,静岡,14,４ＬＤＫ,85,,,,平成10年,ＳＲＣ,住宅,住宅,,,,商業地域,80.0,400.0,2014年第３四半期,未改装,,7.380211241711606
22067217,中古マンション等,,22203,静岡県,沼津市,平町,沼津,14,２ＬＤＫ,70,,,,昭和64年,ＲＣ,住宅,,,,,近隣商業地域,80.0,300.0,2010年第２四半期,未改装,,6.991226075692495
22112436,中古マンション等,,22211,静岡県,磐田市,立野,豊田町,1,４ＬＤＫ,85,,,,平成11年,ＳＲＣ,住宅,,,,,近隣商業地域,80.0,200.0,2009年第２四半期,未改装,,7.3979400086720375
22002179,中古マンション等,,22101,静岡県,静岡市葵区,常磐町,静岡,8,１ＤＫ,30,,,,平成9年,ＳＲＣ,住宅,住宅,,,,商業地域,80.0,500.0,2017年第３四半期,未改装,,6.826074802700826
22052718,中古マンション等,,22103,静岡県,静岡市清水区,小芝町,清水(静岡),6,３ＬＤＫ,70,,,,平成14年,ＳＲＣ,住宅,住宅,,,,商業地域,80.0,400.0,2014年第２四半期,改装済,,7.176091259055681
22071919,中古マンション等,,22131,静岡県,浜松市中区,中央,天竜川,14,１ＬＤＫ,60,,,,平成19年,ＲＣ,住宅,,,,,商業地域,80.0,400.0,2012年第４四半期,,,7.3222192947339195
22054058,中古マンション等,,22131,静岡県,浜松市中区,小豆餅,浜松,1H?1H30,４ＬＤＫ,90,,,,平成14年,ＲＣ,住宅,住宅,,,,第１種住居地域,60.0,200.0,2014年第４四半期,未改装,,7.204119982655925
22084790,中古マンション等,,22203,静岡県,沼津市,大手町,沼津,3,３ＬＤＫ,75,,,,平成19年,ＲＣ,住宅,,,,,商業地域,80.0,500.0,2012年第１四半期,未改装,,7.447158031342219
22076080,中古マンション等,,22210,静岡県,富士市,今泉,富士,1H?1H30,３ＬＤＫ,80,,,,平成19年,ＲＣ,住宅,,,,,工業地域,60.0,200.0,2010年第３四半期,改装済,,7.278753600952829
22069834,中古マンション等,,22135,静岡県,浜松市北区,三ヶ日町大崎,都筑,30分?60分,１ＬＤＫ,40,,,,昭和61年,ＲＣ,住宅,住宅,,,,市街化調整区域,60.0,200.0,2015年第４四半期,改装済,,6.944482672150168
22015495,中古マンション等,,22134,静岡県,浜松市南区,頭陀寺町,浜松,30分?60分,３ＬＤＫ,65,,,,平成4年,,住宅,住宅,,,,第１種住居地域,60.0,200.0,2018年第２四半期,未改装,,6.897627091290442
22065598,中古マンション等,,22132,静岡県,浜松市東区,中郡町,浜松,2H?,３ＬＤＫ,70,,,,平成7年,ＳＲＣ,住宅,住宅,,,,市街化調整区域,60.0,200.0,2015年第４四半期,改装済,,7.176091259055681
22009836,中古マンション等,,22131,静岡県,浜松市中区,高丘北,浜松,1H30?2H,２ＬＤＫ,75,,,,平成18年,ＲＣ,住宅,住宅,,,,,,,2019年第３四半期,改装済,,7.278753600952829
22085687,中古マンション等,,22203,静岡県,沼津市,杉崎町,沼津,16,３ＬＤＫ,65,,,,昭和64年,ＳＲＣ,住宅,,,,,第２種住居地域,60.0,200.0,2012年第３四半期,改装済,,7.041392685158225
22004396,中古マンション等,,22102,静岡県,静岡市駿河区,豊田,静岡,30分?60分,３ＬＤＫ,90,,,,平成24年,ＲＣ,住宅,住宅,,,,工業地域,60.0,200.0,2017年第１四半期,,,7.491361693834273
22000511,中古マンション等,,22101,静岡県,静岡市葵区,春日,春日町,4,２ＤＫ,50,,,,昭和47年,ＲＣ,住宅,住宅,,,,第１種住居地域,60.0,200.0,2020年第１四半期,未改装,,6.301029995663981
22059379,中古マンション等,,22131,静岡県,浜松市中区,住吉,浜松,30分?60分,２ＬＤＫ,60,,,,昭和50年,ＳＲＣ,住宅,,,,,第２種住居地域,60.0,200.0,2011年第４四半期,未改装,,6.544068044350276
22069821,中古マンション等,,22203,静岡県,沼津市,新沢田町,沼津,30分?60分,４ＬＤＫ,70,,,,平成8年,ＲＣ,住宅,,,,,準工業地域,60.0,200.0,2011年第１四半期,未改装,調停・競売等,6.959041392321094
22011445,中古マンション等,,22131,静岡県,浜松市中区,山手町,浜松,30分?60分,４ＬＤＫ,75,,,,昭和59年,,住宅,住宅,,,,第１種中高層住居専用地域,60.0,200.0,2019年第１四半期,改装済,,7.079181246047625
22056172,中古マンション等,,22101,静岡県,静岡市葵区,天王町,静岡,13,１Ｋ,15,,,,昭和59年,ＲＣ,住宅,住宅,,,,商業地域,80.0,400.0,2015年第１四半期,未改装,,6.3979400086720375
22120981,中古マンション等,,22103,静岡県,静岡市清水区,神田町,清水(静岡),30分?60分,３ＬＤＫ,85,,,,平成2年,,住宅,,,,,第２種中高層住居専用地域,60.0,200.0,2006年第３四半期,改装済,,7.2552725051033065
22076477,中古マンション等,,22103,静岡県,静岡市清水区,千歳町,清水(静岡),18,３ＬＤＫ,60,,,,昭和56年,ＳＲＣ,住宅,,,,,商業地域,80.0,400.0,2013年第３四半期,改装済,,6.812913356642856
22004721,中古マンション等,,22102,静岡県,静岡市駿河区,中吉田,草薙(ＪＲ),19,１ＬＤＫ,65,,,,平成29年,,,住宅,,,,工業地域,60.0,200.0,2017年第３四半期,未改装,,7.447158031342219
22009919,中古マンション等,,22131,静岡県,浜松市中区,高丘西,浜松,1H30?2H,２ＬＤＫ,55,,,,昭和64年,ＲＣ,住宅,住宅,,,,第１種住居地域,60.0,200.0,2020年第３四半期,未改装,調停・競売等,6.518513939877887
22010991,中古マンション等,,22131,静岡県,浜松市中区,八幡町,浜松,19,３ＬＤＫ,75,,,,平成28年,ＲＣ,,住宅,,,,商業地域,80.0,400.0,2019年第３四半期,未改装,,7.57978359661681
22051501,中古マンション等,,22101,静岡県,静岡市葵区,唐瀬,静岡,30分?60分,３ＬＤＫ,70,,,,平成12年,ＲＣ,住宅,,,,,第１種住居地域,60.0,200.0,2010年第１四半期,,,7.230448921378274
22004857,中古マンション等,,22102,静岡県,静岡市駿河区,西脇,静岡,30分?60分,３ＬＤＫ,75,,,,平成8年,ＲＣ,住宅,住宅,,,,第２種中高層住居専用地域,60.0,200.0,2018年第４四半期,未改装,,7.146128035678238
22084268,中古マンション等,,22214,静岡県,藤枝市,駅前,藤枝,4,２ＬＤＫ,65,,,,,ＲＣ,住宅,,,,,商業地域,80.0,400.0,2014年第１四半期,未改装,,7.447158031342219
22004233,中古マンション等,,22102,静岡県,静岡市駿河区,津島町,静岡,26,３ＬＤＫ,75,,,,平成18年,ＲＣ,住宅,住宅,,,,準工業地域,60.0,200.0,2019年第１四半期,改装済,,7.431363764158987
22056157,中古マンション等,,22102,静岡県,静岡市駿河区,八幡,静岡,15,２ＬＤＫ＋Ｓ,65,,,,平成12年,ＲＣ,住宅,,,,,第２種住居地域,60.0,200.0,2011年第３四半期,未改装,,7.2552725051033065
22053581,中古マンション等,,22102,静岡県,静岡市駿河区,中原,静岡,30分?60分,３ＬＤＫ,65,,,,平成8年,ＲＣ,住宅,,,,,準工業地域,60.0,200.0,2010年第４四半期,,,7.204119982655925
22011437,中古マンション等,,22131,静岡県,浜松市中区,山手町,浜松,30分?60分,３ＬＤＫ,75,,,,平成18年,ＲＣ,住宅,住宅,,,,第１種中高層住居専用地域,60.0,200.0,2020年第１四半期,改装済,,7.3979400086720375
22068327,中古マンション等,,22101,静岡県,静岡市葵区,太田町,静岡,21,２ＬＤＫ,60,,,,平成19年,ＲＣ,住宅,,,,,近隣商業地域,80.0,300.0,2013年第３四半期,未改装,,7.3222192947339195
22117871,中古マンション等,,22101,静岡県,静岡市葵区,追手町,静岡,13,３ＤＫ,55,,,,昭和54年,ＳＲＣ,住宅,,,,,商業地域,80.0,600.0,2008年第４四半期,未改装,,7.041392685158225
22081825,中古マンション等,,22210,静岡県,富士市,永田町,富士,30分?60分,３ＬＤＫ,80,,,,平成17年,ＲＣ,住宅,,,,,商業地域,80.0,400.0,2011年第４四半期,未改装,,7.361727836017593
22053591,中古マンション等,,22102,静岡県,静岡市駿河区,中原,静岡,29,３ＬＤＫ,65,,,,平成8年,ＲＣ,住宅,,,,,準工業地域,60.0,200.0,2010年第１四半期,未改装,,7.176091259055681
22088170,中古マンション等,,22212,静岡県,焼津市,中里,焼津,18,３ＬＤＫ,75,,,,平成8年,ＲＣ,住宅,,,,,市街化調整区域,60.0,200.0,2011年第１四半期,改装済,,7.113943352306837
22007082,中古マンション等,,22103,静岡県,静岡市清水区,宝町,清水(静岡),10,３ＬＤＫ,90,,,,平成17年,ＲＣ,,住宅,,,,商業地域,80.0,400.0,2020年第２四半期,未改装,,7.3222192947339195
22092204,中古マンション等,,22131,静岡県,浜松市中区,曳馬,浜松,30分?60分,３ＬＤＫ,80,,,,平成12年,ＲＣ,住宅,,,,,第１種住居地域,60.0,200.0,2009年第２四半期,未改装,,7.230448921378274
22009312,中古マンション等,,22131,静岡県,浜松市中区,佐鳴台,浜松,30分?60分,４ＬＤＫ,100,,,,平成16年,ＲＣ,住宅,住宅,,,,第１種中高層住居専用地域,60.0,200.0,2019年第３四半期,未改装,,7.477121254719663
22073612,中古マンション等,,22102,静岡県,静岡市駿河区,西中原,静岡,25,２ＬＤＫ,60,,,,昭和48年,ＳＲＣ,住宅,,,,,近隣商業地域,80.0,200.0,2013年第４四半期,改装済,,6.698970004336019
22069920,中古マンション等,,22131,静岡県,浜松市中区,板屋町,浜松,4,３ＬＤＫ,105,,,,平成18年,ＲＣ,住宅,,,,,商業地域,80.0,600.0,2012年第２四半期,未改装,,7.763427993562937
22001254,中古マンション等,,22101,静岡県,静岡市葵区,三番町,静岡,24,１ＬＤＫ,55,,,,平成31年,ＲＣ,住宅,住宅,,,,近隣商業地域,80.0,200.0,2020年第１四半期,未改装,,7.491361693834273
22110913,中古マンション等,,22210,静岡県,富士市,伝法,富士,30分?60分,３ＬＤＫ,65,,,,平成5年,ＲＣ,住宅,,,,,第１種住居地域,60.0,200.0,2009年第３四半期,改装済,,6.977723605288848
22086555,中古マンション等,,22133,静岡県,浜松市西区,雄踏町宇布見,浜松,1H30?2H,３ＬＤＫ,70,,,,平成6年,ＳＲＣ,住宅,,,,,第２種中高層住居専用地域,60.0,200.0,2013年第２四半期,未改装,,7.146128035678238
22021565,中古マンション等,,22203,静岡県,沼津市,西島町,沼津,24,３ＬＤＫ,75,,,,昭和62年,ＳＲＣ,住宅,住宅,,,,準工業地域,60.0,200.0,2016年第３四半期,未改装,,6.812913356642856
22060044,中古マンション等,,22131,静岡県,浜松市中区,中沢町,八幡(静岡),11,３ＬＤＫ,75,,,,平成3年,ＳＲＣ,住宅,,,,,商業地域,80.0,400.0,2011年第１四半期,未改装,,7.079181246047625
22069830,中古マンション等,,22135,静岡県,浜松市北区,三ヶ日町大崎,都筑,30分?60分,２ＬＤＫ,80,,,,昭和63年,ＳＲＣ,住宅,その他,,,,市街化調整区域,60.0,200.0,2015年第４四半期,,,6.2552725051033065
22021610,中古マンション等,,22203,静岡県,沼津市,西間門,沼津,24,３ＬＤＫ,70,,,,昭和61年,ＲＣ,住宅,,,,,第１種住居地域,60.0,200.0,2016年第１四半期,改装済,,6.929418925714293
22069613,中古マンション等,,22131,静岡県,浜松市中区,葵西,浜松,1H30?2H,４ＬＤＫ,80,,,,平成9年,ＲＣ,住宅,,,,,第１種住居地域,60.0,200.0,2012年第４四半期,未改装,,7.041392685158225
22005024,中古マンション等,,22102,静岡県,静岡市駿河区,曲金,静岡,24,３ＬＤＫ,55,,,,昭和49年,ＳＲＣ,,住宅,,,,工業地域,60.0,200.0,2019年第１四半期,改装済,,6.740362689494244
22054312,中古マンション等,,22131,静岡県,浜松市中区,上島,浜松,30分?60分,３ＬＤＫ,75,,,,平成15年,ＳＲＣ,住宅,,,,,第１種住居地域,60.0,200.0,2014年第１四半期,未改装,,7.176091259055681
22052377,中古マンション等,,22101,静岡県,静岡市葵区,東町,静岡,14,４ＬＤＫ,95,,,,平成22年,ＳＲＣ,住宅,,,,,近隣商業地域,80.0,300.0,2011年第１四半期,未改装,,7.643452676486188
22087677,中古マンション等,,22134,静岡県,浜松市南区,東若林町,浜松,30分?60分,１Ｋ,15,,,,平成2年,ＲＣ,住宅,,,,,第１種住居地域,60.0,200.0,2013年第３四半期,,,6.146128035678238
22065901,中古マンション等,,22135,静岡県,浜松市北区,三ヶ日町都筑,都筑,30分?60分,１ＬＤＫ,40,,,,昭和59年,ＲＣ,住宅,,,,,市街化調整区域,60.0,200.0,2011年第２四半期,改装済,,6.633468455579586
22080504,中古マンション等,,22131,静岡県,浜松市中区,寺島町,浜松,12,１Ｒ,20,,,,昭和64年,ＲＣ,住宅,,,,,近隣商業地域,80.0,300.0,2013年第４四半期,改装済,,6.176091259055681
22000997,中古マンション等,,22101,静岡県,静岡市葵区,北安東,静岡,30分?60分,３ＬＤＫ,70,,,,平成7年,ＲＣ,住宅,住宅,,,,第２種中高層住居専用地域,60.0,200.0,2017年第２四半期,未改装,,7.113943352306837
22021484,中古マンション等,,22203,静岡県,沼津市,西沢田,沼津,30分?60分,２ＬＤＫ,70,,,,平成11年,ＲＣ,住宅,住宅,,,,第１種住居地域,60.0,200.0,2020年第３四半期,未改装,,7.113943352306837
22020915,中古マンション等,,22203,静岡県,沼津市,五月町,沼津,16,３ＬＤＫ,80,,,,平成13年,,住宅,住宅,,,,第２種住居地域,60.0,200.0,2018年第１四半期,未改装,,7.176091259055681
22031688,中古マンション等,,22210,静岡県,富士市,水戸島,富士,9,３ＬＤＫ,80,,,,昭和64年,ＳＲＣ,,住宅,,,,第２種住居地域,60.0,200.0,2019年第１四半期,改装済,,7.041392685158225
22087863,中古マンション等,,22206,静岡県,三島市,一番町,三島,4,４ＬＤＫ,80,,,,昭和61年,ＳＲＣ,住宅,,,,,商業地域,80.0,400.0,2012年第３四半期,改装済,,7.204119982655925
22098393,中古マンション等,,22206,静岡県,三島市,松が丘,三島,30分?60分,２ＬＤＫ,60,,,,平成13年,ＲＣ,住宅,,,,,第２種住居地域,60.0,200.0,2013年第４四半期,未改装,,7.146128035678238
22063635,中古マンション等,,22203,静岡県,沼津市,大岡,沼津,25,３ＬＤＫ,65,,,,平成9年,ＲＣ,住宅,住宅,,,,第２種中高層住居専用地域,60.0,200.0,2014年第４四半期,改装済,,7.380211241711606
22021737,中古マンション等,,22203,静岡県,沼津市,原町中,原(静岡),15,３ＬＤＫ,65,,,,平成12年,ＲＣ,,住宅,,,,第２種住居地域,60.0,200.0,2020年第２四半期,未改装,,6.954242509439325
22052154,中古マンション等,,22101,静岡県,静岡市葵区,西千代田町,静岡,30分?60分,３ＬＤＫ,60,,,,昭和64年,ＲＣ,住宅,,,,,第１種中高層住居専用地域,60.0,200.0,2010年第２四半期,未改装,,7.041392685158225
22124703,中古マンション等,,22135,静岡県,浜松市北区,三ヶ日町都筑,東都筑,21,１ＬＤＫ,50,,,,平成2年,ＳＲＣ,住宅,,,,,市街化調整区域,60.0,200.0,2008年第１四半期,未改装,調停・競売等,6.361727836017593
22011082,中古マンション等,,22131,静岡県,浜松市中区,東伊場,浜松,18,３ＬＤＫ,80,,,,昭和61年,ＲＣ,住宅,住宅,,,,近隣商業地域,60.0,300.0,2019年第２四半期,未改装,,6.929418925714293
22022828,中古マンション等,,22206,静岡県,三島市,青木,三島,30分?60分,２ＬＤＫ＋Ｓ,65,,,,平成16年,ＲＣ,住宅,住宅,,,,第１種住居地域,60.0,200.0,2017年第２四半期,未改装,,7.230448921378274
22098073,中古マンション等,,22210,静岡県,富士市,蓼原,富士,8,３ＬＤＫ,75,,,,,ＲＣ,住宅,,,,,,,,2012年第１四半期,未改装,調停・競売等,7.0
22008801,中古マンション等,,22131,静岡県,浜松市中区,上島,浜松,30分?60分,３ＬＤＫ,70,,,,平成16年,ＲＣ,住宅,住宅,,,,第１種住居地域,60.0,200.0,2017年第１四半期,未改装,,7.3222192947339195
22011441,中古マンション等,,22131,静岡県,浜松市中区,山手町,浜松,30分?60分,３ＬＤＫ,105,,,,平成12年,ＲＣ,住宅,住宅,,,,第１種中高層住居専用地域,60.0,200.0,2019年第４四半期,改装済,,7.544068044350276
22057372,中古マンション等,,22103,静岡県,静岡市清水区,千歳町,清水(静岡),19,３ＬＤＫ,90,,,,平成14年,ＳＲＣ,住宅,,,,,商業地域,80.0,400.0,2011年第３四半期,未改装,,7.278753600952829
22011136,中古マンション等,,22131,静岡県,浜松市中区,曳馬,浜松,30分?60分,３ＬＤＫ,80,,,,平成17年,ＲＣ,,住宅,,,,第１種住居地域,60.0,200.0,2020年第１四半期,改装済,,7.3222192947339195
22012648,中古マンション等,,22132,静岡県,浜松市東区,神立町,浜松,30分?60分,２ＬＤＫ,70,,,,平成18年,ＲＣ,住宅,住宅,,,,第２種住居地域,60.0,200.0,2018年第３四半期,未改装,,7.146128035678238
22086301,中古マンション等,,22214,静岡県,藤枝市,前島,藤枝,5,３ＬＤＫ,80,,,,,ＲＣ,住宅,住宅,,,,第２種住居地域,60.0,200.0,2014年第４四半期,未改装,,7.342422680822207
22119469,中古マンション等,,22102,静岡県,静岡市駿河区,小鹿,東静岡,15,２ＬＤＫ＋Ｓ,70,,,,平成13年,ＲＣ,住宅,,,,,近隣商業地域,80.0,200.0,2007年第３四半期,未改装,,7.380211241711606
22013034,中古マンション等,,22132,静岡県,浜松市東区,天龍川町,天竜川,1,２ＬＤＫ,65,,,,,ＳＲＣ,住宅,住宅,,,,近隣商業地域,80.0,300.0,2016年第１四半期,未改装,,6.973127853599698
22014689,中古マンション等,,22133,静岡県,浜松市西区,舞阪町弁天島,浜松,2H?,１Ｋ,20,,,,昭和49年,ＲＣ,住宅,その他,,,,第１種住居地域,60.0,200.0,2016年第４四半期,未改装,,5.954242509439325
22034029,中古マンション等,,22211,静岡県,磐田市,一言,磐田,30分?60分,３ＬＤＫ,60,,,,平成5年,ＳＲＣ,住宅,その他,,,,市街化調整区域,60.0,200.0,2016年第４四半期,未改装,,6.6020599913279625
22015521,中古マンション等,,22134,静岡県,浜松市南区,西伝寺町,浜松,30分?60分,２ＬＤＫ,80,,,,平成2年,,住宅,住宅,,,,第１種住居地域,60.0,200.0,2020年第２四半期,未改装,,6.991226075692495
22053253,中古マンション等,,22101,静岡県,静岡市葵区,新通,静岡,21,３ＬＤＫ,70,,,,平成7年,ＲＣ,住宅,,,,,近隣商業地域,80.0,400.0,2011年第１四半期,改装済,,7.2552725051033065
22055526,中古マンション等,,22131,静岡県,浜松市中区,中島,浜松,20,３ＬＤＫ,60,,,,平成2年,ＲＣ,住宅,住宅,,,,第１種住居地域,60.0,200.0,2014年第３四半期,未改装,,6.986771734266245
22093058,中古マンション等,,22203,静岡県,沼津市,上土町,沼津,9,,70,,,,,ＳＲＣ,住宅,,,,,商業地域,80.0,400.0,2013年第４四半期,未改装,,7.2552725051033065
22052703,中古マンション等,,22101,静岡県,静岡市葵区,春日,静岡,18,２ＬＤＫ,70,,,,平成12年,ＲＣ,住宅,,,,,第２種住居地域,60.0,200.0,2011年第３四半期,未改装,,7.2552725051033065
22068188,中古マンション等,,22103,静岡県,静岡市清水区,千歳町,清水(静岡),18,３ＬＤＫ,70,,,,平成19年,ＲＣ,住宅,,,,,商業地域,80.0,400.0,2012年第２四半期,未改装,調停・競売等,7.079181246047625
22125461,中古マンション等,,22203,静岡県,沼津市,大手町,沼津,1,３ＬＤＫ,75,,,,平成20年,ＲＣ,住宅,,,,,商業地域,80.0,500.0,2008年第２四半期,未改装,,7.556302500767287
22014899,中古マンション等,,22133,静岡県,浜松市西区,雄踏,浜松,1H30?2H,３ＬＤＫ,75,,,,平成19年,ＲＣ,,住宅,,,,準住居地域,60.0,200.0,2017年第３四半期,未改装,,7.230448921378274
22009355,中古マンション等,,22131,静岡県,浜松市中区,佐鳴台,浜松,30分?60分,４ＬＤＫ,90,,,,平成12年,ＲＣ,住宅,住宅,,,,近隣商業地域,80.0,200.0,2017年第２四半期,未改装,,7.380211241711606
22004187,中古マンション等,,22102,静岡県,静岡市駿河区,高松,静岡,1H?1H30,２ＬＤＫ,65,,,,平成10年,ＲＣ,,住宅,,,,第１種中高層住居専用地域,60.0,150.0,2019年第４四半期,未改装,,6.977723605288848
22024933,中古マンション等,,22207,静岡県,富士宮市,中央町,富士宮,2,３ＬＤＫ,80,,,,,,住宅,住宅,,,,商業地域,80.0,400.0,2018年第４四半期,未改装,,7.301029995663981
22021308,中古マンション等,,22203,静岡県,沼津市,高沢町,沼津,8,３ＬＤＫ,75,,,,平成11年,ＲＣ,,住宅,,,,商業地域,80.0,400.0,2019年第２四半期,未改装,,7.146128035678238
22052376,中古マンション等,,22101,静岡県,静岡市葵区,東町,静岡,11,３ＬＤＫ,75,,,,平成22年,ＳＲＣ,住宅,,,,,近隣商業地域,80.0,300.0,2011年第１四半期,未改装,,7.518513939877887
22011682,中古マンション等,,22131,静岡県,浜松市中区,和合町,浜松,1H?1H30,３ＬＤＫ,65,,,,平成7年,,住宅,住宅,,,,第１種住居地域,60.0,200.0,2018年第４四半期,未改装,,7.041392685158225
22078478,中古マンション等,,22131,静岡県,浜松市中区,上島,上島,9,４ＬＤＫ,70,,,,平成10年,ＲＣ,住宅,,,,,第１種住居地域,60.0,200.0,2013年第２四半期,未改装,,7.146128035678238
22111085,中古マンション等,,22214,静岡県,藤枝市,駅前,藤枝,4,３ＬＤＫ,85,,,,平成19年,ＲＣ,住宅,,,,,商業地域,80.0,400.0,2013年第２四半期,,,7.447158031342219
22092535,中古マンション等,,22131,静岡県,浜松市中区,山下町,浜松,18,４ＬＤＫ,80,,,,昭和61年,ＳＲＣ,住宅,,,,,商業地域,80.0,500.0,2009年第３四半期,未改装,,7.079181246047625
22098925,中古マンション等,,22207,静岡県,富士宮市,朝日町,西富士宮,15,２ＤＫ,55,,,,,ＲＣ,住宅,,,,,,,,2013年第２四半期,,,6.845098040014257
22089218,中古マンション等,,22131,静岡県,浜松市中区,鍛冶町,浜松,8,３ＬＤＫ,80,,,,平成12年,ＳＲＣ,住宅,,,,,商業地域,80.0,400.0,2009年第２四半期,未改装,,7.447158031342219
22031717,中古マンション等,,22210,静岡県,富士市,水戸島本町,富士,6,１Ｋ,15,,,,平成4年,ＳＲＣ,住宅,,,,,近隣商業地域,80.0,300.0,2019年第３四半期,未改装,,6.204119982655925
22072758,中古マンション等,,22131,静岡県,浜松市中区,野口町,浜松,20,３ＬＤＫ,70,,,,平成9年,ＲＣ,住宅,,,,,近隣商業地域,80.0,200.0,2012年第２四半期,未改装,調停・競売等,6.977723605288848
22113442,中古マンション等,,22212,静岡県,焼津市,栄町,焼津,1,３ＬＤＫ,65,,,,平成9年,ＳＲＣ,住宅,,,,,商業地域,80.0,400.0,2009年第２四半期,未改装,調停・競売等,6.681241237375588
22004600,中古マンション等,,22102,静岡県,静岡市駿河区,中田,静岡,19,３ＬＤＫ,80,,,,平成22年,ＲＣ,,,,,,第２種住居地域,60.0,200.0,2018年第１四半期,未改装,,7.518513939877887
22111661,中古マンション等,,22210,静岡県,富士市,水戸島元町,富士,4,３ＬＤＫ,55,,,,昭和56年,ＳＲＣ,住宅,,,,,商業地域,80.0,400.0,2009年第４四半期,改装済,,6.845098040014257
22122292,中古マンション等,,22131,静岡県,浜松市中区,幸,浜松,30分?60分,３ＬＤＫ,65,,,,平成19年,ＲＣ,住宅,,,,,第２種住居地域,60.0,200.0,2008年第１四半期,未改装,,7.3979400086720375
22020943,中古マンション等,,22203,静岡県,沼津市,三枚橋町,沼津,5,２ＬＤＫ,70,,,,平成21年,ＲＣ,,住宅,,,,近隣商業地域,80.0,300.0,2017年第３四半期,未改装,,7.380211241711606
22084798,中古マンション等,,22102,静岡県,静岡市駿河区,南町,静岡,5,オープンフロア,60,,,,平成8年,鉄骨造,店舗,,,,,商業地域,80.0,400.0,2009年第１四半期,,,7.204119982655925
22039506,中古マンション等,,22214,静岡県,藤枝市,田沼,藤枝,4,３ＬＤＫ,75,,,,,,,住宅,,,,近隣商業地域,80.0,300.0,2020年第１四半期,未改装,,7.301029995663981
22001135,中古マンション等,,22101,静岡県,静岡市葵区,呉服町,静岡,11,１ＬＤＫ,55,,,,平成26年,ＲＣ,住宅,住宅,,,,商業地域,80.0,600.0,2019年第１四半期,未改装,,7.5910646070264995
22084308,中古マンション等,,22102,静岡県,静岡市駿河区,曲金,東静岡,8,３ＬＤＫ,95,,,,平成17年,ＲＣ,住宅,,,,,工業地域,60.0,200.0,2009年第２四半期,未改装,,7.431363764158987
22010189,中古マンション等,,22131,静岡県,浜松市中区,中央,浜松,18,３ＬＤＫ,75,,,,平成19年,ＲＣ,住宅,住宅,,,,商業地域,80.0,400.0,2018年第４四半期,未改装,,7.505149978319906
22051131,中古マンション等,,22101,静岡県,静岡市葵区,長沼,東静岡,9,３ＬＤＫ,85,,,,平成15年,ＲＣ,住宅,住宅,,,,第１種住居地域,60.0,200.0,2014年第４四半期,未改装,,7.414973347970818
22075412,中古マンション等,,22203,静岡県,沼津市,三園町,沼津,20,４ＬＤＫ,80,,,,平成14年,ＳＲＣ,住宅,住宅,,,,近隣商業地域,80.0,300.0,2015年第３四半期,改装済,,7.278753600952829
22013276,中古マンション等,,22132,静岡県,浜松市東区,西塚町,浜松,30分?60分,３ＬＤＫ,75,,,,平成20年,ＳＲＣ,,住宅,,,,第１種住居地域,60.0,200.0,2020年第３四半期,未改装,,7.301029995663981
22053794,中古マンション等,,22102,静岡県,静岡市駿河区,曲金,東静岡,6,３ＬＤＫ,65,,,,平成17年,ＲＣ,住宅,,,,,工業地域,60.0,200.0,2010年第１四半期,未改装,,7.204119982655925
22072957,中古マンション等,,22102,静岡県,静岡市駿河区,手越,安倍川,20,３ＬＤＫ,70,,,,平成12年,ＲＣ,住宅,,,,,準工業地域,60.0,200.0,2013年第１四半期,,,7.079181246047625
22010182,中古マンション等,,22131,静岡県,浜松市中区,中央,浜松,13,２ＬＤＫ＋Ｓ,85,,,,,ＳＲＣ,住宅,住宅,,,,商業地域,80.0,400.0,2019年第２四半期,改装済,,7.414973347970818
22069192,中古マンション等,,22101,静岡県,静岡市葵区,七間町,静岡,11,３ＬＤＫ,70,,,,平成14年,ＳＲＣ,住宅,,,,,商業地域,80.0,600.0,2013年第３四半期,未改装,,7.361727836017593
22039919,中古マンション等,,22214,静岡県,藤枝市,前島,藤枝,5,３ＬＤＫ,70,,,,平成20年,,,住宅,,,,第２種住居地域,60.0,200.0,2018年第３四半期,未改装,,7.414973347970818
22010190,中古マンション等,,22131,静岡県,浜松市中区,中央,浜松,13,２ＬＤＫ,60,,,,平成12年,ＳＲＣ,住宅,住宅,,,,商業地域,80.0,400.0,2018年第３四半期,未改装,,7.3222192947339195
22119427,中古マンション等,,22102,静岡県,静岡市駿河区,小黒,静岡,24,４ＬＤＫ,80,,,,平成12年,ＲＣ,住宅,,,,,工業地域,60.0,200.0,2008年第１四半期,未改装,,7.380211241711606
22129573,中古マンション等,,22211,静岡県,磐田市,中泉,磐田,3,３ＬＤＫ,75,,,,平成19年,ＲＣ,住宅,,,,,商業地域,80.0,400.0,2007年第３四半期,未改装,,7.3979400086720375
22058615,中古マンション等,,22102,静岡県,静岡市駿河区,丸子新田,安倍川,21,３ＬＤＫ,70,,,,平成17年,ＲＣ,住宅,住宅,,,,準工業地域,60.0,200.0,2015年第３四半期,未改装,,7.230448921378274
22007892,中古マンション等,,22103,静岡県,静岡市清水区,宮下町,清水(静岡),18,４ＤＫ,50,,,,昭和53年,ＲＣ,住宅,住宅,,,,第２種住居地域,60.0,200.0,2016年第３四半期,未改装,,5.7160033436347994
22060087,中古マンション等,,22103,静岡県,静岡市清水区,千歳町,清水(静岡),18,４ＬＤＫ,75,,,,昭和56年,ＲＣ,住宅,住宅,,,,商業地域,80.0,400.0,2015年第１四半期,未改装,関係者間取引,6.778151250383644
22122228,中古マンション等,,22131,静岡県,浜松市中区,鴨江,浜松,26,１Ｋ,15,,,,昭和63年,ＲＣ,住宅,,,,,第１種中高層住居専用地域,60.0,200.0,2008年第１四半期,未改装,,6.491361693834273
22123871,中古マンション等,,22133,静岡県,浜松市西区,舞阪町弁天島,弁天島,8,３ＬＤＫ,80,,,,平成3年,ＲＣ,住宅,,,,,第１種住居地域,60.0,200.0,2008年第３四半期,未改装,,7.079181246047625
22099908,中古マンション等,,22135,静岡県,浜松市北区,三ヶ日町都筑,都筑,30分?60分,１Ｋ,25,,,,昭和49年,ＳＲＣ,住宅,,,,,市街化調整区域,60.0,200.0,2009年第４四半期,改装済,,6.176091259055681
22089783,中古マンション等,,22131,静岡県,浜松市中区,北寺島町,浜松,11,１Ｋ,30,,,,平成2年,ＳＲＣ,住宅,,,,,商業地域,80.0,500.0,2009年第１四半期,未改装,,6.653212513775344
22058171,中古マンション等,,22102,静岡県,静岡市駿河区,中原,静岡,25,４ＬＤＫ,100,,,,平成18年,ＲＣ,住宅,住宅,,,,準工業地域,60.0,200.0,2015年第４四半期,,,7.477121254719663
22055481,中古マンション等,,22103,静岡県,静岡市清水区,西高町,清水(静岡),30分?60分,３ＬＤＫ,80,,,,平成20年,ＲＣ,住宅,,,,,第２種中高層住居専用地域,60.0,200.0,2010年第３四半期,改装済,,7.447158031342219
22056524,中古マンション等,,22101,静岡県,静岡市葵区,東千代田,東静岡,28,３ＬＤＫ,55,,,,平成3年,ＲＣ,住宅,住宅,,,,第２種中高層住居専用地域,60.0,200.0,2015年第１四半期,未改装,,6.778151250383644
22007782,中古マンション等,,22103,静岡県,静岡市清水区,港町,清水(静岡),23,３ＬＤＫ,85,,,,平成8年,ＳＲＣ,住宅,住宅,,,,工業地域,60.0,200.0,2016年第４四半期,未改装,,7.176091259055681
22065847,中古マンション等,,22203,静岡県,沼津市,大岡,沼津,1H?1H30,３ＬＤＫ,75,,,,平成21年,ＲＣ,住宅,,,,,第２種中高層住居専用地域,60.0,150.0,2010年第４四半期,未改装,,7.361727836017593
22075414,中古マンション等,,22203,静岡県,沼津市,三園町,沼津,24,３ＬＤＫ,85,,,,平成4年,ＲＣ,住宅,住宅,,,,近隣商業地域,80.0,300.0,2015年第２四半期,未改装,,6.903089986991944
22065899,中古マンション等,,22135,静岡県,浜松市北区,三ヶ日町都筑,都筑,19,１ＬＤＫ,70,,,,平成2年,ＳＲＣ,住宅,,,,,市街化調整区域,60.0,200.0,2011年第３四半期,未改装,,6.819543935541868
22062171,中古マンション等,,22101,静岡県,静岡市葵区,沓谷,静岡,30分?60分,３ＬＤＫ,70,,,,平成8年,ＲＣ,住宅,,,,,第１種中高層住居専用地域,60.0,200.0,2012年第４四半期,未改装,,7.146128035678238
22031854,中古マンション等,,22210,静岡県,富士市,宮島,富士,24,３ＬＤＫ,65,,,,平成19年,ＲＣ,住宅,住宅,,,,第１種住居地域,60.0,200.0,2019年第１四半期,改装済,,7.176091259055681
22078626,中古マンション等,,22131,静岡県,浜松市中区,上島,浜松,30分?60分,３ＬＤＫ,70,,,,平成9年,ＲＣ,住宅,,,,,第１種住居地域,60.0,200.0,2013年第４四半期,未改装,,7.041392685158225
22057375,中古マンション等,,22103,静岡県,静岡市清水区,千歳町,清水(静岡),19,２ＬＤＫ,60,,,,昭和62年,ＳＲＣ,住宅,,,,,商業地域,80.0,400.0,2011年第１四半期,未改装,,6.986771734266245
22082058,中古マンション等,,22131,静岡県,浜松市中区,龍禅寺町,浜松,11,３ＤＫ,50,,,,平成2年,ＳＲＣ,住宅,,,,,近隣商業地域,80.0,300.0,2013年第４四半期,未改装,,6.698970004336019
22083835,中古マンション等,,22203,静岡県,沼津市,上土町,沼津,9,３ＬＤＫ,70,,,,平成9年,ＳＲＣ,住宅,,,,,商業地域,80.0,500.0,2012年第４四半期,未改装,,7.113943352306837
22004162,中古マンション等,,22102,静岡県,静岡市駿河区,石部,用宗,18,１ＬＤＫ,40,,,,平成6年,ＲＣ,,住宅,,,,第１種住居地域,60.0,200.0,2018年第２四半期,,,6.778151250383644
22079067,中古マンション等,,22131,静岡県,浜松市中区,幸,浜松,30分?60分,３ＬＤＫ,70,,,,平成6年,ＲＣ,住宅,,,,,第１種中高層住居専用地域,60.0,200.0,2013年第１四半期,未改装,,6.982271233039568
22062194,中古マンション等,,22131,静岡県,浜松市中区,蜆塚,浜松,30分?60分,３ＬＤＫ,65,,,,平成8年,ＲＣ,事務所,事務所,,,,第１種中高層住居専用地域,60.0,200.0,2015年第１四半期,改装済,,7.113943352306837
22090555,中古マンション等,,22131,静岡県,浜松市中区,住吉,浜松,30分?60分,３ＬＤＫ,55,,,,昭和50年,ＳＲＣ,住宅,,,,,第２種住居地域,60.0,200.0,2009年第４四半期,未改装,,6.672097857935717
22010309,中古マンション等,,22131,静岡県,浜松市中区,常盤町,浜松,12,３ＬＤＫ,75,,,,平成10年,,,住宅,,,,商業地域,80.0,500.0,2018年第１四半期,未改装,,7.176091259055681
22053268,中古マンション等,,22101,静岡県,静岡市葵区,神明町,静岡,26,１Ｒ,15,,,,昭和60年,ＲＣ,住宅,,,,,準工業地域,60.0,200.0,2011年第１四半期,改装済,,6.3222192947339195
22057783,中古マンション等,,22102,静岡県,静岡市駿河区,石部,用宗,18,１ＬＤＫ,40,,,,平成6年,ＲＣ,住宅,住宅,,,,第１種住居地域,60.0,200.0,2015年第１四半期,未改装,,6.924279286061882
22091229,中古マンション等,,22131,静岡県,浜松市中区,中央,浜松,15,３ＬＤＫ,80,,,,平成16年,ＳＲＣ,住宅,,,,,近隣商業地域,80.0,300.0,2009年第３四半期,未改装,,7.3979400086720375
22010260,中古マンション等,,22131,静岡県,浜松市中区,寺島町,浜松,6,２ＬＤＫ,65,,,,平成26年,,,住宅,,,,近隣商業地域,80.0,300.0,2018年第１四半期,未改装,,7.4623979978989565
22056615,中古マンション等,,22103,静岡県,静岡市清水区,小芝町,清水(静岡),7,２ＬＤＫ,55,,,,平成5年,ＳＲＣ,住宅,,,,,商業地域,80.0,400.0,2011年第１四半期,改装済,,7.113943352306837
22011552,中古マンション等,,22131,静岡県,浜松市中区,連尺町,浜松,10,１Ｋ,20,,,,昭和56年,ＳＲＣ,住宅,住宅,,,,商業地域,80.0,600.0,2019年第３四半期,未改装,,6.4623979978989565
22002123,中古マンション等,,22101,静岡県,静岡市葵区,天王町,静岡,14,１Ｋ,15,,,,昭和59年,ＲＣ,住宅,住宅,,,,商業地域,80.0,400.0,2016年第４四半期,未改装,,6.505149978319906
22030258,中古マンション等,,22210,静岡県,富士市,国久保,富士,1H?1H30,３ＬＤＫ,65,,,,平成7年,ＲＣ,住宅,住宅,,,,第１種住居地域,60.0,200.0,2020年第３四半期,改装済,,7.079181246047625
22010199,中古マンション等,,22131,静岡県,浜松市中区,中央,浜松,10,３ＬＤＫ,65,,,,平成12年,ＳＲＣ,,住宅,,,,商業地域,80.0,400.0,2018年第１四半期,未改装,,7.342422680822207
22078434,中古マンション等,,22134,静岡県,浜松市南区,楊子町,浜松,20,３ＬＤＫ,70,,,,平成13年,ＲＣ,住宅,,,,,第１種住居地域,60.0,200.0,2012年第４四半期,未改装,,7.146128035678238
22086924,中古マンション等,,22203,静岡県,沼津市,米山町,沼津,9,,85,,,,平成9年,ＲＣ,住宅,,,,,第２種住居地域,50.0,200.0,2012年第４四半期,未改装,,7.2552725051033065
22054577,中古マンション等,,22101,静岡県,静岡市葵区,東町,静岡,12,１ＬＤＫ,90,,,,平成22年,ＳＲＣ,住宅,住宅,,,,近隣商業地域,80.0,300.0,2015年第１四半期,改装済,,7.568201724066995
22128947,中古マンション等,,22210,静岡県,富士市,平垣本町,富士,10,２ＬＤＫ,50,,,,昭和54年,ＲＣ,住宅,,,,,近隣商業地域,80.0,200.0,2007年第４四半期,未改装,,6.681241237375588
22111059,中古マンション等,,22210,静岡県,富士市,中島,富士,16,１ＬＤＫ,45,,,,平成2年,ＲＣ,住宅,,,,,第１種住居地域,60.0,200.0,2009年第４四半期,改装済,,6.740362689494244
22014585,中古マンション等,,22133,静岡県,浜松市西区,西山町,浜松,1H?1H30,３ＬＤＫ,75,,,,平成3年,ＲＣ,住宅,住宅,,,,市街化調整区域,60.0,200.0,2016年第１四半期,改装済,,7.079181246047625
22010235,中古マンション等,,22131,静岡県,浜松市中区,寺島町,浜松,13,,20,,,,昭和64年,ＲＣ,住宅,住宅,,,,近隣商業地域,80.0,300.0,2020年第１四半期,改装済,,6.342422680822207
22079222,中古マンション等,,22135,静岡県,浜松市北区,初生町,浜松,1H30?2H,２ＬＤＫ,65,,,,平成14年,ＲＣ,住宅,,,,,市街化調整区域,60.0,200.0,2012年第４四半期,未改装,,7.176091259055681
22062422,中古マンション等,,22131,静岡県,浜松市中区,住吉,浜松,30分?60分,３ＬＤＫ,60,,,,昭和50年,ＲＣ,住宅,住宅,,,,第２種住居地域,60.0,200.0,2015年第２四半期,未改装,,6.778151250383644
22062679,中古マンション等,,22133,静岡県,浜松市西区,入野町,浜松,30分?60分,３ＬＤＫ,80,,,,平成3年,ＳＲＣ,住宅,,,,,第１種住居地域,60.0,200.0,2011年第４四半期,未改装,,7.176091259055681
22067361,中古マンション等,,22134,静岡県,浜松市南区,飯田町,浜松,30分?60分,３ＬＤＫ,70,,,,平成13年,ＲＣ,住宅,,,,,第１種住居地域,60.0,200.0,2015年第１四半期,,,7.041392685158225
22004884,中古マンション等,,22102,静岡県,静岡市駿河区,東静岡,東静岡,7,２ＬＤＫ,70,,,,平成25年,,,住宅,,,,商業地域,80.0,400.0,2020年第３四半期,未改装,,7.477121254719663
22021235,中古マンション等,,22203,静岡県,沼津市,浅間町,沼津,14,３ＬＤＫ,70,,,,平成23年,ＲＣ,住宅,住宅,,,,商業地域,80.0,400.0,2019年第２四半期,未改装,,7.3222192947339195
22072055,中古マンション等,,22206,静岡県,三島市,梅名,三島,30分?60分,１Ｋ,20,,,,昭和62年,ＲＣ,住宅,,,,,第２種中高層住居専用地域,60.0,200.0,2011年第２四半期,未改装,調停・競売等,5.903089986991944
22007889,中古マンション等,,22103,静岡県,静岡市清水区,宮下町,清水(静岡),13,４Ｋ,50,,,,昭和53年,ＲＣ,住宅,住宅,,,,第２種住居地域,60.0,200.0,2016年第４四半期,,,6.3979400086720375
22080406,中古マンション等,,22131,静岡県,浜松市中区,中央,浜松,10,３ＬＤＫ,75,,,,平成13年,ＲＣ,住宅,,,,,商業地域,80.0,400.0,2013年第４四半期,未改装,,7.361727836017593
22050859,中古マンション等,,22101,静岡県,静岡市葵区,北安東,静岡,30分?60分,３ＬＤＫ,85,,,,平成12年,ＲＣ,住宅,住宅,,,,第２種中高層住居専用地域,60.0,200.0,2014年第４四半期,未改装,,7.342422680822207
22057943,中古マンション等,,22133,静岡県,浜松市西区,入野町,浜松,30分?60分,３ＬＤＫ,90,,,,平成3年,ＳＲＣ,住宅,住宅,,,,第１種住居地域,60.0,200.0,2014年第４四半期,未改装,,6.968482948553935
22058525,中古マンション等,,22102,静岡県,静岡市駿河区,馬渕,静岡,10,４ＬＤＫ,100,,,,平成19年,ＳＲＣ,住宅,住宅,,,,近隣商業地域,80.0,300.0,2015年第１四半期,未改装,,7.544068044350276
22034903,中古マンション等,,22212,静岡県,焼津市,駅北,焼津,6,３ＬＤＫ,70,,,,,ＲＣ,住宅,住宅,,,,第１種住居地域,60.0,200.0,2016年第４四半期,未改装,,7.230448921378274
22057981,中古マンション等,,22131,静岡県,浜松市中区,中島,浜松,20,３ＬＤＫ,60,,,,平成2年,ＲＣ,住宅,,,,,第１種住居地域,60.0,200.0,2010年第４四半期,未改装,,6.7558748556724915
22031175,中古マンション等,,22210,静岡県,富士市,広見西本町,富士,1H?1H30,３ＬＤＫ,75,,,,平成12年,ＲＣ,住宅,住宅,,,,第１種中高層住居専用地域,50.0,100.0,2019年第２四半期,未改装,,7.041392685158225
22008634,中古マンション等,,22131,静岡県,浜松市中区,海老塚,浜松,10,１Ｋ,20,,,,平成4年,ＳＲＣ,住宅,,,,,近隣商業地域,80.0,500.0,2016年第１四半期,改装済,,6.505149978319906
22072616,中古マンション等,,22131,静岡県,浜松市中区,西伊場町,浜松,30分?60分,２ＬＤＫ,65,,,,昭和58年,ＲＣ,住宅,,,,,第１種中高層住居専用地域,60.0,200.0,2012年第３四半期,未改装,,6.913813852383717
22070036,中古マンション等,,22203,静岡県,沼津市,高島町,沼津,4,３ＬＤＫ,65,,,,平成11年,ＲＣ,住宅,,,,,商業地域,80.0,400.0,2011年第１四半期,未改装,,7.176091259055681
22123128,中古マンション等,,22132,静岡県,浜松市東区,植松町,浜松,30分?60分,２ＤＫ,45,,,,昭和49年,ＲＣ,住宅,,,,,第１種住居地域,60.0,200.0,2007年第２四半期,改装済,,6.707570176097937
22051056,中古マンション等,,22101,静岡県,静岡市葵区,鷹匠,静岡,10,３ＬＤＫ,75,,,,平成17年,ＳＲＣ,住宅,住宅,,,,商業地域,80.0,400.0,2014年第３四半期,改装済,,7.531478917042255
22001301,中古マンション等,,22101,静岡県,静岡市葵区,七間町,静岡,10,１ＤＫ,35,,,,昭和61年,ＳＲＣ,住宅,住宅,,,,商業地域,80.0,600.0,2017年第１四半期,改装済,,6.732393759822968
22009571,中古マンション等,,22131,静岡県,浜松市中区,新津町,浜松,28,４ＬＤＫ,75,,,,昭和59年,ＳＲＣ,住宅,住宅,,,,近隣商業地域,80.0,200.0,2016年第１四半期,未改装,調停・競売等,6.863322860120456
22122287,中古マンション等,,22131,静岡県,浜松市中区,幸,浜松,30分?60分,２ＬＤＫ,80,,,,平成19年,ＲＣ,住宅,,,,,第２種住居地域,60.0,200.0,2008年第２四半期,未改装,,7.518513939877887
22058893,中古マンション等,,22131,静岡県,浜松市中区,北寺島町,浜松,10,１Ｋ,20,,,,平成2年,ＳＲＣ,住宅,,,,,商業地域,80.0,500.0,2011年第４四半期,未改装,,6.380211241711606
22121762,中古マンション等,,22103,静岡県,静岡市清水区,港町,清水(静岡),26,３ＬＤＫ,80,,,,平成18年,ＲＣ,住宅,,,,,商業地域,80.0,400.0,2008年第３四半期,未改装,,7.342422680822207
22010257,中古マンション等,,22131,静岡県,浜松市中区,寺島町,浜松,12,１Ｋ,20,,,,昭和64年,ＲＣ,住宅,その他,,,,近隣商業地域,80.0,300.0,2018年第２四半期,未改装,,6.176091259055681
22122165,中古マンション等,,22131,静岡県,浜松市中区,上島,浜松,30分?60分,３ＬＤＫ,75,,,,昭和64年,ＲＣ,住宅,,,,,第１種住居地域,60.0,200.0,2008年第３四半期,未改装,,7.146128035678238
22122577,中古マンション等,,22131,静岡県,浜松市中区,田町,浜松,7,３ＬＤＫ,90,,,,平成18年,ＲＣ,住宅,,,,,商業地域,80.0,600.0,2008年第３四半期,未改装,,7.763427993562937
22057717,中古マンション等,,22132,静岡県,浜松市東区,宮竹町,浜松,30分?60分,３ＬＤＫ,80,,,,,ＲＣ,住宅,住宅,,,,第１種住居地域,60.0,200.0,2014年第３四半期,改装済,,7.380211241711606
22124691,中古マンション等,,22135,静岡県,浜松市北区,三ヶ日町都筑,東都筑,28,１ＬＤＫ,55,,,,平成2年,ＳＲＣ,住宅,,,,,市街化調整区域,60.0,200.0,2008年第３四半期,未改装,,6.698970004336019
22064089,中古マンション等,,22131,静岡県,浜松市中区,山手町,浜松,30分?60分,３ＬＤＫ,70,,,,平成9年,ＳＲＣ,住宅,住宅,,,,第１種中高層住居専用地域,60.0,200.0,2015年第３四半期,改装済,,7.146128035678238
22037976,中古マンション等,,22213,静岡県,掛川市,南,掛川,5,１Ｋ,15,,,,,ＲＣ,住宅,住宅,,,,商業地域,80.0,400.0,2017年第２四半期,未改装,,6.230448921378274
22016254,中古マンション等,,22134,静岡県,浜松市南区,楊子町,浜松,20,４ＬＤＫ,85,,,,平成13年,ＲＣ,,住宅,,,,第１種住居地域,60.0,200.0,2017年第３四半期,未改装,,7.146128035678238
22081769,中古マンション等,,22131,静岡県,浜松市中区,三組町,浜松,24,,60,,,,平成17年,ＲＣ,住宅,,,,,第１種住居地域,60.0,200.0,2013年第２四半期,,調停・競売等,7.041392685158225
22008408,中古マンション等,,22131,静岡県,浜松市中区,旭町,浜松,3,２ＬＤＫ,60,,,,令和2年,ＲＣ,住宅,住宅,,,,商業地域,80.0,600.0,2020年第３四半期,未改装,,7.6020599913279625
22121771,中古マンション等,,22103,静岡県,静岡市清水区,港町,清水(静岡),26,３ＬＤＫ,70,,,,平成8年,ＳＲＣ,住宅,,,,,工業地域,60.0,200.0,2007年第２四半期,未改装,,7.230448921378274
22078337,中古マンション等,,22131,静岡県,浜松市中区,板屋町,浜松,6,２ＬＤＫ,70,,,,,ＲＣ,住宅,,,,,商業地域,80.0,600.0,2013年第４四半期,未改装,,7.556302500767287
22065074,中古マンション等,,22132,静岡県,浜松市東区,北島町,浜松,1H?1H30,３ＤＫ,50,,,,昭和49年,ＲＣ,住宅,住宅,,,,第１種住居地域,60.0,200.0,2015年第１四半期,未改装,,6.477121254719663
22126436,中古マンション等,,22206,静岡県,三島市,徳倉,三島,30分?60分,３ＬＤＫ,85,,,,平成3年,ＳＲＣ,住宅,,,,,第１種中高層住居専用地域,60.0,200.0,2008年第３四半期,改装済,,7.176091259055681
22031751,中古マンション等,,22210,静岡県,富士市,水戸島元町,富士,6,３ＬＤＫ,55,,,,昭和57年,ＳＲＣ,住宅,住宅,,,,商業地域,80.0,400.0,2016年第１四半期,改装済,,6.623249290397901
22006743,中古マンション等,,22103,静岡県,静岡市清水区,楠新田,草薙(ＪＲ),10,３ＬＤＫ,70,,,,平成8年,,,住宅,,,,準工業地域,60.0,200.0,2019年第３四半期,未改装,,7.204119982655925
22055705,中古マンション等,,22131,静岡県,浜松市中区,布橋,浜松,30分?60分,,15,,,,昭和59年,ＲＣ,住宅,住宅,,,,第２種中高層住居専用地域,60.0,200.0,2014年第２四半期,改装済,,6.361727836017593
22069851,中古マンション等,,22101,静岡県,静岡市葵区,瀬名中央,静岡,1H?1H30,３ＬＤＫ,80,,,,,ＲＣ,住宅,,,,,第２種住居地域,60.0,200.0,2013年第２四半期,改装済,,7.278753600952829
22123866,中古マンション等,,22133,静岡県,浜松市西区,舞阪町弁天島,浜松,2H?,３ＬＤＫ,80,,,,平成14年,ＳＲＣ,住宅,,,,,商業地域,80.0,400.0,2008年第３四半期,未改装,,7.3222192947339195
22009613,中古マンション等,,22131,静岡県,浜松市中区,助信町,浜松,26,３ＬＤＫ,95,,,,平成21年,ＲＣ,住宅,事務所,,,,商業地域,80.0,400.0,2017年第２四半期,改装済,,7.556302500767287
22019979,中古マンション等,,22203,静岡県,沼津市,上土町,沼津,9,３ＬＤＫ,70,,,,平成9年,ＳＲＣ,住宅,住宅,,,,商業地域,80.0,500.0,2020年第３四半期,未改装,,7.146128035678238
22000332,中古マンション等,,22101,静岡県,静岡市葵区,追手町,静岡,14,３ＤＫ,55,,,,昭和54年,ＳＲＣ,住宅,住宅,,,,商業地域,80.0,600.0,2017年第２四半期,未改装,,6.929418925714293
22088927,中古マンション等,,22131,静岡県,浜松市中区,葵西,浜松,1H30?2H,３ＬＤＫ,70,,,,平成5年,ＳＲＣ,住宅,,,,,第１種住居地域,60.0,200.0,2009年第４四半期,未改装,,7.079181246047625
22119365,中古マンション等,,22102,静岡県,静岡市駿河区,稲川,静岡,8,２ＬＤＫ,60,,,,平成13年,ＳＲＣ,住宅,,,,,近隣商業地域,80.0,300.0,2007年第４四半期,改装済,,7.301029995663981
22086663,中古マンション等,,22103,静岡県,静岡市清水区,楠新田,草薙(ＪＲ),6,３ＬＤＫ,70,,,,平成8年,ＳＲＣ,住宅,,,,,準工業地域,60.0,200.0,2009年第１四半期,未改装,,7.2552725051033065
22053648,中古マンション等,,22102,静岡県,静岡市駿河区,西中原,静岡,24,２ＤＫ,45,,,,昭和48年,ＳＲＣ,住宅,,,,,近隣商業地域,80.0,200.0,2010年第４四半期,未改装,,6.672097857935717
22068157,中古マンション等,,22101,静岡県,静岡市葵区,追手町,静岡,14,３ＤＫ,55,,,,昭和54年,ＳＲＣ,住宅,,,,,商業地域,80.0,600.0,2013年第４四半期,未改装,,6.963787827345556
22078383,中古マンション等,,22131,静岡県,浜松市中区,海老塚,浜松,12,３ＬＤＫ,85,,,,平成11年,ＳＲＣ,住宅,,,,,商業地域,80.0,500.0,2013年第４四半期,未改装,,7.278753600952829
22130344,中古マンション等,,22212,静岡県,焼津市,本町,焼津,8,２ＬＤＫ,55,,,,平成19年,ＲＣ,住宅,,,,,商業地域,80.0,400.0,2007年第１四半期,未改装,,7.3222192947339195
22121680,中古マンション等,,22103,静岡県,静岡市清水区,半左衛門新田,草薙(ＪＲ),,２ＬＤＫ,75,,,,昭和56年,,住宅,,,,,準住居地域,60.0,200.0,2006年第４四半期,改装済,,7.079181246047625
22063585,中古マンション等,,22131,静岡県,浜松市中区,八幡町,八幡(静岡),5,３ＬＤＫ,70,,,,平成10年,ＳＲＣ,住宅,住宅,,,,近隣商業地域,80.0,300.0,2015年第２四半期,未改装,,7.204119982655925
22053747,中古マンション等,,22101,静岡県,静岡市葵区,長沼,東静岡,11,２ＬＤＫ,85,,,,平成15年,ＲＣ,住宅,,,,,第１種住居地域,50.0,200.0,2011年第４四半期,改装済,,7.4623979978989565
22058596,中古マンション等,,22133,静岡県,浜松市西区,舞阪町弁天島,弁天島,2,１ＬＤＫ,50,,,,昭和51年,ＳＲＣ,住宅,住宅,,,,商業地域,80.0,400.0,2014年第４四半期,未改装,,6.361727836017593
22030576,中古マンション等,,22210,静岡県,富士市,伝法,富士,30分?60分,３ＬＤＫ,65,,,,平成5年,ＲＣ,住宅,住宅,,,,第１種住居地域,60.0,200.0,2018年第３四半期,改装済,,6.845098040014257
22014228,中古マンション等,,22133,静岡県,浜松市西区,志都呂,浜松,1H?1H30,２ＬＤＫ,75,,,,平成20年,,住宅,住宅,,,,第１種住居地域,60.0,200.0,2018年第４四半期,改装済,,7.301029995663981
22071807,中古マンション等,,22131,静岡県,浜松市中区,高丘東,浜松,1H30?2H,３ＬＤＫ,60,,,,平成4年,ＲＣ,住宅,,,,,工業地域,60.0,200.0,2012年第２四半期,未改装,,6.954242509439325
22122082,中古マンション等,,22131,静岡県,浜松市中区,葵東,浜松,1H30?2H,３ＬＤＫ,70,,,,平成11年,ＲＣ,住宅,,,,,近隣商業地域,80.0,300.0,2008年第４四半期,未改装,,7.113943352306837
22079510,中古マンション等,,22131,静岡県,浜松市中区,蜆塚,浜松,30分?60分,２ＬＤＫ,70,,,,昭和61年,ＲＣ,住宅,,,,,第１種中高層住居専用地域,60.0,200.0,2013年第１四半期,改装済,,5.929418925714293
22121504,中古マンション等,,22103,静岡県,静岡市清水区,堂林,清水(静岡),30分?60分,３ＬＤＫ,80,,,,平成3年,ＲＣ,住宅,,,,,第２種中高層住居専用地域,60.0,200.0,2007年第３四半期,改装済,,7.3222192947339195
22105979,中古マンション等,,22213,静岡県,掛川市,南,掛川,3,１ＤＫ,30,,,,平成3年,ＲＣ,住宅,,,,,第１種住居地域,60.0,200.0,2012年第３四半期,未改装,,6.531478917042255
22059645,中古マンション等,,22103,静岡県,静岡市清水区,草薙,草薙(ＪＲ),8,３ＬＤＫ,65,,,,平成11年,ＲＣ,住宅,住宅,,,,第１種中高層住居専用地域,60.0,200.0,2015年第１四半期,,,7.301029995663981
22005059,中古マンション等,,22102,静岡県,静岡市駿河区,曲金,東静岡,8,２ＬＤＫ,75,,,,,ＲＣ,,住宅,,,,商業地域,80.0,400.0,2020年第１四半期,未改装,,7.544068044350276
22120578,中古マンション等,,22102,静岡県,静岡市駿河区,谷田,草薙(ＪＲ),,４ＬＤＫ,90,,,,平成14年,,住宅,,,,,,,,2006年第３四半期,未改装,,7.623249290397901
22070403,中古マンション等,,22131,静岡県,浜松市中区,鴨江,浜松,30分?60分,２ＬＤＫ,50,,,,昭和51年,ＲＣ,住宅,,,,,第２種中高層住居専用地域,60.0,200.0,2012年第４四半期,未改装,,6.623249290397901
22070489,中古マンション等,,22203,静岡県,沼津市,原,原(静岡),13,３ＬＤＫ,70,,,,,ＳＲＣ,住宅,,,,,第１種住居地域,60.0,200.0,2011年第２四半期,未改装,,6.903089986991944
22129569,中古マンション等,,22211,静岡県,磐田市,中泉,磐田,3,２ＬＤＫ,60,,,,平成19年,ＲＣ,住宅,,,,,商業地域,80.0,400.0,2007年第３四半期,未改装,,7.3979400086720375
22001169,中古マンション等,,22101,静岡県,静岡市葵区,駒形通,静岡,14,２ＬＤＫ,55,,,,平成10年,ＳＲＣ,住宅,住宅,,,,商業地域,80.0,400.0,2017年第３四半期,未改装,,7.2552725051033065
22055102,中古マンション等,,22101,静岡県,静岡市葵区,川辺町,静岡,15,１ＤＫ,25,,,,平成11年,ＲＣ,住宅,住宅,,,,商業地域,80.0,400.0,2015年第３四半期,未改装,,6.832508912706237
22031750,中古マンション等,,22210,静岡県,富士市,水戸島元町,富士,5,２ＬＤＫ,60,,,,平成22年,ＲＣ,住宅,住宅,,,,商業地域,80.0,400.0,2016年第３四半期,未改装,,7.2552725051033065
22089850,中古マンション等,,22135,静岡県,浜松市北区,三ヶ日町都筑,都筑,30分?60分,２ＬＤＫ,120,,,,平成2年,ＳＲＣ,住宅,,,,,市街化調整区域,60.0,200.0,2013年第２四半期,未改装,,6.977723605288848
22118787,中古マンション等,,22101,静岡県,静岡市葵区,八番町,静岡,25,３ＬＤＫ,65,,,,昭和64年,ＲＣ,住宅,,,,,近隣商業地域,80.0,200.0,2008年第２四半期,改装済,,7.176091259055681
22065786,中古マンション等,,22102,静岡県,静岡市駿河区,西中原,静岡,29,３ＬＤＫ,75,,,,平成3年,ＲＣ,住宅,,,,,工業地域,60.0,200.0,2012年第３四半期,未改装,,7.146128035678238
22118272,中古マンション等,,22101,静岡県,静岡市葵区,幸町,静岡,26,３ＬＤＫ,65,,,,昭和60年,,住宅,,,,,,,,2006年第３四半期,未改装,,7.0
22004373,中古マンション等,,22102,静岡県,静岡市駿河区,豊田,静岡,30分?60分,３ＬＤＫ,100,,,,平成20年,ＲＣ,,住宅,,,,第１種住居地域,60.0,200.0,2020年第１四半期,改装済,,7.544068044350276
22013076,中古マンション等,,22132,静岡県,浜松市東区,中郡町,遠州西ケ崎,2,２ＬＤＫ＋Ｓ,80,,,,平成7年,,,住宅,,,,市街化調整区域,60.0,200.0,2019年第２四半期,未改装,,7.113943352306837
22088362,中古マンション等,,22103,静岡県,静岡市清水区,村松,清水(静岡),30分?60分,３ＬＤＫ,65,,,,昭和55年,ＲＣ,住宅,,,,,準工業地域,60.0,200.0,2009年第１四半期,未改装,,6.763427993562937
22000631,中古マンション等,,22101,静岡県,静岡市葵区,上足洗,静岡,30分?60分,３ＬＤＫ,70,,,,平成10年,ＲＣ,住宅,,,,,第２種中高層住居専用地域,60.0,200.0,2017年第４四半期,未改装,,7.2552725051033065
22008656,中古マンション等,,22131,静岡県,浜松市中区,鍛冶町,浜松,8,３ＬＤＫ,75,,,,平成12年,,住宅,住宅,,,,商業地域,80.0,500.0,2019年第１四半期,未改装,,7.361727836017593
22082024,中古マンション等,,22131,静岡県,浜松市中区,山手町,浜松,30分?60分,２ＬＤＫ,65,,,,昭和48年,ＲＣ,住宅,,,,,第１種中高層住居専用地域,60.0,200.0,2013年第４四半期,未改装,,6.633468455579586
22058477,中古マンション等,,22131,静岡県,浜松市中区,小豆餅,浜松,1H?1H30,３ＬＤＫ,75,,,,平成14年,ＲＣ,住宅,,,,,第１種住居地域,60.0,200.0,2011年第４四半期,未改装,,7.176091259055681
22025046,中古マンション等,,22207,静岡県,富士宮市,西町,西富士宮,7,３ＤＫ,50,,,,昭和63年,ＲＣ,住宅,住宅,,,,第２種住居地域,60.0,200.0,2020年第１四半期,未改装,,6.447158031342219
22071974,中古マンション等,,22131,静岡県,浜松市中区,中央,浜松,10,３ＬＤＫ,80,,,,平成12年,ＲＣ,住宅,,,,,商業地域,80.0,400.0,2012年第２四半期,,,7.342422680822207
22074423,中古マンション等,,22102,静岡県,静岡市駿河区,南町,静岡,6,２ＤＫ,35,,,,昭和55年,ＳＲＣ,住宅,,,,,商業地域,80.0,400.0,2013年第４四半期,,,6.778151250383644
22006657,中古マンション等,,22103,静岡県,静岡市清水区,草薙,草薙(ＪＲ),1,２ＬＤＫ,75,,,,平成28年,ＲＣ,,住宅,,,,近隣商業地域,80.0,300.0,2018年第１四半期,未改装,,7.672097857935717
22020265,中古マンション等,,22203,静岡県,沼津市,大岡,沼津,20,３ＬＤＫ,65,,,,昭和64年,ＲＣ,住宅,住宅,,,,準工業地域,60.0,200.0,2019年第３四半期,未改装,,7.079181246047625
22059053,中古マンション等,,22131,静岡県,浜松市中区,佐藤,浜松,,３ＬＤＫ,70,,,,平成15年,ＳＲＣ,住宅,,,,,第２種住居地域,60.0,200.0,2011年第１四半期,,,7.146128035678238
22021128,中古マンション等,,22203,静岡県,沼津市,庄栄町,沼津,10,３ＬＤＫ,110,,,,平成4年,ＳＲＣ,住宅,住宅,,,,準住居地域,60.0,200.0,2018年第３四半期,未改装,,6.991226075692495
22058080,中古マンション等,,22131,静岡県,浜松市中区,西伊場町,浜松,30分?60分,オープンフロア,40,,,,昭和49年,ＳＲＣ,事務所,,,,,第２種住居地域,60.0,200.0,2010年第１四半期,未改装,,5.698970004336019
22086080,中古マンション等,,22203,静岡県,沼津市,西椎路,片浜,19,２ＬＤＫ,65,,,,,ＲＣ,住宅,,,,,第１種住居地域,60.0,200.0,2012年第２四半期,未改装,,6.954242509439325
22063315,中古マンション等,,22133,静岡県,浜松市西区,西山町,浜松,1H30?2H,３ＬＤＫ,65,,,,平成7年,ＳＲＣ,住宅,,,,,市街化調整区域,,,2011年第３四半期,未改装,,7.079181246047625
22005732,中古マンション等,,22102,静岡県,静岡市駿河区,八幡,静岡,19,３ＬＤＫ,80,,,,平成9年,,,,,,,第２種住居地域,60.0,200.0,2017年第４四半期,未改装,,7.278753600952829
22063327,中古マンション等,,22203,静岡県,沼津市,江原町,沼津,25,３ＬＤＫ,75,,,,平成8年,ＲＣ,住宅,住宅,,,,第１種住居地域,60.0,200.0,2014年第２四半期,未改装,,7.146128035678238
22010603,中古マンション等,,22131,静岡県,浜松市中区,中沢町,浜松,28,４ＬＤＫ,90,,,,平成3年,ＳＲＣ,住宅,住宅,,,,商業地域,80.0,400.0,2016年第１四半期,,,7.041392685158225
22082600,中古マンション等,,22132,静岡県,浜松市東区,有玉南町,さぎの宮,8,２ＬＤＫ,60,,,,平成3年,ＳＲＣ,住宅,,,,,市街化調整区域,60.0,200.0,2013年第３四半期,未改装,,6.929418925714293
22011403,中古マンション等,,22131,静岡県,浜松市中区,元浜町,浜松,16,２ＬＤＫ,65,,,,平成20年,ＲＣ,住宅,住宅,,,,商業地域,80.0,500.0,2017年第１四半期,改装済,,7.431363764158987
22055703,中古マンション等,,22131,静岡県,浜松市中区,布橋,浜松,30分?60分,１Ｋ,15,,,,昭和59年,ＲＣ,住宅,その他,,,,第１種住居地域,60.0,200.0,2014年第３四半期,未改装,,6.041392685158225
22019983,中古マンション等,,22203,静岡県,沼津市,上土町,沼津,9,３ＬＤＫ,85,,,,平成9年,ＳＲＣ,住宅,住宅,,,,商業地域,80.0,500.0,2017年第２四半期,未改装,,7.544068044350276
22090885,中古マンション等,,22131,静岡県,浜松市中区,高丘北,浜松,1H30?2H,２ＬＤＫ,75,,,,,ＲＣ,住宅,,,,,近隣商業地域,80.0,200.0,2009年第２四半期,未改装,,7.278753600952829
22036264,中古マンション等,,22212,静岡県,焼津市,本町,焼津,15,２ＬＤＫ＋Ｓ,70,,,,平成23年,ＲＣ,住宅,住宅,,,,商業地域,80.0,400.0,2018年第１四半期,未改装,,7.301029995663981
22084217,中古マンション等,,22132,静岡県,浜松市東区,中郡町,舞阪,2H?,３ＬＤＫ,70,,,,,ＲＣ,住宅,,,,,市街化調整区域,60.0,200.0,2013年第４四半期,改装済,,6.892094602690481
22118961,中古マンション等,,22101,静岡県,静岡市葵区,古庄,東静岡,19,３ＬＤＫ,65,,,,平成10年,ＲＣ,住宅,,,,,準工業地域,60.0,200.0,2008年第１四半期,未改装,,7.176091259055681
22060311,中古マンション等,,22131,静岡県,浜松市中区,布橋,浜松,30分?60分,１Ｋ,15,,,,昭和59年,ＲＣ,住宅,,,,,第２種中高層住居専用地域,60.0,200.0,2011年第１四半期,未改装,調停・競売等,6.414973347970818
22008990,中古マンション等,,22131,静岡県,浜松市中区,鴨江,浜松,26,１Ｋ,15,,,,昭和64年,ＲＣ,住宅,住宅,,,,第１種中高層住居専用地域,60.0,200.0,2017年第４四半期,改装済,,6.204119982655925
22056393,中古マンション等,,22131,静岡県,浜松市中区,板屋町,浜松,6,２ＬＤＫ,80,,,,平成18年,ＲＣ,住宅,,,,,商業地域,80.0,600.0,2010年第３四半期,未改装,,7.57978359661681
22092659,中古マンション等,,22131,静岡県,浜松市中区,龍禅寺町,浜松,18,３ＬＤＫ,70,,,,平成2年,ＲＣ,住宅,,,,,第２種住居地域,60.0,200.0,2009年第４四半期,改装済,,6.968482948553935
22039071,中古マンション等,,22214,静岡県,藤枝市,駿河台,藤枝,30分?60分,３ＬＤＫ,80,,,,平成6年,ＲＣ,住宅,住宅,,,,第１種中高層住居専用地域,60.0,200.0,2016年第４四半期,未改装,,7.079181246047625
22052147,中古マンション等,,22101,静岡県,静岡市葵区,長沼,東静岡,12,３ＬＤＫ,70,,,,平成15年,ＲＣ,住宅,,,,,第１種住居地域,60.0,200.0,2010年第１四半期,改装済,,7.342422680822207
22060711,中古マンション等,,22103,静岡県,静岡市清水区,宮下町,清水(静岡),20,３ＬＤＫ,55,,,,昭和53年,ＲＣ,住宅,住宅,,,,第２種住居地域,60.0,200.0,2015年第２四半期,未改装,,6.544068044350276
22074274,中古マンション等,,22210,静岡県,富士市,蓼原,ジヤトコ前(ジヤトコ１地区前),18,２ＤＫ,40,,,,昭和49年,ＳＲＣ,住宅,,,,,工業地域,60.0,200.0,2014年第１四半期,未改装,,6.113943352306837
22023793,中古マンション等,,22206,静岡県,三島市,松が丘,三島,30分?60分,３ＬＤＫ,75,,,,平成13年,ＲＣ,住宅,住宅,,,,第２種住居地域,60.0,200.0,2018年第４四半期,未改装,,7.204119982655925
22125991,中古マンション等,,22203,静岡県,沼津市,三園町,沼津,25,４ＬＤＫ,85,,,,平成4年,ＲＣ,住宅,,,,,近隣商業地域,80.0,300.0,2008年第２四半期,未改装,,7.113943352306837
22011791,中古マンション等,,22131,静岡県,浜松市中区,和地山,浜松,30分?60分,２ＤＫ,40,,,,昭和49年,ＳＲＣ,住宅,住宅,,,,近隣商業地域,80.0,200.0,2016年第３四半期,未改装,,6.0
22005676,中古マンション等,,22102,静岡県,静岡市駿河区,森下町,静岡,6,３ＬＤＫ,70,,,,平成10年,ＲＣ,,住宅,,,,商業地域,80.0,400.0,2019年第１四半期,未改装,,7.380211241711606
22106243,中古マンション等,,22206,静岡県,三島市,本町,三島広小路,3,２ＬＤＫ,65,,,,平成17年,ＳＲＣ,住宅,,,,,商業地域,80.0,400.0,2009年第１四半期,未改装,,7.414973347970818
22056165,中古マンション等,,22101,静岡県,静岡市葵区,天王町,静岡,14,１Ｋ,15,,,,昭和60年,ＲＣ,住宅,住宅,,,,商業地域,80.0,400.0,2015年第２四半期,未改装,,6.3979400086720375
22089561,中古マンション等,,22135,静岡県,浜松市北区,三ヶ日町大崎,都筑,30分?60分,１ＤＫ,40,,,,昭和61年,ＲＣ,住宅,,,,,市街化調整区域,60.0,200.0,2013年第４四半期,未改装,,6.518513939877887
22094915,中古マンション等,,22132,静岡県,浜松市東区,宮竹町,浜松,30分?60分,３ＬＤＫ＋Ｓ,70,,,,昭和63年,ＲＣ,住宅,,,,,第１種住居地域,60.0,200.0,2009年第４四半期,未改装,,6.929418925714293
22062007,中古マンション等,,22132,静岡県,浜松市東区,天王町,浜松,1H?1H30,３ＬＤＫ,70,,,,平成4年,ＳＲＣ,住宅,,,,,第１種住居地域,,,2011年第１四半期,未改装,,7.079181246047625
22069029,中古マンション等,,22203,静岡県,沼津市,大手町,沼津,1,３ＬＤＫ,85,,,,平成20年,ＲＣ,住宅,,,,,商業地域,80.0,600.0,2011年第４四半期,未改装,,7.5910646070264995
22031740,中古マンション等,,22210,静岡県,富士市,水戸島元町,富士,5,１ＤＫ,35,,,,昭和56年,ＳＲＣ,住宅,住宅,,,,商業地域,80.0,400.0,2019年第３四半期,未改装,,6.778151250383644
22017445,中古マンション等,,22135,静岡県,浜松市北区,三ヶ日町大崎,都筑,29,２ＬＤＫ,60,,,,昭和61年,ＲＣ,住宅,住宅,,,,市街化調整区域,60.0,200.0,2019年第３四半期,未改装,,6.230448921378274
22125707,中古マンション等,,22203,静岡県,沼津市,杉崎町,沼津,20,２ＬＤＫ,65,,,,昭和64年,ＳＲＣ,住宅,,,,,第２種住居地域,60.0,200.0,2007年第４四半期,改装済,,7.079181246047625
22059621,中古マンション等,,22132,静岡県,浜松市東区,中野町,浜松,1H?1H30,３ＬＤＫ,55,,,,平成4年,ＲＣ,住宅,,,,,準工業地域,60.0,200.0,2010年第２四半期,改装済,,6.880813592280791
22013738,中古マンション等,,22133,静岡県,浜松市西区,入野町,浜松,30分?60分,４ＬＤＫ,90,,,,,,,住宅,,,,第１種住居地域,60.0,200.0,2018年第４四半期,改装済,,7.204119982655925
22002339,中古マンション等,,22101,静岡県,静岡市葵区,西千代田町,静岡,30分?60分,３ＬＤＫ,65,,,,昭和64年,ＲＣ,住宅,住宅,,,,第１種中高層住居専用地域,60.0,200.0,2016年第３四半期,改装済,,7.698970004336019
22009114,中古マンション等,,22131,静岡県,浜松市中区,木戸町,浜松,24,３ＬＤＫ,70,,,,平成7年,ＲＣ,,住宅,,,,近隣商業地域,80.0,200.0,2018年第３四半期,未改装,調停・競売等,7.041392685158225
22057698,中古マンション等,,22131,静岡県,浜松市中区,中央,浜松,13,３ＬＤＫ,75,,,,平成16年,ＳＲＣ,住宅,,,,,近隣商業地域,80.0,300.0,2010年第１四半期,未改装,,7.4623979978989565
22090703,中古マンション等,,22207,静岡県,富士宮市,西町,西富士宮,8,２ＤＫ,50,,,,平成6年,ＲＣ,住宅,,,,,第２種住居地域,60.0,200.0,2012年第２四半期,未改装,,6.6020599913279625
22023531,中古マンション等,,22206,静岡県,三島市,西若町,三島,10,４ＬＤＫ,75,,,,昭和64年,ＲＣ,住宅,住宅,,,,第１種住居地域,60.0,200.0,2017年第１四半期,未改装,,7.342422680822207
22017743,中古マンション等,,22135,静岡県,浜松市北区,三ヶ日町都筑,東都筑,23,１ＬＤＫ,50,,,,平成2年,ＳＲＣ,住宅,住宅,,,,市街化調整区域,60.0,200.0,2018年第３四半期,改装済,,6.944482672150168
22129472,中古マンション等,,22211,静岡県,磐田市,立野,豊田町,1,３ＬＤＫ,70,,,,平成11年,ＳＲＣ,住宅,,,,,近隣商業地域,80.0,200.0,2008年第４四半期,未改装,,7.146128035678238
22006660,中古マンション等,,22103,静岡県,静岡市清水区,草薙,草薙(ＪＲ),16,３ＬＤＫ,65,,,,平成12年,ＲＣ,,住宅,,,,第１種低層住居専用地域,50.0,80.0,2017年第３四半期,未改装,,7.204119982655925
22125952,中古マンション等,,22203,静岡県,沼津市,本,沼津,10,,20,,,,,ＲＣ,住宅,,,,,近隣商業地域,80.0,200.0,2007年第４四半期,,,6.301029995663981
22086767,中古マンション等,,22203,静岡県,沼津市,町方町,沼津,8,３ＬＤＫ,65,,,,平成20年,ＲＣ,住宅,,,,,商業地域,80.0,500.0,2012年第１四半期,未改装,,7.342422680822207
22071030,中古マンション等,,22131,静岡県,浜松市中区,蜆塚,浜松,30分?60分,３ＬＤＫ,75,,,,平成8年,ＲＣ,住宅,,,,,第１種中高層住居専用地域,60.0,200.0,2012年第１四半期,改装済,,7.113943352306837
22056388,中古マンション等,,22131,静岡県,浜松市中区,板屋町,浜松,5,２ＬＤＫ,70,,,,平成22年,ＲＣ,住宅,,,,,商業地域,80.0,600.0,2010年第４四半期,,,7.544068044350276
22037173,中古マンション等,,22213,静岡県,掛川市,紺屋町,掛川,6,,45,,,,,ＲＣ,住宅,住宅,,,,商業地域,80.0,400.0,2017年第３四半期,,,6.544068044350276
22122809,中古マンション等,,22131,静岡県,浜松市中区,東伊場,浜松,20,３ＬＤＫ,80,,,,昭和61年,ＳＲＣ,住宅,,,,,近隣商業地域,80.0,300.0,2008年第４四半期,未改装,,7.079181246047625
22070075,中古マンション等,,22203,静岡県,沼津市,西浦平沢,沼津,2H?,２ＬＤＫ,75,,,,平成2年,ＲＣ,住宅,,,,,市街化調整区域,60.0,200.0,2011年第１四半期,未改装,,7.3222192947339195
22000303,中古マンション等,,22101,静岡県,静岡市葵区,梅屋町,静岡,14,１ＤＫ,30,,,,,,,住宅,,,,商業地域,80.0,400.0,2019年第１四半期,,,6.845098040014257
22065873,中古マンション等,,22203,静岡県,沼津市,大岡,沼津,18,３ＬＤＫ,65,,,,平成8年,ＲＣ,住宅,,,,,第２種住居地域,60.0,200.0,2010年第２四半期,未改装,調停・競売等,6.8512583487190755
22017456,中古マンション等,,22135,静岡県,浜松市北区,三ヶ日町大崎,都筑,30分?60分,１ＬＤＫ,40,,,,昭和61年,,,住宅,,,,市街化調整区域,60.0,200.0,2017年第４四半期,未改装,,5.0
22051110,中古マンション等,,22101,静岡県,静岡市葵区,常磐町,静岡,9,１ＤＫ,30,,,,平成9年,ＳＲＣ,住宅,住宅,,,,商業地域,80.0,500.0,2014年第２四半期,,,6.944482672150168
22022064,中古マンション等,,22203,静岡県,沼津市,三園町,沼津,21,,80,,,,平成21年,ＲＣ,住宅,その他,,,,近隣商業地域,80.0,200.0,2018年第２四半期,,調停・競売等,7.230448921378274
22020903,中古マンション等,,22203,静岡県,沼津市,西条町,沼津,9,３ＬＤＫ,75,,,,,ＲＣ,住宅,住宅,,,,商業地域,80.0,400.0,2018年第１四半期,未改装,調停・競売等,7.041392685158225
22063031,中古マンション等,,22101,静岡県,静岡市葵区,岳美,静岡,1H?1H30,３ＬＤＫ,60,,,,平成6年,ＲＣ,住宅,,,,,第１種住居地域,60.0,200.0,2012年第２四半期,未改装,,7.041392685158225
22017545,中古マンション等,,22135,静岡県,浜松市北区,三ヶ日町下尾奈,尾奈,18,１Ｒ,20,,,,昭和55年,ＲＣ,その他,,,,,市街化調整区域,60.0,200.0,2017年第１四半期,,,5.0
22063236,中古マンション等,,22101,静岡県,静岡市葵区,天王町,静岡,14,１Ｋ,20,,,,昭和59年,ＲＣ,住宅,,,,,商業地域,80.0,400.0,2012年第３四半期,未改装,,5.698970004336019
22122599,中古マンション等,,22131,静岡県,浜松市中区,中央,浜松,9,４ＬＤＫ,85,,,,平成12年,ＲＣ,住宅,,,,,商業地域,80.0,400.0,2007年第４四半期,改装済,,7.633468455579586
22001399,中古マンション等,,22101,静岡県,静岡市葵区,昭和町,静岡,8,２ＤＫ,45,,,,昭和53年,ＳＲＣ,住宅,住宅,,,,商業地域,80.0,600.0,2016年第３四半期,未改装,,7.0
22031909,中古マンション等,,22210,静岡県,富士市,御幸町,富士,30分?60分,３ＬＤＫ,110,,,,平成17年,ＲＣ,住宅,住宅,,,,近隣商業地域,80.0,300.0,2019年第１四半期,改装済,,7.342422680822207
22122620,中古マンション等,,22131,静岡県,浜松市中区,寺島町,浜松,12,１Ｋ,25,,,,昭和64年,ＲＣ,住宅,,,,,近隣商業地域,80.0,300.0,2007年第２四半期,未改装,,6.5910646070264995
22126404,中古マンション等,,22206,静岡県,三島市,加茂川町,三島,21,３ＬＤＫ,70,,,,平成8年,ＳＲＣ,住宅,,,,,第２種住居地域,60.0,200.0,2008年第４四半期,改装済,,7.2552725051033065
22007890,中古マンション等,,22103,静岡県,静岡市清水区,宮下町,清水(静岡),18,３ＬＤＫ,50,,,,昭和53年,ＲＣ,住宅,住宅,,,,第２種住居地域,60.0,200.0,2016年第４四半期,未改装,,6.380211241711606
22073827,中古マンション等,,22102,静岡県,静岡市駿河区,曲金,静岡,19,１ＤＫ,30,,,,平成10年,ＲＣ,住宅,,,,,準工業地域,60.0,200.0,2013年第２四半期,未改装,,6.845098040014257
22118365,中古マンション等,,22101,静岡県,静岡市葵区,昭和町,静岡,7,１Ｋ,25,,,,昭和53年,ＳＲＣ,住宅,,,,,商業地域,80.0,500.0,2008年第２四半期,改装済,,6.724275869600789
22021171,中古マンション等,,22203,静岡県,沼津市,新宿町,沼津,5,３ＬＤＫ,65,,,,平成11年,ＳＲＣ,住宅,住宅,,,,近隣商業地域,80.0,200.0,2020年第１四半期,未改装,,7.146128035678238
22000212,中古マンション等,,22101,静岡県,静岡市葵区,安東,静岡,30分?60分,３ＬＤＫ,65,,,,平成7年,ＲＣ,住宅,住宅,,,,第２種中高層住居専用地域,60.0,200.0,2016年第２四半期,未改装,,7.204119982655925
22077104,中古マンション等,,22133,静岡県,浜松市西区,雄踏町宇布見,浜松,2H?,３ＬＤＫ,75,,,,平成6年,ＳＲＣ,住宅,,,,,第２種中高層住居専用地域,60.0,200.0,2012年第３四半期,未改装,調停・競売等,6.819543935541868
22086200,中古マンション等,,22210,静岡県,富士市,中央町,吉原,30分?60分,３ＬＤＫ,60,,,,昭和49年,ＳＲＣ,住宅,住宅,,,,近隣商業地域,80.0,300.0,2015年第１四半期,改装済,,6.826074802700826
22013754,中古マンション等,,22133,静岡県,浜松市西区,入野町,浜松,1H?1H30,４ＬＤＫ,90,,,,平成21年,ＲＣ,,住宅,,,,第１種中高層住居専用地域,60.0,200.0,2018年第２四半期,未改装,,7.431363764158987
22063326,中古マンション等,,22203,静岡県,沼津市,江原町,沼津,23,４ＬＤＫ,70,,,,平成8年,ＲＣ,住宅,住宅,,,,第１種住居地域,60.0,200.0,2014年第２四半期,未改装,,7.113943352306837
22055676,中古マンション等,,22103,静岡県,静岡市清水区,本郷町,清水(静岡),4,３ＬＤＫ,80,,,,平成19年,ＲＣ,住宅,,,,,商業地域,80.0,500.0,2010年第４四半期,未改装,,7.380211241711606
22031745,中古マンション等,,22210,静岡県,富士市,水戸島元町,富士,5,３ＬＤＫ,55,,,,昭和56年,ＳＲＣ,住宅,住宅,,,,商業地域,80.0,400.0,2018年第３四半期,未改装,,6.770852011642144
22013775,中古マンション等,,22133,静岡県,浜松市西区,入野町,浜松,1H?1H30,３ＬＤＫ,65,,,,平成4年,,住宅,その他,,,,第１種中高層住居専用地域,60.0,200.0,2017年第４四半期,未改装,,6.8750612633917
22056261,中古マンション等,,22131,静岡県,浜松市中区,葵東,浜松,1H30?2H,４ＬＤＫ,75,,,,平成11年,ＲＣ,住宅,,,,,近隣商業地域,80.0,300.0,2010年第４四半期,未改装,調停・競売等,7.204119982655925
22055972,中古マンション等,,22131,静岡県,浜松市中区,広沢,浜松,30分?60分,３ＬＤＫ,65,,,,平成9年,ＲＣ,住宅,住宅,,,,第１種中高層住居専用地域,60.0,150.0,2014年第３四半期,未改装,,7.230448921378274
22001767,中古マンション等,,22101,静岡県,静岡市葵区,瀬名中央,草薙(ＪＲ),29,３ＬＤＫ,60,,,,平成7年,ＲＣ,住宅,住宅,,,,第２種中高層住居専用地域,60.0,200.0,2017年第３四半期,未改装,,7.079181246047625
22004799,中古マンション等,,22102,静岡県,静岡市駿河区,西中原,静岡,28,３ＬＤＫ,70,,,,平成3年,鉄骨造,,,,,,工業地域,60.0,200.0,2019年第２四半期,,,7.0
22012141,中古マンション等,,22132,静岡県,浜松市東区,大蒲町,天竜川,24,３ＬＤＫ,75,,,,平成15年,ＲＣ,住宅,,,,,第１種住居地域,60.0,200.0,2017年第１四半期,,,7.113943352306837
22004137,中古マンション等,,22102,静岡県,静岡市駿河区,新川,静岡,20,３ＬＤＫ,55,,,,平成5年,,,住宅,,,,準工業地域,60.0,200.0,2020年第２四半期,改装済,,7.041392685158225
22008719,中古マンション等,,22131,静岡県,浜松市中区,上島,浜松,30分?60分,３ＬＤＫ,70,,,,平成9年,,,住宅,,,,第１種住居地域,60.0,200.0,2020年第２四半期,未改装,,7.146128035678238
22081499,中古マンション等,,22210,静岡県,富士市,伝法,吉原,1H?1H30,,55,,,,平成5年,ＲＣ,住宅,,,,,第１種住居地域,60.0,200.0,2011年第４四半期,未改装,,6.838849090737256
22032384,中古マンション等,,22211,静岡県,磐田市,今之浦,磐田,25,３ＬＤＫ,65,,,,平成20年,ＲＣ,,住宅,,,,第１種住居地域,60.0,200.0,2017年第４四半期,未改装,,7.176091259055681
22009386,中古マンション等,,22131,静岡県,浜松市中区,佐鳴台,浜松,30分?60分,,75,,,,平成6年,ＲＣ,住宅,住宅,,,,第１種中高層住居専用地域,60.0,200.0,2016年第１四半期,未改装,,7.113943352306837
22051582,中古マンション等,,22101,静岡県,静岡市葵区,北安東,静岡,30分?60分,３ＬＤＫ,70,,,,平成9年,ＲＣ,住宅,,,,,第２種中高層住居専用地域,60.0,200.0,2010年第４四半期,未改装,,7.230448921378274
22073437,中古マンション等,,22102,静岡県,静岡市駿河区,中原,静岡,29,,75,,,,平成8年,ＲＣ,住宅,,,,,準工業地域,60.0,200.0,2013年第２四半期,,,7.113943352306837
22064887,中古マンション等,,22132,静岡県,浜松市東区,笠井新田町,浜松,2H?,４ＬＤＫ,70,,,,平成4年,ＳＲＣ,住宅,住宅,,,,市街化調整区域,60.0,200.0,2015年第３四半期,改装済,,6.968482948553935
22010589,中古マンション等,,22131,静岡県,浜松市中区,中沢町,浜松,30分?60分,３ＬＤＫ,70,,,,平成10年,ＳＲＣ,住宅,住宅,,,,近隣商業地域,80.0,300.0,2017年第３四半期,未改装,,7.230448921378274
22006281,中古マンション等,,22103,静岡県,静岡市清水区,小芝町,清水(静岡),8,４ＬＤＫ,80,,,,平成14年,ＳＲＣ,,住宅,,,,商業地域,80.0,400.0,2019年第１四半期,未改装,,7.301029995663981
22117938,中古マンション等,,22101,静岡県,静岡市葵区,春日,静岡,20,３ＬＤＫ,75,,,,平成12年,ＲＣ,住宅,,,,,第１種住居地域,60.0,200.0,2008年第２四半期,未改装,,7.278753600952829
22060143,中古マンション等,,22103,静岡県,静岡市清水区,天神,清水(静岡),20,３ＬＤＫ,75,,,,平成10年,ＲＣ,住宅,住宅,,,,第２種住居地域,60.0,200.0,2015年第４四半期,未改装,,7.176091259055681
22052394,中古マンション等,,22102,静岡県,静岡市駿河区,大和,静岡,15,３ＬＤＫ,80,,,,平成17年,ＲＣ,住宅,住宅,,,,準工業地域,60.0,200.0,2014年第４四半期,未改装,,7.431363764158987
22103536,中古マンション等,,22203,静岡県,沼津市,西条町,沼津,8,３ＬＤＫ,70,,,,昭和64年,ＳＲＣ,住宅,,,,,商業地域,80.0,400.0,2009年第２四半期,未改装,,7.146128035678238
22089172,中古マンション等,,22131,静岡県,浜松市中区,板屋町,浜松,5,３ＬＤＫ,90,,,,平成18年,ＲＣ,住宅,,,,,商業地域,80.0,600.0,2009年第３四半期,,,7.653212513775344
22089485,中古マンション等,,22131,静岡県,浜松市中区,上島,浜松,1H?1H30,４ＬＤＫ,85,,,,平成12年,ＲＣ,住宅,,,,,第１種中高層住居専用地域,60.0,200.0,2009年第１四半期,未改装,,7.278753600952829
22021163,中古マンション等,,22203,静岡県,沼津市,新沢田町,沼津,30分?60分,２ＬＤＫ,65,,,,平成19年,ＲＣ,住宅,住宅,,,,第１種住居地域,60.0,200.0,2016年第２四半期,未改装,,7.176091259055681
22061951,中古マンション等,,22101,静岡県,静岡市葵区,川辺町,静岡,15,１Ｋ,20,,,,昭和60年,ＲＣ,住宅,,,,,商業地域,80.0,400.0,2012年第２四半期,未改装,,6.431363764158987
22055907,中古マンション等,,22102,静岡県,静岡市駿河区,見瀬,静岡,30分?60分,３ＬＤＫ,65,,,,平成2年,ＲＣ,住宅,,,,,第２種住居地域,60.0,200.0,2011年第１四半期,未改装,,7.0
22065287,中古マンション等,,22132,静岡県,浜松市東区,篠ケ瀬町,浜松,1H?1H30,１Ｋ,15,,,,昭和59年,ＲＣ,住宅,事務所,,,,第１種住居地域,60.0,200.0,2015年第４四半期,未改装,,5.9084850188786495
22023374,中古マンション等,,22206,静岡県,三島市,徳倉,三島,30分?60分,３ＬＤＫ,145,,,,平成3年,ＲＣ,,住宅,,,,第１種中高層住居専用地域,60.0,200.0,2017年第４四半期,未改装,,7.342422680822207
22011762,中古マンション等,,22131,静岡県,浜松市中区,和地山,浜松,30分?60分,１Ｋ,25,,,,昭和49年,ＳＲＣ,住宅,住宅,,,,第２種中高層住居専用地域,60.0,200.0,2020年第２四半期,未改装,,5.301029995663981
22023405,中古マンション等,,22206,静岡県,三島市,徳倉,三島,30分?60分,３ＬＤＫ,65,,,,昭和62年,ＲＣ,住宅,住宅,,,,第１種中高層住居専用地域,60.0,150.0,2016年第２四半期,未改装,,6.903089986991944
22106319,中古マンション等,,22214,静岡県,藤枝市,駅前,藤枝,4,２ＬＤＫ,70,,,,,ＲＣ,住宅,,,,,商業地域,80.0,400.0,2012年第１四半期,未改装,,7.342422680822207
22130428,中古マンション等,,22213,静岡県,掛川市,青葉台,掛川,21,３ＬＤＫ,65,,,,平成4年,ＳＲＣ,住宅,,,,,第２種住居地域,60.0,200.0,2007年第４四半期,未改装,,7.079181246047625
22092676,中古マンション等,,22131,静岡県,浜松市中区,龍禅寺町,浜松,11,３ＬＤＫ,65,,,,平成2年,ＳＲＣ,住宅,,,,,近隣商業地域,80.0,300.0,2009年第１四半期,未改装,調停・競売等,6.919078092376074
22051356,中古マンション等,,22101,静岡県,静岡市葵区,追手町,静岡,16,３ＬＤＫ,55,,,,昭和54年,ＳＲＣ,住宅,,,,,商業地域,80.0,600.0,2010年第４四半期,未改装,,6.863322860120456
22022060,中古マンション等,,22203,静岡県,沼津市,三園町,沼津,24,３ＬＤＫ,75,,,,平成4年,ＲＣ,,住宅,,,,近隣商業地域,80.0,300.0,2019年第３四半期,未改装,,6.724275869600789
22063504,中古マンション等,,22131,静岡県,浜松市中区,布橋,浜松,30分?60分,１Ｋ,15,,,,昭和61年,ＲＣ,住宅,その他,,,,第１種住居地域,60.0,200.0,2015年第２四半期,未改装,,6.204119982655925
22099905,中古マンション等,,22135,静岡県,浜松市北区,三ヶ日町都筑,都筑,16,１ＬＤＫ,70,,,,平成2年,ＳＲＣ,住宅,,,,,市街化調整区域,60.0,200.0,2009年第４四半期,未改装,,6.740362689494244
22099130,中古マンション等,,22210,静岡県,富士市,広見西本町,吉原,1H?1H30,２ＬＤＫ＋Ｓ,80,,,,平成12年,ＲＣ,住宅,,,,,第１種中高層住居専用地域,50.0,100.0,2012年第１四半期,未改装,調停・競売等,7.230448921378274
22000514,中古マンション等,,22101,静岡県,静岡市葵区,春日,春日町,2,３ＬＤＫ,70,,,,平成12年,ＲＣ,住宅,住宅,,,,第１種住居地域,60.0,200.0,2016年第２四半期,未改装,,7.230448921378274
22063322,中古マンション等,,22203,静岡県,沼津市,江原町,沼津,23,３ＬＤＫ,70,,,,平成8年,ＲＣ,住宅,住宅,,,,第１種住居地域,60.0,200.0,2014年第４四半期,改装済,,7.361727836017593
22013755,中古マンション等,,22133,静岡県,浜松市西区,入野町,浜松,1H?1H30,３ＬＤＫ,70,,,,平成5年,ＳＲＣ,住宅,住宅,,,,工業地域,60.0,200.0,2018年第２四半期,改装済,,7.0
22057583,中古マンション等,,22131,静岡県,浜松市中区,高丘東,浜松,1H30?2H,４ＬＤＫ,85,,,,平成5年,ＳＲＣ,住宅,,,,,工業地域,60.0,200.0,2010年第２四半期,未改装,関係者間取引,7.301029995663981
22002182,中古マンション等,,22101,静岡県,静岡市葵区,常磐町,静岡,8,１ＤＫ,30,,,,平成9年,ＳＲＣ,住宅,住宅,,,,商業地域,80.0,500.0,2017年第１四半期,未改装,,6.954242509439325
22087133,中古マンション等,,22214,静岡県,藤枝市,稲川,藤枝,25,３ＬＤＫ,95,,,,平成17年,ＲＣ,住宅,,,,,第１種中高層住居専用地域,60.0,200.0,2010年第２四半期,未改装,,6.361727836017593
22009853,中古マンション等,,22131,静岡県,浜松市中区,高丘北,浜松,1H30?2H,３ＬＤＫ,75,,,,平成18年,ＲＣ,住宅,住宅,,,,近隣商業地域,80.0,200.0,2018年第３四半期,未改装,,7.278753600952829
22126510,中古マンション等,,22206,静岡県,三島市,本町,三島広小路,3,３ＬＤＫ,95,,,,平成17年,ＲＣ,住宅,,,,,商業地域,80.0,400.0,2008年第４四半期,未改装,,7.6020599913279625
22065530,中古マンション等,,22132,静岡県,浜松市東区,中郡町,遠州西ケ崎,2,３ＬＤＫ,80,,,,平成8年,ＳＲＣ,住宅,住宅,,,,市街化調整区域,60.0,200.0,2015年第２四半期,未改装,,7.146128035678238
22122407,中古マンション等,,22131,静岡県,浜松市中区,新津町,助信,4,４ＬＤＫ,90,,,,平成13年,ＲＣ,住宅,,,,,第１種住居地域,60.0,200.0,2008年第４四半期,未改装,,7.278753600952829
22009704,中古マンション等,,22131,静岡県,浜松市中区,住吉,浜松,30分?60分,２ＬＤＫ＋Ｓ,60,,,,昭和50年,,,住宅,,,,第２種住居地域,60.0,200.0,2017年第４四半期,未改装,,6.653212513775344
22079459,中古マンション等,,22101,静岡県,静岡市葵区,瀬名,草薙(ＪＲ),30分?60分,３ＤＫ,45,,,,昭和47年,ＲＣ,住宅,,,,,第１種中高層住居専用地域,60.0,200.0,2009年第２四半期,,,6.301029995663981
22060728,中古マンション等,,22135,静岡県,浜松市北区,三ヶ日町大崎,都筑,30分?60分,１ＬＤＫ,45,,,,昭和63年,ＳＲＣ,住宅,その他,,,,市街化調整区域,60.0,200.0,2014年第４四半期,改装済,,6.623249290397901
22055988,中古マンション等,,22101,静岡県,静岡市葵区,鷹匠,静岡,10,４ＬＤＫ,80,,,,,ＲＣ,住宅,住宅,,,,商業地域,80.0,400.0,2015年第２四半期,未改装,,7.431363764158987
22070060,中古マンション等,,22135,静岡県,浜松市北区,三ヶ日町都筑,都筑,25,２ＬＤＫ,70,,,,平成2年,ＳＲＣ,住宅,事務所,,,,市街化調整区域,60.0,200.0,2015年第４四半期,未改装,,6.698970004336019
22021335,中古マンション等,,22203,静岡県,沼津市,高島町,沼津,6,２ＬＤＫ,55,,,,昭和49年,,住宅,,,,,商業地域,80.0,400.0,2019年第２四半期,未改装,,6.518513939877887
22125755,中古マンション等,,22203,静岡県,沼津市,高島町,沼津,6,３ＤＫ,55,,,,昭和49年,ＲＣ,住宅,,,,,商業地域,80.0,400.0,2008年第１四半期,未改装,,6.949390006644912
22125811,中古マンション等,,22203,静岡県,沼津市,西沢田,沼津,30分?60分,２ＬＤＫ,65,,,,昭和64年,ＲＣ,住宅,,,,,工業地域,60.0,200.0,2007年第２四半期,未改装,,7.0
22120487,中古マンション等,,22102,静岡県,静岡市駿河区,宮本町,静岡,17,３ＬＤＫ,65,,,,平成10年,ＲＣ,住宅,,,,,近隣商業地域,80.0,200.0,2008年第２四半期,未改装,,7.3222192947339195
22128673,中古マンション等,,22210,静岡県,富士市,蓼原,富士,16,４ＬＤＫ,75,,,,平成17年,ＲＣ,住宅,,,,,第２種住居地域,60.0,200.0,2007年第４四半期,未改装,,7.4623979978989565
22080064,中古マンション等,,22131,静岡県,浜松市中区,高丘北,浜松,1H30?2H,３ＬＤＫ,75,,,,平成20年,ＲＣ,住宅,,,,,第１種住居地域,60.0,200.0,2013年第２四半期,改装済,,7.278753600952829
22096194,中古マンション等,,22133,静岡県,浜松市西区,西山町,浜松,1H?1H30,３ＬＤＫ,75,,,,平成3年,ＲＣ,住宅,,,,,市街化調整区域,60.0,200.0,2009年第１四半期,改装済,,7.146128035678238
22084704,中古マンション等,,22132,静岡県,浜松市東区,宮竹町,浜松,30分?60分,３ＬＤＫ,60,,,,平成2年,ＲＣ,住宅,,,,,第１種住居地域,60.0,200.0,2013年第３四半期,未改装,,6.903089986991944
22013786,中古マンション等,,22133,静岡県,浜松市西区,入野町,浜松,30分?60分,２ＬＤＫ,60,,,,平成15年,ＲＣ,住宅,住宅,,,,第２種住居地域,60.0,200.0,2017年第２四半期,未改装,,6.8750612633917
22086659,中古マンション等,,22103,静岡県,静岡市清水区,楠新田,草薙(ＪＲ),6,３ＬＤＫ,70,,,,平成8年,ＳＲＣ,住宅,,,,,準工業地域,60.0,200.0,2009年第２四半期,改装済,,7.3222192947339195
22052093,中古マンション等,,22101,静岡県,静岡市葵区,千代田,静岡,30分?60分,２ＬＤＫ,65,,,,平成8年,ＲＣ,住宅,,,,,第２種中高層住居専用地域,60.0,200.0,2010年第４四半期,未改装,,7.146128035678238
22085174,中古マンション等,,22203,静岡県,沼津市,上香貫,沼津,30分?60分,３ＬＤＫ,65,,,,平成7年,ＲＣ,住宅,,,,,準工業地域,60.0,200.0,2012年第３四半期,未改装,,7.0
22129363,中古マンション等,,22211,静岡県,磐田市,上本郷,豊田町,1,３ＬＤＫ,70,,,,平成9年,ＳＲＣ,住宅,,,,,近隣商業地域,80.0,200.0,2008年第３四半期,未改装,,7.2552725051033065
22059454,中古マンション等,,22134,静岡県,浜松市南区,東若林町,浜松,30分?60分,１Ｋ,20,,,,平成2年,ＲＣ,住宅,住宅,,,,第１種住居地域,60.0,200.0,2014年第４四半期,未改装,,6.113943352306837
22000116,中古マンション等,,22101,静岡県,静岡市葵区,安倍町,静岡,19,３ＬＤＫ,90,,,,平成24年,ＲＣ,住宅,住宅,,,,商業地域,80.0,400.0,2018年第１四半期,未改装,,7.568201724066995
22052120,中古マンション等,,22101,静岡県,静岡市葵区,常磐町,静岡,8,１ＤＫ,45,,,,平成9年,ＳＲＣ,住宅,,,,,商業地域,80.0,500.0,2010年第２四半期,改装済,,6.832508912706237
22023543,中古マンション等,,22206,静岡県,三島市,萩,三島,30分?60分,３ＬＤＫ,80,,,,平成6年,ＲＣ,,,,,,第１種中高層住居専用地域,60.0,200.0,2018年第１四半期,未改装,,6.740362689494244
22066457,中古マンション等,,22206,静岡県,三島市,長伏,三島,30分?60分,４ＬＤＫ,75,,,,平成7年,ＲＣ,住宅,住宅,,,,工業地域,60.0,200.0,2014年第１四半期,改装済,,7.079181246047625
22091844,中古マンション等,,22212,静岡県,焼津市,駅北,焼津,1,１ＤＫ,30,,,,平成4年,ＲＣ,住宅,その他,,,,商業地域,80.0,600.0,2015年第３四半期,未改装,,6.698970004336019
22007430,中古マンション等,,22103,静岡県,静岡市清水区,西高町,桜橋(静岡),11,２ＬＤＫ,50,,,,平成19年,ＲＣ,,住宅,,,,第２種中高層住居専用地域,60.0,200.0,2020年第２四半期,改装済,,7.146128035678238
22122607,中古マンション等,,22131,静岡県,浜松市中区,寺島町,浜松,11,１ＬＤＫ,55,,,,平成3年,ＳＲＣ,住宅,,,,,近隣商業地域,80.0,300.0,2008年第３四半期,未改装,,6.944482672150168
22021212,中古マンション等,,22203,静岡県,沼津市,杉崎町,沼津,14,３ＬＤＫ,65,,,,平成9年,ＳＲＣ,住宅,住宅,,,,第２種住居地域,60.0,200.0,2017年第２四半期,未改装,,6.991226075692495
22123122,中古マンション等,,22132,静岡県,浜松市東区,植松町,浜松,,２ＤＫ,40,,,,昭和48年,ＲＣ,住宅,,,,,第１種住居地域,60.0,200.0,2008年第２四半期,改装済,,6.491361693834273
22021301,中古マンション等,,22203,静岡県,沼津市,高沢町,沼津,8,２ＬＤＫ,50,,,,平成6年,ＳＲＣ,,住宅,,,,商業地域,80.0,400.0,2020年第１四半期,未改装,,7.041392685158225
22062260,中古マンション等,,22131,静岡県,浜松市中区,新津町,助信,5,３ＬＤＫ,70,,,,平成13年,ＲＣ,住宅,住宅,,,,第１種住居地域,60.0,200.0,2015年第１四半期,未改装,,7.278753600952829
22000154,中古マンション等,,22101,静岡県,静岡市葵区,安東,静岡,30分?60分,２ＬＤＫ,60,,,,昭和62年,ＲＣ,住宅,住宅,,,,第２種中高層住居専用地域,60.0,200.0,2020年第２四半期,改装済,,7.113943352306837
22090594,中古マンション等,,22136,静岡県,浜松市浜北区,貴布祢,浜北,4,３ＬＤＫ,75,,,,平成10年,ＲＣ,住宅,,,,,近隣商業地域,80.0,200.0,2013年第２四半期,未改装,,7.113943352306837
22064704,中古マンション等,,22203,静岡県,沼津市,西沢田,沼津,30分?60分,３ＬＤＫ,60,,,,昭和64年,ＲＣ,住宅,住宅,,,,工業地域,60.0,200.0,2014年第２四半期,未改装,,6.903089986991944
22062955,中古マンション等,,22135,静岡県,浜松市北区,三ヶ日町大崎,都筑,30分?60分,２ＬＤＫ,60,,,,平成2年,ＳＲＣ,住宅,,,,,,60.0,200.0,2010年第４四半期,未改装,,6.770852011642144
22080419,中古マンション等,,22131,静岡県,浜松市中区,中央,浜松,12,,60,,,,平成19年,ＲＣ,住宅,,,,,商業地域,80.0,400.0,2013年第１四半期,改装済,,7.3979400086720375
22013111,中古マンション等,,22132,静岡県,浜松市東区,中郡町,浜松,2H?,３ＬＤＫ,70,,,,平成4年,,住宅,住宅,,,,市街化調整区域,60.0,200.0,2018年第１四半期,未改装,,6.477121254719663
22051362,中古マンション等,,22101,静岡県,静岡市葵区,両替町,静岡,11,１Ｋ,20,,,,昭和59年,ＳＲＣ,住宅,その他,,,,商業地域,80.0,600.0,2014年第３四半期,未改装,,6.431363764158987
22011463,中古マンション等,,22131,静岡県,浜松市中区,山手町,浜松,30分?60分,３ＬＤＫ,70,,,,平成9年,ＳＲＣ,住宅,住宅,,,,第１種中高層住居専用地域,60.0,200.0,2016年第２四半期,,,7.146128035678238
22021215,中古マンション等,,22203,静岡県,沼津市,杉崎町,沼津,14,３ＬＤＫ,70,,,,平成6年,ＲＣ,住宅,住宅,,,,第２種住居地域,60.0,200.0,2016年第４四半期,改装済,,7.113943352306837
22004598,中古マンション等,,22102,静岡県,静岡市駿河区,中田,静岡,18,３ＬＤＫ,75,,,,平成22年,ＲＣ,,住宅,,,,第２種中高層住居専用地域,60.0,200.0,2018年第１四半期,未改装,,7.4623979978989565
22018310,中古マンション等,,22136,静岡県,浜松市浜北区,貴布祢,浜北,1,３ＬＤＫ,95,,,,平成13年,ＲＣ,住宅,住宅,,,,商業地域,80.0,400.0,2016年第３四半期,未改装,,7.3222192947339195
22128664,中古マンション等,,22210,静岡県,富士市,蓼原,富士,16,３ＬＤＫ,65,,,,平成19年,ＲＣ,住宅,,,,,工業地域,60.0,200.0,2008年第４四半期,未改装,,7.301029995663981
22051877,中古マンション等,,22102,静岡県,静岡市駿河区,登呂,静岡,30分?60分,３ＬＤＫ,70,,,,平成12年,ＲＣ,住宅,住宅,,,,第２種中高層住居専用地域,60.0,200.0,2014年第４四半期,未改装,,7.204119982655925
22008581,中古マンション等,,22131,静岡県,浜松市中区,瓜内町,浜松,30分?60分,３ＬＤＫ,70,,,,平成4年,ＳＲＣ,住宅,住宅,,,,市街化調整区域,60.0,200.0,2016年第４四半期,改装済,,6.919078092376074
22066118,中古マンション等,,22133,静岡県,浜松市西区,入野町,浜松,30分?60分,４ＬＤＫ,90,,,,平成3年,ＳＲＣ,住宅,住宅,,,,第１種住居地域,60.0,200.0,2015年第３四半期,未改装,,7.113943352306837
22017462,中古マンション等,,22135,静岡県,浜松市北区,三ヶ日町大崎,都筑,30分?60分,,45,,,,昭和63年,ＳＲＣ,住宅,その他,,,,市街化調整区域,60.0,200.0,2017年第２四半期,未改装,,6.146128035678238
22060913,中古マンション等,,22135,静岡県,浜松市北区,三ヶ日町都筑,東都筑,23,２ＬＤＫ,50,,,,昭和49年,ＳＲＣ,住宅,住宅,,,,市街化調整区域,60.0,200.0,2014年第４四半期,未改装,,6.414973347970818
22071298,中古マンション等,,22101,静岡県,静岡市葵区,屋形町,静岡,15,１ＤＫ,45,,,,昭和59年,ＲＣ,住宅,,,,,近隣商業地域,80.0,300.0,2013年第１四半期,未改装,,6.8512583487190755
22055289,中古マンション等,,22102,静岡県,静岡市駿河区,中田,静岡,12,３ＬＤＫ,50,,,,昭和56年,ＲＣ,住宅,,,,,第２種住居地域,60.0,200.0,2011年第３四半期,未改装,,6.740362689494244
22055256,中古マンション等,,22131,静岡県,浜松市中区,寺島町,浜松,12,１Ｋ,25,,,,昭和64年,ＲＣ,住宅,住宅,,,,近隣商業地域,80.0,300.0,2014年第３四半期,,,6.342422680822207
22054065,中古マンション等,,22131,静岡県,浜松市中区,小豆餅,浜松,1H30?2H,４ＬＤＫ,90,,,,平成14年,ＲＣ,住宅,住宅,,,,第１種住居地域,60.0,200.0,2014年第２四半期,未改装,,7.113943352306837
22129582,中古マンション等,,22211,静岡県,磐田市,中泉,磐田,3,３ＬＤＫ,75,,,,平成19年,ＲＣ,住宅,,,,,商業地域,80.0,400.0,2007年第３四半期,未改装,,7.431363764158987
22066283,中古マンション等,,22206,静岡県,三島市,中央町,三島,14,３ＬＤＫ,80,,,,平成15年,ＲＣ,住宅,住宅,,,,商業地域,80.0,400.0,2014年第１四半期,未改装,,7.447158031342219
22078453,中古マンション等,,22101,静岡県,静岡市葵区,川辺町,静岡,14,２ＬＤＫ,45,,,,平成2年,ＳＲＣ,住宅,,,,,商業地域,80.0,400.0,2009年第１四半期,未改装,,6.929418925714293
22031685,中古マンション等,,22210,静岡県,富士市,水戸島,富士,12,３ＬＤＫ,80,,,,昭和63年,ＳＲＣ,,住宅,,,,第２種住居地域,60.0,200.0,2019年第３四半期,改装済,,6.929418925714293
22074645,中古マンション等,,22102,静岡県,静岡市駿河区,森下町,静岡,5,２ＤＫ,35,,,,昭和56年,ＳＲＣ,住宅,,,,,商業地域,80.0,400.0,2013年第１四半期,未改装,,6.740362689494244
22004722,中古マンション等,,22102,静岡県,静岡市駿河区,中吉田,草薙(ＪＲ),19,２ＬＤＫ＋Ｓ,65,,,,平成29年,ＲＣ,住宅,住宅,,,,工業地域,60.0,200.0,2017年第２四半期,未改装,,7.477121254719663
22005674,中古マンション等,,22102,静岡県,静岡市駿河区,森下町,静岡,6,３Ｋ,50,,,,昭和56年,ＳＲＣ,,住宅,,,,商業地域,80.0,400.0,2020年第３四半期,未改装,,6.301029995663981
22007776,中古マンション等,,22103,静岡県,静岡市清水区,港町,清水(静岡),25,３ＬＤＫ,90,,,,平成18年,ＲＣ,,住宅,,,,商業地域,80.0,400.0,2018年第４四半期,改装済,,7.361727836017593
22080407,中古マンション等,,22131,静岡県,浜松市中区,中央,浜松,8,オープンフロア,170,,,,平成12年,ＳＲＣ,店舗,,,,,商業地域,80.0,400.0,2013年第３四半期,改装済,,7.531478917042255
22011400,中古マンション等,,22131,静岡県,浜松市中区,元浜町,浜松,18,１Ｋ,15,,,,,ＲＣ,,住宅,,,,商業地域,80.0,400.0,2017年第３四半期,未改装,,6.301029995663981
22052012,中古マンション等,,22101,静岡県,静岡市葵区,鷹匠,静岡,10,３ＬＤＫ,70,,,,平成16年,ＲＣ,住宅,,,,,商業地域,80.0,400.0,2010年第４四半期,未改装,,7.414973347970818
22001134,中古マンション等,,22101,静岡県,静岡市葵区,呉服町,静岡,16,オープンフロア,340,,,,平成30年,ＳＲＣ,店舗,事務所,,,,商業地域,80.0,600.0,2019年第１四半期,,,8.44715803134222
22078133,中古マンション等,,22131,静岡県,浜松市中区,葵東,浜松,1H30?2H,３ＬＤＫ＋Ｓ,75,,,,平成11年,ＲＣ,住宅,,,,,近隣商業地域,80.0,300.0,2013年第４四半期,未改装,,7.204119982655925
22016172,中古マンション等,,22134,静岡県,浜松市南区,三島町,浜松,26,３ＬＤＫ,70,,,,平成8年,ＲＣ,住宅,住宅,,,,第１種住居地域,60.0,200.0,2016年第３四半期,未改装,,7.176091259055681
22075840,中古マンション等,,22103,静岡県,静岡市清水区,草薙,草薙(ＪＲ),15,３ＬＤＫ,60,,,,平成12年,ＲＣ,住宅,,,,,第１種低層住居専用地域,40.0,80.0,2013年第１四半期,改装済,,7.176091259055681
22021310,中古マンション等,,22203,静岡県,沼津市,高沢町,沼津,6,３ＬＤＫ,80,,,,,ＲＣ,,住宅,,,,商業地域,80.0,400.0,2018年第２四半期,,,7.079181246047625
22089861,中古マンション等,,22135,静岡県,浜松市北区,三ヶ日町都筑,都筑,20,１ＬＤＫ,50,,,,平成2年,ＳＲＣ,住宅,,,,,市街化調整区域,50.0,100.0,2013年第１四半期,未改装,,6.698970004336019
22052994,中古マンション等,,22102,静岡県,静岡市駿河区,小鹿,東静岡,19,３ＬＤＫ,75,,,,平成13年,ＲＣ,住宅,,,,,近隣商業地域,80.0,200.0,2010年第１四半期,未改装,,7.342422680822207
22119424,中古マンション等,,22102,静岡県,静岡市駿河区,小黒,静岡,20,３ＬＤＫ,70,,,,昭和63年,ＲＣ,住宅,,,,,準工業地域,60.0,200.0,2008年第２四半期,未改装,,7.079181246047625
22021148,中古マンション等,,22203,静岡県,沼津市,新沢田町,沼津,30分?60分,３ＬＤＫ,75,,,,平成18年,ＲＣ,住宅,住宅,,,,第１種住居地域,60.0,200.0,2020年第２四半期,改装済,,7.431363764158987
22122730,中古マンション等,,22131,静岡県,浜松市中区,西浅田,浜松,20,３ＬＤＫ,55,,,,平成3年,ＳＲＣ,住宅,,,,,近隣商業地域,80.0,300.0,2008年第１四半期,未改装,,6.778151250383644
22016151,中古マンション等,,22134,静岡県,浜松市南区,三島町,浜松,21,３ＬＤＫ,90,,,,平成19年,ＲＣ,住宅,住宅,,,,第１種住居地域,60.0,200.0,2018年第１四半期,未改装,,7.278753600952829
22071040,中古マンション等,,22101,静岡県,静岡市葵区,本通,静岡,19,２ＬＤＫ,60,,,,平成16年,ＲＣ,住宅,,,,,商業地域,80.0,400.0,2013年第３四半期,,,7.3222192947339195
22121161,中古マンション等,,22103,静岡県,静岡市清水区,草薙,草薙(ＪＲ),6,３ＬＤＫ,70,,,,平成11年,ＲＣ,住宅,,,,,第１種中高層住居専用地域,60.0,200.0,2008年第２四半期,未改装,,7.414973347970818
22011135,中古マンション等,,22131,静岡県,浜松市中区,曳馬,浜松,30分?60分,４ＬＤＫ,90,,,,平成16年,ＲＣ,住宅,住宅,,,,第１種住居地域,60.0,200.0,2020年第１四半期,未改装,,7.230448921378274
22062853,中古マンション等,,22131,静岡県,浜松市中区,中央,浜松,12,２ＬＤＫ,60,,,,平成12年,ＲＣ,住宅,住宅,,,,近隣商業地域,80.0,300.0,2015年第４四半期,未改装,,7.146128035678238
22009067,中古マンション等,,22131,静岡県,浜松市中区,北寺島町,浜松,7,３ＬＤＫ,85,,,,平成27年,ＲＣ,住宅,住宅,,,,商業地域,80.0,500.0,2020年第３四半期,未改装,,7.633468455579586
22051296,中古マンション等,,22101,静岡県,静岡市葵区,安東,静岡,30分?60分,３ＬＤＫ,65,,,,昭和64年,ＲＣ,住宅,,,,,第２種中高層住居専用地域,60.0,200.0,2010年第４四半期,未改装,,7.204119982655925
22069925,中古マンション等,,22131,静岡県,浜松市中区,板屋町,浜松,5,２ＬＤＫ,85,,,,,ＲＣ,住宅,,,,,商業地域,80.0,600.0,2012年第１四半期,未改装,,7.6020599913279625
22031732,中古マンション等,,22210,静岡県,富士市,水戸島本町,富士,6,１Ｋ,15,,,,平成4年,ＳＲＣ,住宅,住宅,,,,近隣商業地域,80.0,300.0,2016年第４四半期,改装済,,6.380211241711606
22057369,中古マンション等,,22103,静岡県,静岡市清水区,千歳町,清水(静岡),16,４ＬＤＫ,95,,,,昭和62年,ＳＲＣ,住宅,,,,,商業地域,80.0,400.0,2011年第４四半期,未改装,,6.939519252618618
22079545,中古マンション等,,22210,静岡県,富士市,吉原,富士,30分?60分,３ＬＤＫ,60,,,,平成5年,ＳＲＣ,住宅,,,,,商業地域,80.0,400.0,2010年第４四半期,未改装,,6.99563519459755
22077318,中古マンション等,,22210,静岡県,富士市,中央町,富士,30分?60分,２ＤＫ,60,,,,昭和49年,ＳＲＣ,住宅,,,,,近隣商業地域,80.0,300.0,2010年第３四半期,未改装,,6.5910646070264995
22079929,中古マンション等,,22101,静岡県,静岡市葵区,鷹匠,静岡,9,４ＬＤＫ,90,,,,平成16年,ＲＣ,住宅,,,,,商業地域,80.0,400.0,2009年第２四半期,未改装,,7.505149978319906
22033788,中古マンション等,,22211,静岡県,磐田市,中泉,磐田,25,３ＬＤＫ,80,,,,,,,住宅,,,,第２種中高層住居専用地域,60.0,150.0,2019年第２四半期,未改装,,7.278753600952829
22005069,中古マンション等,,22102,静岡県,静岡市駿河区,曲金,東静岡,4,３ＬＤＫ,80,,,,平成22年,,住宅,住宅,,,,商業地域,80.0,500.0,2019年第２四半期,未改装,,7.556302500767287
22113887,中古マンション等,,22212,静岡県,焼津市,本町,焼津,8,３ＬＤＫ,65,,,,平成19年,ＲＣ,住宅,,,,,商業地域,80.0,400.0,2009年第４四半期,未改装,,7.204119982655925
22081298,中古マンション等,,22101,静岡県,静岡市葵区,緑町,静岡,28,３ＬＤＫ,65,,,,昭和61年,ＲＣ,住宅,,,,,第１種中高層住居専用地域,60.0,200.0,2009年第２四半期,未改装,,6.954242509439325
22064400,中古マンション等,,22203,静岡県,沼津市,新沢田町,沼津,29,３ＬＤＫ,70,,,,昭和63年,ＲＣ,住宅,住宅,,,,準工業地域,60.0,200.0,2014年第３四半期,未改装,,6.623249290397901
22065246,中古マンション等,,22203,静岡県,沼津市,三園町,沼津,24,３ＬＤＫ,65,,,,,ＳＲＣ,住宅,,,,,近隣商業地域,80.0,300.0,2014年第１四半期,未改装,,7.113943352306837
22118954,中古マンション等,,22101,静岡県,静岡市葵区,古庄,静岡,,３ＤＫ,60,,,,昭和54年,,住宅,,,,,,,,2006年第２四半期,改装済,,6.8750612633917
22012586,中古マンション等,,22132,静岡県,浜松市東区,小池町,浜松,1H?1H30,３ＬＤＫ,70,,,,平成4年,ＲＣ,住宅,住宅,,,,準工業地域,60.0,200.0,2019年第２四半期,未改装,,6.799340549453582
22074407,中古マンション等,,22203,静岡県,沼津市,新沢田町,沼津,30分?60分,,75,,,,,ＲＣ,住宅,住宅,,,,第１種住居地域,60.0,200.0,2015年第２四半期,改装済,,7.230448921378274
22079344,中古マンション等,,22101,静岡県,静岡市葵区,水道町,静岡,30分?60分,４ＬＤＫ,70,,,,平成9年,ＲＣ,住宅,,,,,準工業地域,60.0,200.0,2009年第３四半期,改装済,,7.146128035678238
22015242,中古マンション等,,22134,静岡県,浜松市南区,恩地町,浜松,30分?60分,３ＬＤＫ,85,,,,昭和57年,ＲＣ,,住宅,,,,第１種住居地域,60.0,200.0,2019年第１四半期,未改装,,6.724275869600789
22118156,中古マンション等,,22101,静岡県,静岡市葵区,北安東,静岡,30分?60分,２ＬＤＫ,70,,,,平成9年,ＲＣ,住宅,,,,,第２種中高層住居専用地域,60.0,200.0,2007年第２四半期,未改装,,7.3222192947339195
22054633,中古マンション等,,22131,静岡県,浜松市中区,佐鳴台,浜松,30分?60分,１Ｋ,15,,,,昭和64年,ＲＣ,住宅,,,,,第１種中高層住居専用地域,60.0,200.0,2014年第１四半期,改装済,,6.079181246047625
22008616,中古マンション等,,22131,静岡県,浜松市中区,海老塚,浜松,9,４ＬＤＫ,90,,,,昭和49年,ＲＣ,,住宅,,,,第１種住居地域,60.0,200.0,2018年第２四半期,未改装,,6.633468455579586
22023989,中古マンション等,,22206,静岡県,三島市,谷田,三島,30分?60分,３ＬＤＫ,65,,,,,,,住宅,,,,第１種低層住居専用地域,50.0,80.0,2019年第２四半期,未改装,,6.929418925714293
22060868,中古マンション等,,22135,静岡県,浜松市北区,三ヶ日町都筑,都筑,30分?60分,,120,,,,平成2年,ＳＲＣ,住宅,住宅,,,,市街化調整区域,60.0,200.0,2014年第４四半期,未改装,,6.903089986991944
22072977,中古マンション等,,22206,静岡県,三島市,本町,三島,13,３ＬＤＫ,120,,,,平成17年,ＲＣ,住宅,,,,,商業地域,80.0,400.0,2011年第３四半期,未改装,,7.7160033436347994
22098838,中古マンション等,,22210,静岡県,富士市,中之郷,富士川,6,３ＬＤＫ,85,,,,,ＳＲＣ,住宅,,,,,第１種中高層住居専用地域,,,2012年第３四半期,,,6.919078092376074
22125422,中古マンション等,,22203,静岡県,沼津市,大岡,沼津,14,３ＬＤＫ,60,,,,昭和58年,ＲＣ,住宅,,,,,準工業地域,60.0,200.0,2007年第３四半期,,,6.977723605288848
22017546,中古マンション等,,22135,静岡県,浜松市北区,三ヶ日町下尾奈,尾奈,18,１Ｒ,25,,,,昭和55年,ＲＣ,その他,,,,,市街化調整区域,60.0,200.0,2017年第１四半期,未改装,,5.301029995663981
22057855,中古マンション等,,22103,静岡県,静岡市清水区,本郷町,清水(静岡),5,１ＤＫ,30,,,,昭和49年,ＳＲＣ,住宅,,,,,商業地域,80.0,400.0,2011年第３四半期,未改装,,6.2552725051033065
22008976,中古マンション等,,22131,静岡県,浜松市中区,鴨江,浜松,30分?60分,１Ｋ,20,,,,,,,住宅,,,,第１種中高層住居専用地域,60.0,200.0,2018年第３四半期,未改装,,6.477121254719663
22098363,中古マンション等,,22206,静岡県,三島市,本町,三島,13,２ＬＤＫ,55,,,,平成13年,ＳＲＣ,住宅,,,,,商業地域,80.0,400.0,2013年第２四半期,未改装,,7.278753600952829
22070157,中古マンション等,,22131,静岡県,浜松市中区,上島,浜松,1H?1H30,３ＬＤＫ,75,,,,平成10年,ＳＲＣ,住宅,,,,,第１種住居地域,60.0,200.0,2012年第３四半期,未改装,,7.230448921378274
22063773,中古マンション等,,22203,静岡県,沼津市,大手町,沼津,5,,10,,,,,ＳＲＣ,住宅,,,,,商業地域,80.0,500.0,2014年第４四半期,,,3.0
22106389,中古マンション等,,22210,静岡県,富士市,富士町,富士,4,３ＬＤＫ,65,,,,平成18年,ＲＣ,住宅,,,,,商業地域,80.0,400.0,2013年第４四半期,未改装,,7.204119982655925
22064133,中古マンション等,,22131,静岡県,浜松市中区,龍禅寺町,浜松,1H?1H30,３ＬＤＫ,70,,,,昭和57年,ＲＣ,住宅,住宅,,,,近隣商業地域,80.0,300.0,2015年第３四半期,未改装,,6.812913356642856
22123389,中古マンション等,,22132,静岡県,浜松市東区,中郡町,遠州西ケ崎,1,３ＬＤＫ,80,,,,平成7年,ＳＲＣ,住宅,,,,,市街化調整区域,60.0,200.0,2008年第２四半期,未改装,,7.230448921378274
22001504,中古マンション等,,22101,静岡県,静岡市葵区,神明町,静岡,26,３ＬＤＫ,65,,,,昭和54年,ＲＣ,住宅,住宅,,,,準工業地域,60.0,200.0,2018年第１四半期,未改装,,6.763427993562937
22066432,中古マンション等,,22136,静岡県,浜松市浜北区,貴布祢,浜北,2,オープンフロア,35,,,,,ＲＣ,事務所,,,,,商業地域,80.0,400.0,2011年第４四半期,未改装,,4.8750612633917
22019982,中古マンション等,,22203,静岡県,沼津市,上土町,沼津,9,オープンフロア,670,,,,平成9年,ＳＲＣ,,その他,,,,商業地域,80.0,500.0,2017年第３四半期,未改装,,8.342422680822207
22126908,中古マンション等,,22207,静岡県,富士宮市,東町,富士宮,3,３ＬＤＫ,95,,,,平成18年,ＳＲＣ,住宅,,,,,近隣商業地域,80.0,200.0,2008年第３四半期,未改装,,7.414973347970818
22120570,中古マンション等,,22102,静岡県,静岡市駿河区,森下町,静岡,4,３ＤＫ,50,,,,昭和56年,ＲＣ,住宅,,,,,商業地域,80.0,400.0,2007年第２四半期,未改装,,6.8750612633917
22030860,中古マンション等,,22210,静岡県,富士市,永田町,富士,30分?60分,３ＬＤＫ,75,,,,平成15年,ＲＣ,住宅,住宅,,,,商業地域,80.0,400.0,2020年第３四半期,未改装,,7.079181246047625
22058075,中古マンション等,,22131,静岡県,浜松市中区,西伊場町,浜松,30分?60分,２ＬＤＫ,45,,,,昭和49年,ＲＣ,住宅,,,,,第１種住居地域,60.0,200.0,2010年第２四半期,改装済,,6.301029995663981
22011164,中古マンション等,,22131,静岡県,浜松市中区,曳馬,浜松,30分?60分,４ＬＤＫ,90,,,,平成17年,ＲＣ,住宅,住宅,,,,第１種住居地域,60.0,200.0,2018年第２四半期,未改装,,7.361727836017593
22055454,中古マンション等,,22101,静岡県,静岡市葵区,三番町,静岡,15,３ＬＤＫ,75,,,,平成20年,ＲＣ,住宅,住宅,,,,近隣商業地域,80.0,200.0,2015年第４四半期,未改装,,7.380211241711606
22071982,中古マンション等,,22206,静岡県,三島市,一番町,三島,3,３ＬＤＫ,65,,,,昭和61年,ＳＲＣ,住宅,,,,,商業地域,80.0,400.0,2011年第３四半期,未改装,,7.176091259055681
22001026,中古マンション等,,22101,静岡県,静岡市葵区,北安東,静岡,30分?60分,３ＬＤＫ＋Ｓ,80,,,,平成9年,ＲＣ,住宅,住宅,,,,第１種中高層住居専用地域,60.0,200.0,2016年第１四半期,改装済,,7.204119982655925
22002217,中古マンション等,,22101,静岡県,静岡市葵区,長沼,長沼(静岡),6,３ＬＤＫ,75,,,,平成14年,ＲＣ,住宅,住宅,,,,第１種住居地域,60.0,200.0,2016年第３四半期,未改装,,7.301029995663981
22007716,中古マンション等,,22103,静岡県,静岡市清水区,馬走北,狐ケ崎,5,３ＬＤＫ,65,,,,昭和52年,ＳＲＣ,住宅,住宅,,,,第２種住居地域,60.0,200.0,2016年第１四半期,未改装,,6.681241237375588
22014719,中古マンション等,,22133,静岡県,浜松市西区,舞阪町弁天島,弁天島,8,２ＬＤＫ,55,,,,平成3年,ＲＣ,住宅,住宅,,,,第１種住居地域,60.0,200.0,2016年第３四半期,未改装,,6.380211241711606
22063408,中古マンション等,,22131,静岡県,浜松市中区,西伊場町,浜松,30分?60分,１ＬＤＫ,35,,,,昭和49年,ＳＲＣ,住宅,,,,,第２種住居地域,60.0,200.0,2015年第１四半期,改装済,,6.662757831681574
22059588,中古マンション等,,22131,静岡県,浜松市中区,高丘北,浜松,1H30?2H,３ＬＤＫ,75,,,,平成11年,ＲＣ,住宅,,,,,第１種住居地域,60.0,150.0,2011年第２四半期,未改装,,7.079181246047625
22009589,中古マンション等,,22131,静岡県,浜松市中区,菅原町,浜松,24,３ＬＤＫ,60,,,,昭和63年,ＲＣ,住宅,住宅,,,,近隣商業地域,80.0,300.0,2016年第１四半期,改装済,,6.778151250383644
22121770,中古マンション等,,22103,静岡県,静岡市清水区,港町,清水(静岡),28,３ＬＤＫ,90,,,,平成18年,ＲＣ,住宅,,,,,商業地域,80.0,400.0,2007年第２四半期,未改装,,7.491361693834273
22121731,中古マンション等,,22103,静岡県,静岡市清水区,松原町,清水(静岡),15,３ＬＤＫ,95,,,,平成18年,ＲＣ,住宅,,,,,商業地域,80.0,400.0,2006年第４四半期,未改装,,7.505149978319906
22039509,中古マンション等,,22214,静岡県,藤枝市,田沼,藤枝,5,４ＬＤＫ,75,,,,平成16年,,,住宅,,,,商業地域,80.0,400.0,2019年第４四半期,未改装,,7.361727836017593
22008374,中古マンション等,,22131,静岡県,浜松市中区,葵東,浜松,1H?1H30,２ＬＤＫ,65,,,,平成11年,ＳＲＣ,住宅,住宅,,,,近隣商業地域,80.0,300.0,2018年第４四半期,改装済,,7.230448921378274
22090326,中古マンション等,,22131,静岡県,浜松市中区,新津町,浜松,30分?60分,３ＬＤＫ,65,,,,平成6年,ＲＣ,住宅,,,,,第１種住居地域,60.0,200.0,2009年第３四半期,未改装,,7.176091259055681
22011539,中古マンション等,,22131,静岡県,浜松市中区,領家,浜松,24,３ＬＤＫ,70,,,,平成19年,ＲＣ,住宅,住宅,,,,第１種住居地域,60.0,200.0,2018年第２四半期,未改装,,7.2552725051033065
22060867,中古マンション等,,22135,静岡県,浜松市北区,三ヶ日町都筑,都筑,30分?60分,１ＬＤＫ,50,,,,平成2年,ＳＲＣ,住宅,その他,,,,市街化調整区域,60.0,200.0,2014年第４四半期,未改装,,6.176091259055681
22066126,中古マンション等,,22206,静岡県,三島市,寿町,三島,6,２ＤＫ,55,,,,平成2年,ＲＣ,住宅,,,,,近隣商業地域,80.0,200.0,2014年第３四半期,未改装,,7.146128035678238
22123887,中古マンション等,,22133,静岡県,浜松市西区,舞阪町弁天島,弁天島,3,２ＬＤＫ,50,,,,昭和51年,ＳＲＣ,住宅,,,,,商業地域,80.0,400.0,2007年第２四半期,未改装,,6.7160033436347994
22011515,中古マンション等,,22131,静岡県,浜松市中区,龍禅寺町,浜松,18,３ＬＤＫ,70,,,,平成2年,ＲＣ,住宅,住宅,,,,第２種住居地域,60.0,200.0,2016年第２四半期,未改装,,6.740362689494244
22004814,中古マンション等,,22102,静岡県,静岡市駿河区,西中原,静岡,25,２ＤＫ,45,,,,昭和48年,ＳＲＣ,住宅,住宅,,,,近隣商業地域,80.0,200.0,2017年第１四半期,未改装,,6.230448921378274
22009681,中古マンション等,,22131,静岡県,浜松市中区,住吉,浜松,30分?60分,３ＬＤＫ,75,,,,平成10年,,住宅,住宅,,,,第２種中高層住居専用地域,60.0,200.0,2019年第２四半期,改装済,,7.230448921378274
22014723,中古マンション等,,22133,静岡県,浜松市西区,舞阪町弁天島,弁天島,16,３ＬＤＫ,85,,,,平成20年,ＲＣ,住宅,住宅,,,,第１種住居地域,60.0,200.0,2016年第１四半期,未改装,,7.278753600952829
22054876,中古マンション等,,22131,静岡県,浜松市中区,住吉,浜松,30分?60分,３ＬＤＫ,60,,,,,ＲＣ,住宅,住宅,,,,第２種住居地域,60.0,200.0,2014年第３四半期,未改装,,6.477121254719663
22011517,中古マンション等,,22131,静岡県,浜松市中区,龍禅寺町,浜松,9,４ＬＤＫ,75,,,,昭和57年,ＲＣ,住宅,住宅,,,,近隣商業地域,80.0,300.0,2016年第１四半期,未改装,,6.748188027006201
22030847,中古マンション等,,22210,静岡県,富士市,中島,富士,20,３ＬＤＫ,45,,,,平成2年,ＲＣ,住宅,住宅,,,,第１種住居地域,60.0,200.0,2016年第２四半期,,,6.7160033436347994
22078969,中古マンション等,,22210,静岡県,富士市,水戸島本町,富士,6,１ＤＫ,30,,,,平成4年,ＳＲＣ,住宅,,,,,近隣商業地域,80.0,300.0,2010年第１四半期,未改装,調停・競売等,6.3979400086720375
22119299,中古マンション等,,22102,静岡県,静岡市駿河区,池田,東静岡,7,４ＬＤＫ,80,,,,平成17年,ＲＣ,住宅,,,,,工業地域,60.0,200.0,2008年第３四半期,未改装,,7.361727836017593
22011007,中古マンション等,,22131,静岡県,浜松市中区,八幡町,浜松,15,３ＬＤＫ,70,,,,平成10年,,,住宅,,,,近隣商業地域,80.0,300.0,2017年第３四半期,未改装,,7.278753600952829
22021158,中古マンション等,,22203,静岡県,沼津市,新沢田町,沼津,29,３ＬＤＫ,70,,,,平成17年,ＲＣ,住宅,住宅,,,,第１種住居地域,60.0,200.0,2017年第４四半期,未改装,,7.204119982655925
22008544,中古マンション等,,22131,静岡県,浜松市中区,板屋町,浜松,8,２ＤＫ,70,,,,平成14年,ＲＣ,住宅,,,,,商業地域,80.0,400.0,2020年第１四半期,未改装,,7.3222192947339195
22077796,中古マンション等,,22210,静岡県,富士市,中島,富士,19,１ＬＤＫ,35,,,,平成2年,ＲＣ,住宅,,,,,第１種住居地域,60.0,200.0,2010年第３四半期,未改装,,6.57978359661681
22051351,中古マンション等,,22101,静岡県,静岡市葵区,竜南,静岡,30分?60分,３ＬＤＫ,65,,,,平成5年,ＲＣ,住宅,,,,,第２種中高層住居専用地域,60.0,200.0,2014年第１四半期,未改装,,7.041392685158225
22078893,中古マンション等,,22101,静岡県,静岡市葵区,駒形通,静岡,15,３ＬＤＫ,65,,,,平成3年,ＳＲＣ,住宅,,,,,商業地域,80.0,400.0,2009年第１四半期,未改装,,7.176091259055681
22061067,中古マンション等,,22132,静岡県,浜松市東区,有玉南町,浜松,1H?1H30,３ＬＤＫ,70,,,,平成3年,ＳＲＣ,住宅,,,,,市街化調整区域,60.0,200.0,2011年第４四半期,改装済,,7.079181246047625
22105967,中古マンション等,,22206,静岡県,三島市,富田町,三島田町,8,２ＬＤＫ,55,,,,平成12年,ＲＣ,住宅,,,,,準住居地域,60.0,200.0,2009年第３四半期,,,6.7558748556724915
22023423,中古マンション等,,22206,静岡県,三島市,富田町,三島,25,４ＬＤＫ,75,,,,平成12年,ＲＣ,住宅,住宅,,,,準住居地域,60.0,200.0,2020年第２四半期,未改装,,7.278753600952829
22031165,中古マンション等,,22210,静岡県,富士市,日乃出町,富士,30分?60分,２ＬＤＫ,75,,,,平成20年,ＲＣ,住宅,住宅,,,,第２種住居地域,60.0,200.0,2017年第４四半期,改装済,,7.361727836017593
22011785,中古マンション等,,22131,静岡県,浜松市中区,和地山,浜松,30分?60分,１ＤＫ,25,,,,昭和49年,ＳＲＣ,,住宅,,,,第２種中高層住居専用地域,60.0,200.0,2017年第３四半期,未改装,,6.2552725051033065
22073009,中古マンション等,,22206,静岡県,三島市,本町,三島広小路,4,,70,,,,平成17年,ＲＣ,住宅,,,,,商業地域,80.0,400.0,2011年第１四半期,,,7.431363764158987
22111647,中古マンション等,,22210,静岡県,富士市,水戸島,富士,11,４ＬＤＫ,80,,,,平成2年,ＳＲＣ,住宅,,,,,第２種住居地域,60.0,200.0,2009年第４四半期,未改装,,6.977723605288848
22125822,中古マンション等,,22203,静岡県,沼津市,西島町,沼津,30分?60分,３ＬＤＫ,65,,,,平成18年,ＲＣ,住宅,,,,,準工業地域,60.0,200.0,2008年第３四半期,未改装,,7.2552725051033065
22105709,中古マンション等,,22213,静岡県,掛川市,中町,掛川,5,２ＬＤＫ,70,,,,平成20年,ＲＣ,住宅,,,,,商業地域,80.0,400.0,2012年第１四半期,未改装,,7.146128035678238
22118399,中古マンション等,,22101,静岡県,静岡市葵区,新通,静岡,19,４ＬＤＫ,80,,,,平成11年,ＲＣ,住宅,,,,,近隣商業地域,80.0,300.0,2008年第２四半期,未改装,,7.431363764158987
22013472,中古マンション等,,22132,静岡県,浜松市東区,宮竹町,浜松,30分?60分,３ＬＤＫ,70,,,,,,住宅,住宅,,,,第１種住居地域,60.0,200.0,2019年第３四半期,未改装,,7.3222192947339195
22124709,中古マンション等,,22135,静岡県,浜松市北区,三ヶ日町都筑,東都筑,21,１ＤＫ,25,,,,昭和61年,ＳＲＣ,住宅,,,,,市街化調整区域,60.0,200.0,2007年第３四半期,改装済,,6.477121254719663
22006280,中古マンション等,,22103,静岡県,静岡市清水区,小芝町,清水(静岡),6,３ＬＤＫ,80,,,,平成14年,ＳＲＣ,,住宅,,,,商業地域,80.0,400.0,2019年第２四半期,未改装,,7.301029995663981
22020622,中古マンション等,,22203,静岡県,沼津市,岡一色,沼津,30分?60分,３ＬＤＫ,70,,,,平成11年,ＲＣ,住宅,住宅,,,,第２種中高層住居専用地域,60.0,150.0,2019年第４四半期,未改装,,7.204119982655925
22104652,中古マンション等,,22203,静岡県,沼津市,三園町,沼津,20,４ＬＤＫ,80,,,,平成14年,ＳＲＣ,住宅,,,,,近隣商業地域,80.0,300.0,2009年第１四半期,未改装,,7.414973347970818
22003765,中古マンション等,,22102,静岡県,静岡市駿河区,小鹿,東静岡,19,３ＬＤＫ,70,,,,平成12年,ＲＣ,住宅,住宅,,,,近隣商業地域,80.0,200.0,2016年第２四半期,未改装,,7.230448921378274
22029506,中古マンション等,,22210,静岡県,富士市,今泉,吉原,30分?60分,３ＬＤＫ,80,,,,平成19年,ＲＣ,住宅,その他,,,,工業地域,60.0,200.0,2020年第３四半期,未改装,,7.230448921378274
22123043,中古マンション等,,22131,静岡県,浜松市中区,和地山,浜松,30分?60分,３ＤＫ,45,,,,昭和49年,ＳＲＣ,住宅,,,,,第２種中高層住居専用地域,60.0,200.0,2008年第１四半期,,,6.633468455579586
22036252,中古マンション等,,22212,静岡県,焼津市,本町,焼津,7,３ＬＤＫ,65,,,,平成19年,ＲＣ,住宅,住宅,,,,商業地域,80.0,400.0,2019年第１四半期,,,7.079181246047625
22122379,中古マンション等,,22131,静岡県,浜松市中区,十軒町,浜松,30分?60分,２ＬＤＫ,60,,,,平成10年,ＲＣ,住宅,,,,,第１種住居地域,60.0,200.0,2008年第３四半期,改装済,,7.146128035678238
22006649,中古マンション等,,22103,静岡県,静岡市清水区,草薙,草薙(ＪＲ),10,３ＬＤＫ,65,,,,平成9年,ＲＣ,,住宅,,,,第１種住居地域,60.0,200.0,2018年第４四半期,未改装,,7.176091259055681
22011430,中古マンション等,,22131,静岡県,浜松市中区,山下町,浜松,19,４ＬＤＫ,85,,,,昭和61年,ＳＲＣ,住宅,住宅,,,,商業地域,80.0,500.0,2017年第２四半期,未改装,,6.973127853599698
22122960,中古マンション等,,22131,静岡県,浜松市中区,龍禅寺町,浜松,13,２ＬＤＫ,50,,,,平成2年,ＳＲＣ,住宅,,,,,近隣商業地域,80.0,300.0,2008年第３四半期,未改装,,6.963787827345556
22073707,中古マンション等,,22203,静岡県,沼津市,岡一色,大岡(静岡),19,３ＬＤＫ,70,,,,平成11年,ＲＣ,住宅,住宅,,,,第２種中高層住居専用地域,60.0,150.0,2015年第３四半期,未改装,,7.204119982655925
22058614,中古マンション等,,22102,静岡県,静岡市駿河区,丸子新田,安倍川,21,４ＬＤＫ,80,,,,平成16年,ＲＣ,住宅,住宅,,,,準工業地域,60.0,200.0,2015年第３四半期,,,7.230448921378274
22122253,中古マンション等,,22131,静岡県,浜松市中区,北寺島町,浜松,13,１Ｋ,20,,,,平成2年,ＳＲＣ,住宅,,,,,商業地域,80.0,500.0,2008年第３四半期,改装済,,6.6127838567197355
22021142,中古マンション等,,22203,静岡県,沼津市,白銀町,沼津,9,３ＬＤＫ,75,,,,平成18年,ＳＲＣ,住宅,,,,,商業地域,80.0,400.0,2016年第４四半期,未改装,,7.380211241711606
22003136,中古マンション等,,22101,静岡県,静岡市葵区,竜南,静岡,30分?60分,３ＬＤＫ,70,,,,平成19年,ＲＣ,,住宅,,,,第２種中高層住居専用地域,60.0,200.0,2020年第３四半期,改装済,,7.278753600952829
22078342,中古マンション等,,22131,静岡県,浜松市中区,板屋町,浜松,6,２ＬＤＫ,80,,,,,ＲＣ,住宅,,,,,商業地域,80.0,600.0,2013年第３四半期,未改装,,7.690196080028514
22076874,中古マンション等,,22206,静岡県,三島市,中央町,三島広小路,9,３ＬＤＫ,75,,,,平成15年,ＲＣ,住宅,住宅,,,,商業地域,80.0,400.0,2015年第３四半期,改装済,,7.4623979978989565
22122763,中古マンション等,,22131,静岡県,浜松市中区,布橋,浜松,30分?60分,３ＬＤＫ,80,,,,昭和59年,ＲＣ,住宅,,,,,第２種中高層住居専用地域,60.0,200.0,2008年第１四半期,未改装,,6.892094602690481
22017438,中古マンション等,,22135,静岡県,浜松市北区,三ヶ日町大崎,都筑,29,１ＬＤＫ,40,,,,昭和61年,ＲＣ,住宅,住宅,,,,市街化調整区域,60.0,200.0,2020年第１四半期,改装済,,6.763427993562937
22075317,中古マンション等,,22203,静岡県,沼津市,本,沼津,8,１Ｒ,20,,,,昭和60年,ＲＣ,住宅,住宅,,,,商業地域,80.0,400.0,2015年第１四半期,未改装,,6.2552725051033065
22078544,中古マンション等,,22211,静岡県,磐田市,一言,磐田,30分?60分,３ＬＤＫ,55,,,,平成5年,ＳＲＣ,住宅,,,,,市街化調整区域,60.0,200.0,2014年第４四半期,未改装,,6.799340549453582
22096334,中古マンション等,,22133,静岡県,浜松市西区,舞阪町弁天島,弁天島,3,３ＬＤＫ,50,,,,昭和51年,ＳＲＣ,住宅,,,,,商業地域,80.0,400.0,2009年第３四半期,未改装,,6.623249290397901
22066503,中古マンション等,,22203,静岡県,沼津市,下香貫,沼津,30分?60分,３ＬＤＫ,65,,,,平成2年,ＲＣ,住宅,,,,,第１種住居地域,60.0,200.0,2010年第２四半期,未改装,,6.963787827345556
22103290,中古マンション等,,22203,静岡県,沼津市,岡一色,大岡(静岡),30分?60分,２ＬＤＫ,70,,,,平成16年,ＲＣ,住宅,,,,,第１種住居地域,60.0,200.0,2009年第３四半期,未改装,,7.2552725051033065
22023553,中古マンション等,,22206,静岡県,三島市,萩,三島,30分?60分,２ＬＤＫ,65,,,,平成6年,ＲＣ,住宅,住宅,,,,第１種中高層住居専用地域,60.0,200.0,2016年第３四半期,改装済,,7.380211241711606
22036276,中古マンション等,,22212,静岡県,焼津市,本町,焼津,15,４ＬＤＫ,90,,,,平成2年,ＳＲＣ,住宅,その他,,,,近隣商業地域,80.0,200.0,2016年第４四半期,未改装,調停・競売等,6.7558748556724915
22023744,中古マンション等,,22206,静岡県,三島市,文教町,三島,16,４ＬＤＫ,75,,,,平成27年,,,住宅,,,,第１種中高層住居専用地域,60.0,200.0,2018年第２四半期,未改装,,7.6020599913279625
22004793,中古マンション等,,22102,静岡県,静岡市駿河区,西中原,静岡,20,２ＬＤＫ,55,,,,昭和48年,,,住宅,,,,近隣商業地域,80.0,200.0,2020年第３四半期,改装済,,6.6020599913279625
22015529,中古マンション等,,22134,静岡県,浜松市南区,西伝寺町,浜松,30分?60分,１ＬＤＫ＋Ｓ,75,,,,昭和64年,,住宅,住宅,,,,第１種住居地域,60.0,200.0,2018年第１四半期,改装済,,7.230448921378274
22081445,中古マンション等,,22131,静岡県,浜松市中区,東伊場,浜松,30分?60分,２ＬＤＫ,70,,,,昭和62年,ＳＲＣ,住宅,,,,,近隣商業地域,80.0,300.0,2013年第４四半期,改装済,,6.929418925714293
22126408,中古マンション等,,22206,静岡県,三島市,川原ケ谷,三島,30分?60分,３ＬＤＫ,100,,,,平成2年,ＲＣ,住宅,,,,,第２種住居地域,60.0,200.0,2008年第４四半期,,,7.146128035678238
22010733,中古マンション等,,22131,静岡県,浜松市中区,西浅田,浜松,21,３ＬＤＫ,60,,,,平成3年,ＳＲＣ,住宅,住宅,,,,,,,2019年第２四半期,未改装,,6.6020599913279625
22017700,中古マンション等,,22135,静岡県,浜松市北区,三ヶ日町都筑,都筑,24,１ＬＤＫ,40,,,,,ＲＣ,住宅,住宅,,,,市街化調整区域,60.0,200.0,2017年第２四半期,改装済,,6.3979400086720375
22021159,中古マンション等,,22203,静岡県,沼津市,新沢田町,沼津,30分?60分,３ＬＤＫ,65,,,,平成19年,ＲＣ,住宅,住宅,,,,第１種住居地域,60.0,200.0,2017年第２四半期,未改装,,7.079181246047625
22002131,中古マンション等,,22101,静岡県,静岡市葵区,伝馬町,静岡,6,３ＬＤＫ,80,,,,昭和59年,,住宅,住宅,,,,商業地域,80.0,600.0,2019年第２四半期,未改装,,7.301029995663981
22005472,中古マンション等,,22102,静岡県,静岡市駿河区,南町,静岡,4,２ＬＤＫ,70,,,,平成21年,ＲＣ,住宅,住宅,,,,商業地域,80.0,400.0,2017年第３四半期,,,7.518513939877887
22059565,中古マンション等,,22131,静岡県,浜松市中区,高丘北,浜松,1H30?2H,３ＬＤＫ,80,,,,平成3年,ＲＣ,住宅,,,,,第１種住居地域,60.0,200.0,2011年第３四半期,改装済,,6.977723605288848
22052961,中古マンション等,,22101,静岡県,静岡市葵区,北安東,静岡,30分?60分,３ＬＤＫ,75,,,,平成21年,ＲＣ,住宅,,,,,第２種中高層住居専用地域,60.0,200.0,2011年第２四半期,未改装,,7.505149978319906
22011160,中古マンション等,,22131,静岡県,浜松市中区,曳馬,浜松,30分?60分,３ＬＤＫ,65,,,,平成4年,ＲＣ,住宅,住宅,,,,第１種中高層住居専用地域,60.0,200.0,2018年第３四半期,未改装,,6.724275869600789
22084307,中古マンション等,,22102,静岡県,静岡市駿河区,曲金,東静岡,13,３ＬＤＫ,70,,,,平成7年,ＲＣ,住宅,,,,,近隣商業地域,80.0,300.0,2009年第２四半期,未改装,,7.176091259055681
22071797,中古マンション等,,22131,静岡県,浜松市中区,高丘東,浜松,1H30?2H,３ＬＤＫ,70,,,,平成5年,ＳＲＣ,住宅,,,,,工業地域,60.0,200.0,2012年第３四半期,改装済,,6.929418925714293
22062646,中古マンション等,,22101,静岡県,静岡市葵区,瀬名,草薙(ＪＲ),30分?60分,３ＤＫ,45,,,,昭和48年,ＲＣ,住宅,,,,,第１種中高層住居専用地域,60.0,150.0,2012年第１四半期,未改装,,6.204119982655925
22006669,中古マンション等,,22103,静岡県,静岡市清水区,草薙,草薙(ＪＲ),15,３ＬＤＫ,65,,,,平成12年,ＲＣ,住宅,住宅,,,,第１種低層住居専用地域,40.0,80.0,2016年第３四半期,改装済,,7.176091259055681
22031966,中古マンション等,,22210,静岡県,富士市,元町,富士,8,３ＬＤＫ,60,,,,昭和61年,ＳＲＣ,,住宅,,,,近隣商業地域,80.0,200.0,2017年第３四半期,改装済,,6.7923916894982534
22111076,中古マンション等,,22214,静岡県,藤枝市,駅前,藤枝,4,３ＬＤＫ,80,,,,,ＲＣ,住宅,,,,,,,,2013年第４四半期,改装済,,7.361727836017593
22054145,中古マンション等,,22131,静岡県,浜松市中区,海老塚,浜松,11,,15,,,,,ＳＲＣ,住宅,住宅,,,,商業地域,80.0,500.0,2014年第２四半期,未改装,,6.6127838567197355
22034013,中古マンション等,,22211,静岡県,磐田市,一言,磐田,30分?60分,３ＬＤＫ,55,,,,平成5年,ＳＲＣ,,住宅,,,,市街化調整区域,60.0,200.0,2020年第１四半期,未改装,,6.0
22094701,中古マンション等,,22203,静岡県,沼津市,白銀町,沼津,7,３ＬＤＫ,80,,,,,ＳＲＣ,住宅,,,,,商業地域,80.0,400.0,2013年第２四半期,未改装,,7.380211241711606
22118383,中古マンション等,,22101,静岡県,静岡市葵区,新伝馬,静岡,30分?60分,３ＬＤＫ,70,,,,昭和62年,ＲＣ,住宅,,,,,準工業地域,60.0,200.0,2007年第２四半期,未改装,,6.982271233039568
22077142,中古マンション等,,22206,静岡県,三島市,萩,三島,30分?60分,３ＬＤＫ,65,,,,平成6年,ＲＣ,住宅,住宅,,,,第１種中高層住居専用地域,60.0,200.0,2015年第４四半期,改装済,,6.954242509439325
22001253,中古マンション等,,22101,静岡県,静岡市葵区,三番町,静岡,24,２ＬＤＫ,60,,,,平成31年,ＲＣ,住宅,住宅,,,,近隣商業地域,80.0,200.0,2020年第１四半期,未改装,,7.518513939877887
22094691,中古マンション等,,22203,静岡県,沼津市,庄栄町,沼津,10,２ＬＤＫ,60,,,,,ＳＲＣ,住宅,,,,,準住居地域,60.0,200.0,2013年第３四半期,未改装,,6.977723605288848
22125554,中古マンション等,,22203,静岡県,沼津市,上香貫,沼津,30分?60分,３ＬＤＫ,65,,,,平成15年,ＲＣ,住宅,,,,,準工業地域,60.0,200.0,2007年第２四半期,未改装,,7.079181246047625
22082866,中古マンション等,,22212,静岡県,焼津市,小柳津,西焼津,14,３ＬＤＫ,75,,,,平成13年,ＲＣ,住宅,,,,,工業地域,60.0,200.0,2010年第３四半期,未改装,,7.278753600952829
22124647,中古マンション等,,22135,静岡県,浜松市北区,三ヶ日町大崎,東都筑,30分?60分,１ＬＤＫ,50,,,,昭和63年,ＳＲＣ,住宅,,,,,市街化調整区域,60.0,200.0,2007年第４四半期,未改装,,6.477121254719663
22038372,中古マンション等,,22214,静岡県,藤枝市,駅前,藤枝,4,３ＬＤＫ,85,,,,平成24年,,,住宅,,,,商業地域,80.0,400.0,2019年第４四半期,未改装,,7.531478917042255
22067818,中古マンション等,,22101,静岡県,静岡市葵区,相生町,静岡,16,３ＬＤＫ,85,,,,平成19年,ＲＣ,住宅,,,,,第２種住居地域,60.0,200.0,2013年第１四半期,未改装,,7.491361693834273
22010587,中古マンション等,,22131,静岡県,浜松市中区,中沢町,浜松,28,２Ｋ,25,,,,平成3年,,,住宅,,,,商業地域,80.0,400.0,2018年第１四半期,未改装,,6.431363764158987
22058351,中古マンション等,,22131,静岡県,浜松市中区,葵西,上島,1H?1H30,４ＬＤＫ,80,,,,平成9年,ＲＣ,住宅,,,,,第１種住居地域,60.0,200.0,2011年第２四半期,未改装,,6.977723605288848
22023758,中古マンション等,,22206,静岡県,三島市,文教町,三島,20,３ＬＤＫ,75,,,,,ＲＣ,住宅,住宅,,,,第１種中高層住居専用地域,60.0,200.0,2016年第３四半期,未改装,,7.477121254719663
22122149,中古マンション等,,22131,静岡県,浜松市中区,上島,上島,7,４ＬＤＫ,80,,,,昭和64年,ＲＣ,住宅,,,,,第１種住居地域,60.0,200.0,2008年第２四半期,未改装,,7.113943352306837
22054871,中古マンション等,,22103,静岡県,静岡市清水区,楠新田,草薙(ＪＲ),7,３ＬＤＫ,70,,,,平成8年,ＳＲＣ,住宅,,,,,準工業地域,60.0,200.0,2010年第２四半期,未改装,,7.176091259055681
22000422,中古マンション等,,22101,静岡県,静岡市葵区,大岩町,静岡,30分?60分,３ＬＤＫ,60,,,,昭和52年,ＲＣ,住宅,住宅,,,,第１種中高層住居専用地域,60.0,200.0,2018年第２四半期,未改装,調停・競売等,6.653212513775344
22119758,中古マンション等,,22102,静岡県,静岡市駿河区,石部,用宗,,１ＬＤＫ,40,,,,平成6年,ＲＣ,住宅,,,,,第１種住居地域,60.0,200.0,2006年第４四半期,未改装,,6.903089986991944
22066602,中古マンション等,,22206,静岡県,三島市,広小路町,三島,13,１ＬＤＫ,50,,,,平成20年,ＲＣ,住宅,,,,,商業地域,80.0,400.0,2014年第１四半期,未改装,,7.146128035678238
22008551,中古マンション等,,22131,静岡県,浜松市中区,板屋町,浜松,6,３ＬＤＫ,75,,,,平成18年,ＲＣ,住宅,住宅,,,,商業地域,80.0,600.0,2019年第１四半期,改装済,,7.57978359661681
22017550,中古マンション等,,22135,静岡県,浜松市北区,三ヶ日町下尾奈,尾奈,18,１Ｒ,25,,,,昭和55年,ＲＣ,その他,その他,,,,市街化調整区域,60.0,200.0,2017年第１四半期,未改装,,5.0
22021557,中古マンション等,,22203,静岡県,沼津市,西島町,沼津,24,３ＬＤＫ,85,,,,昭和62年,ＳＲＣ,,住宅,,,,準工業地域,60.0,200.0,2018年第３四半期,未改装,,6.740362689494244
22076634,中古マンション等,,22206,静岡県,三島市,寿町,三島,6,２ＬＤＫ,65,,,,平成2年,ＲＣ,その他,住宅,,,,近隣商業地域,80.0,200.0,2015年第４四半期,改装済,,7.079181246047625
22085784,中古マンション等,,22214,静岡県,藤枝市,田沼,藤枝,8,３ＬＤＫ,75,,,,平成20年,ＲＣ,住宅,住宅,,,,,,,2014年第２四半期,未改装,,7.3222192947339195
22060528,中古マンション等,,22103,静岡県,静岡市清水区,本郷町,清水(静岡),16,２ＬＤＫ,75,,,,平成19年,ＲＣ,住宅,住宅,,,,商業地域,80.0,400.0,2015年第１四半期,未改装,,7.342422680822207
22021236,中古マンション等,,22203,静岡県,沼津市,浅間町,沼津,14,４ＬＤＫ,85,,,,平成23年,ＲＣ,住宅,住宅,,,,商業地域,80.0,400.0,2019年第１四半期,未改装,,7.431363764158987
22053315,中古マンション等,,22103,静岡県,静岡市清水区,辻,清水(静岡),2,２ＬＤＫ,70,,,,平成23年,ＲＣ,住宅,住宅,,,,商業地域,80.0,500.0,2014年第２四半期,改装済,,7.3979400086720375
22055887,中古マンション等,,22131,静岡県,浜松市中区,東伊場,浜松,24,４ＬＤＫ,90,,,,昭和62年,ＳＲＣ,住宅,,,,,第２種住居地域,60.0,200.0,2014年第１四半期,未改装,,7.079181246047625
22020255,中古マンション等,,22203,静岡県,沼津市,大岡,沼津,18,４ＬＤＫ,90,,,,平成16年,ＳＲＣ,住宅,住宅,,,,準工業地域,60.0,200.0,2019年第４四半期,未改装,,7.3222192947339195
22017443,中古マンション等,,22135,静岡県,浜松市北区,三ヶ日町大崎,都筑,30分?60分,１ＬＤＫ,55,,,,平成2年,ＳＲＣ,住宅,住宅,,,,市街化調整区域,60.0,200.0,2019年第３四半期,未改装,,6.740362689494244
22020544,中古マンション等,,22203,静岡県,沼津市,大手町,沼津,4,オープンフロア,145,,,,平成18年,ＳＲＣ,店舗,事務所,,,,商業地域,80.0,500.0,2018年第４四半期,未改装,,7.361727836017593
22107193,中古マンション等,,22210,静岡県,富士市,吉原,吉原本町,2,３ＬＤＫ,75,,,,平成17年,ＳＲＣ,住宅,,,,,商業地域,80.0,400.0,2013年第２四半期,未改装,,7.3222192947339195
22122260,中古マンション等,,22131,静岡県,浜松市中区,北寺島町,浜松,8,１Ｋ,15,,,,昭和59年,ＲＣ,住宅,,,,,商業地域,80.0,500.0,2008年第２四半期,改装済,,6.2552725051033065
22016086,中古マンション等,,22134,静岡県,浜松市南区,本郷町,浜松,30分?60分,３ＬＤＫ,65,,,,平成10年,ＲＣ,住宅,住宅,,,,第２種中高層住居専用地域,60.0,200.0,2016年第３四半期,改装済,,7.079181246047625
22060739,中古マンション等,,22131,静岡県,浜松市中区,龍禅寺町,浜松,13,２ＤＫ,55,,,,平成2年,ＳＲＣ,住宅,,,,,近隣商業地域,80.0,300.0,2011年第２四半期,改装済,,6.863322860120456
22003007,中古マンション等,,22101,静岡県,静岡市葵区,柚木,柚木(静岡鉄道),3,２ＬＤＫ,75,,,,平成25年,,住宅,住宅,,,,,,,2018年第２四半期,未改装,,7.505149978319906
22007683,中古マンション等,,22103,静岡県,静岡市清水区,真砂町,清水(静岡),5,３ＬＤＫ,80,,,,平成23年,ＲＣ,,住宅,,,,商業地域,80.0,400.0,2018年第４四半期,未改装,,7.4623979978989565
22122690,中古マンション等,,22131,静岡県,浜松市中区,中沢町,浜松,29,１Ｋ,15,,,,昭和60年,ＲＣ,住宅,,,,,近隣商業地域,80.0,300.0,2008年第２四半期,未改装,,6.2552725051033065
22058152,中古マンション等,,22131,静岡県,浜松市中区,野口町,浜松,25,３ＤＫ,50,,,,昭和55年,ＲＣ,住宅,,,,,近隣商業地域,80.0,200.0,2010年第１四半期,改装済,,6.812913356642856
22065846,中古マンション等,,22203,静岡県,沼津市,大岡,沼津,20,３ＬＤＫ,80,,,,平成15年,ＲＣ,住宅,,,,,準住居地域,60.0,200.0,2010年第４四半期,改装済,,7.414973347970818
22010181,中古マンション等,,22131,静岡県,浜松市中区,中央,浜松,9,３ＬＤＫ,75,,,,平成25年,,,住宅,,,,商業地域,80.0,400.0,2019年第２四半期,未改装,,7.763427993562937
22057353,中古マンション等,,22132,静岡県,浜松市東区,天龍川町,浜松,30分?60分,３ＬＤＫ,65,,,,,ＳＲＣ,住宅,住宅,,,,近隣商業地域,80.0,300.0,2014年第４四半期,未改装,,7.041392685158225
22067315,中古マンション等,,22103,静岡県,静岡市清水区,神田町,清水(静岡),30分?60分,３ＬＤＫ,85,,,,平成2年,ＲＣ,住宅,,,,,第２種中高層住居専用地域,60.0,200.0,2012年第４四半期,未改装,,7.176091259055681
22069850,中古マンション等,,22203,静岡県,沼津市,新宿町,沼津,6,２ＬＤＫ,65,,,,平成10年,ＳＲＣ,住宅,,,,,商業地域,80.0,400.0,2011年第４四半期,改装済,,7.146128035678238
22122521,中古マンション等,,22131,静岡県,浜松市中区,高丘北,浜松,1H30?2H,３ＬＤＫ,65,,,,平成20年,ＲＣ,住宅,,,,,第１種住居地域,60.0,200.0,2008年第１四半期,未改装,,7.301029995663981
22002137,中古マンション等,,22101,静岡県,静岡市葵区,伝馬町,静岡,11,２ＬＤＫ,70,,,,平成24年,ＲＣ,住宅,住宅,,,,商業地域,80.0,500.0,2017年第３四半期,未改装,,7.447158031342219
22011776,中古マンション等,,22131,静岡県,浜松市中区,和地山,浜松,30分?60分,３ＤＫ,55,,,,昭和49年,,住宅,住宅,,,,第２種中高層住居専用地域,60.0,200.0,2018年第２四半期,未改装,,6.778151250383644
22070152,中古マンション等,,22131,静岡県,浜松市中区,上島,浜松,30分?60分,２ＬＤＫ,75,,,,平成14年,ＳＲＣ,住宅,,,,,第１種住居地域,60.0,200.0,2012年第３四半期,改装済,,7.301029995663981
22002118,中古マンション等,,22101,静岡県,静岡市葵区,天王町,静岡,14,１Ｋ,20,,,,昭和59年,ＲＣ,住宅,住宅,,,,商業地域,80.0,400.0,2019年第２四半期,未改装,,6.491361693834273
22030436,中古マンション等,,22210,静岡県,富士市,蓼原,富士,18,３ＬＤＫ,65,,,,平成19年,ＲＣ,住宅,住宅,,,,工業地域,60.0,200.0,2019年第２四半期,未改装,調停・競売等,7.079181246047625
22050916,中古マンション等,,22101,静岡県,静岡市葵区,三番町,静岡,28,３ＤＫ,55,,,,平成3年,ＲＣ,住宅,,,,,近隣商業地域,80.0,200.0,2014年第１四半期,未改装,,7.079181246047625
22129550,中古マンション等,,22211,静岡県,磐田市,中泉,磐田,3,３ＬＤＫ,75,,,,平成19年,ＲＣ,住宅,,,,,商業地域,80.0,400.0,2008年第３四半期,,,7.431363764158987
22089207,中古マンション等,,22131,静岡県,浜松市中区,海老塚,浜松,13,３ＬＤＫ,65,,,,昭和49年,ＲＣ,住宅,,,,,第１種住居地域,60.0,200.0,2009年第３四半期,未改装,,6.5910646070264995
22064430,中古マンション等,,22131,静岡県,浜松市中区,和地山,浜松,30分?60分,１Ｋ,25,,,,昭和49年,ＳＲＣ,住宅,住宅,,,,第２種中高層住居専用地域,60.0,200.0,2015年第１四半期,未改装,,6.146128035678238
22058553,中古マンション等,,22131,静岡県,浜松市中区,板屋町,浜松,7,３ＬＤＫ,105,,,,平成18年,ＲＣ,住宅,,,,,商業地域,80.0,600.0,2011年第２四半期,改装済,,7.778151250383644
22051361,中古マンション等,,22101,静岡県,静岡市葵区,両替町,静岡,11,３ＬＤＫ,70,,,,昭和61年,ＳＲＣ,住宅,住宅,,,,商業地域,80.0,600.0,2014年第４四半期,改装済,,7.204119982655925
22058731,中古マンション等,,22131,静岡県,浜松市中区,上島,浜松,1H?1H30,４ＬＤＫ,75,,,,平成10年,ＲＣ,住宅,,,,,第１種住居地域,60.0,200.0,2011年第２四半期,未改装,,7.204119982655925
22073655,中古マンション等,,22203,静岡県,沼津市,大手町,沼津,8,２ＬＤＫ,75,,,,,ＳＲＣ,住宅,住宅,,,,商業地域,80.0,500.0,2015年第２四半期,改装済,,7.230448921378274
22020341,中古マンション等,,22203,静岡県,沼津市,大岡,沼津,20,３ＬＤＫ,65,,,,昭和64年,ＲＣ,住宅,住宅,,,,準工業地域,60.0,200.0,2018年第１四半期,改装済,,7.079181246047625
22057718,中古マンション等,,22132,静岡県,浜松市東区,宮竹町,浜松,30分?60分,３ＬＤＫ,80,,,,平成20年,ＲＣ,住宅,住宅,,,,第１種住居地域,60.0,200.0,2014年第２四半期,未改装,,7.414973347970818
22070067,中古マンション等,,22135,静岡県,浜松市北区,三ヶ日町都筑,都筑,30分?60分,１ＤＫ,60,,,,平成2年,ＳＲＣ,住宅,住宅,,,,市街化調整区域,60.0,200.0,2015年第３四半期,未改装,,6.662757831681574
22066727,中古マンション等,,22203,静岡県,沼津市,常盤町,沼津,22,３ＬＤＫ,55,,,,平成2年,ＲＣ,住宅,,,,,第２種中高層住居専用地域,60.0,200.0,2010年第４四半期,改装済,,6.9344984512435675
22069716,中古マンション等,,22203,静岡県,沼津市,下香貫,沼津,30分?60分,４ＬＤＫ,80,,,,,ＲＣ,住宅,,,,,第１種住居地域,60.0,200.0,2011年第４四半期,改装済,,7.113943352306837
22011402,中古マンション等,,22131,静岡県,浜松市中区,元浜町,浜松,19,１Ｋ,15,,,,平成3年,ＲＣ,住宅,その他,,,,商業地域,80.0,400.0,2017年第１四半期,未改装,,6.230448921378274
22052701,中古マンション等,,22101,静岡県,静岡市葵区,春日,静岡,20,３ＬＤＫ,65,,,,昭和48年,ＳＲＣ,住宅,,,,,第２種住居地域,,,2011年第４四半期,未改装,,6.698970004336019
22112738,中古マンション等,,22211,静岡県,磐田市,一言,磐田,30分?60分,３ＬＤＫ,55,,,,平成5年,ＳＲＣ,住宅,,,,,市街化調整区域,60.0,200.0,2009年第１四半期,未改装,,6.857332496431268
22017688,中古マンション等,,22135,静岡県,浜松市北区,三ヶ日町都筑,都筑,30分?60分,２ＬＤＫ,60,,,,昭和59年,ＲＣ,,その他,,,,市街化調整区域,60.0,200.0,2018年第１四半期,未改装,,6.724275869600789
22072378,中古マンション等,,22131,静岡県,浜松市中区,中沢町,浜松,30分?60分,１Ｋ,20,,,,昭和60年,ＲＣ,住宅,,,,,近隣商業地域,80.0,300.0,2012年第２四半期,未改装,,6.113943352306837
22038373,中古マンション等,,22214,静岡県,藤枝市,駅前,藤枝,5,４ＬＤＫ,90,,,,平成25年,,,住宅,,,,商業地域,80.0,400.0,2019年第３四半期,未改装,,7.447158031342219
22055119,中古マンション等,,22102,静岡県,静岡市駿河区,豊田,静岡,29,３ＬＤＫ,70,,,,平成9年,ＲＣ,住宅,,,,,工業地域,60.0,200.0,2011年第２四半期,改装済,,7.278753600952829
22061276,中古マンション等,,22131,静岡県,浜松市中区,板屋町,浜松,8,２ＬＤＫ,55,,,,平成16年,ＳＲＣ,住宅,住宅,,,,商業地域,80.0,400.0,2015年第２四半期,,,7.342422680822207
22057243,中古マンション等,,22131,静岡県,浜松市中区,助信町,浜松,28,４ＬＤＫ,90,,,,平成14年,ＲＣ,住宅,,,,,第１種住居地域,60.0,200.0,2010年第２四半期,未改装,,7.342422680822207
22031753,中古マンション等,,22210,静岡県,富士市,水戸島元町,富士,6,３ＤＫ,55,,,,昭和57年,ＳＲＣ,住宅,住宅,,,,商業地域,80.0,400.0,2016年第１四半期,未改装,,6.698970004336019
22052674,中古マンション等,,22101,静岡県,静岡市葵区,両替町,静岡,12,３ＬＤＫ,80,,,,平成10年,ＳＲＣ,住宅,,,,,商業地域,80.0,600.0,2010年第４四半期,未改装,,7.414973347970818
22054146,中古マンション等,,22131,静岡県,浜松市中区,海老塚,浜松,10,３ＬＤＫ,60,,,,平成7年,ＳＲＣ,住宅,住宅,,,,商業地域,80.0,500.0,2014年第２四半期,改装済,,7.0
22003160,中古マンション等,,22101,静岡県,静岡市葵区,竜南,静岡,30分?60分,３ＬＤＫ,70,,,,平成18年,ＲＣ,住宅,住宅,,,,第２種中高層住居専用地域,60.0,200.0,2017年第３四半期,未改装,,7.3222192947339195
22062849,中古マンション等,,22131,静岡県,浜松市中区,中央,浜松,12,２ＤＫ,50,,,,平成12年,ＲＣ,住宅,住宅,,,,近隣商業地域,80.0,300.0,2015年第４四半期,未改装,,7.113943352306837
22055460,中古マンション等,,22131,静岡県,浜松市中区,中沢町,浜松,30分?60分,１Ｋ,15,,,,昭和60年,ＲＣ,住宅,住宅,,,,近隣商業地域,80.0,300.0,2014年第３四半期,,,6.204119982655925
22023679,中古マンション等,,22206,静岡県,三島市,広小路町,三島広小路,1,３ＬＤＫ,85,,,,平成20年,ＲＣ,住宅,住宅,,,,商業地域,80.0,400.0,2016年第１四半期,未改装,,7.6127838567197355
22051112,中古マンション等,,22101,静岡県,静岡市葵区,常磐町,静岡,14,３ＬＤＫ,65,,,,平成12年,ＲＣ,住宅,住宅,,,,商業地域,80.0,400.0,2014年第２四半期,未改装,,7.342422680822207
22059830,中古マンション等,,22131,静岡県,浜松市中区,寺島町,浜松,11,１Ｋ,20,,,,昭和64年,ＲＣ,住宅,,,,,近隣商業地域,80.0,300.0,2011年第１四半期,未改装,,6.342422680822207
22096341,中古マンション等,,22133,静岡県,浜松市西区,舞阪町弁天島,弁天島,6,１ＤＫ,35,,,,平成3年,ＲＣ,住宅,,,,,第１種住居地域,60.0,200.0,2009年第３四半期,未改装,,6.477121254719663
22011205,中古マンション等,,22131,静岡県,浜松市中区,曳馬町,浜松,30分?60分,４ＬＤＫ,95,,,,平成17年,,,住宅,,,,第１種住居地域,60.0,200.0,2017年第４四半期,未改装,,7.447158031342219
22023886,中古マンション等,,22206,静岡県,三島市,南町,三島田町,13,３ＬＤＫ,70,,,,平成13年,,,住宅,,,,第２種住居地域,60.0,200.0,2018年第１四半期,未改装,,7.3222192947339195
22093407,中古マンション等,,22132,静岡県,浜松市東区,植松町,浜松,30分?60分,３ＬＤＫ＋Ｓ,90,,,,平成11年,ＲＣ,住宅,,,,,第１種住居地域,60.0,200.0,2009年第４四半期,未改装,,7.146128035678238
22004727,中古マンション等,,22102,静岡県,静岡市駿河区,中吉田,東静岡,30分?60分,３ＬＤＫ,75,,,,平成29年,ＲＣ,,,,,,工業地域,60.0,200.0,2017年第４四半期,未改装,,7.57978359661681
22125547,中古マンション等,,22203,静岡県,沼津市,上香貫,沼津,30分?60分,４ＬＤＫ,75,,,,平成7年,ＲＣ,住宅,,,,,準工業地域,60.0,200.0,2008年第４四半期,未改装,,7.146128035678238
22065935,中古マンション等,,22135,静岡県,浜松市北区,三ヶ日町都筑,東都筑,25,１Ｋ,25,,,,昭和49年,ＳＲＣ,住宅,,,,,市街化調整区域,60.0,200.0,2011年第２四半期,未改装,,5.778151250383644
22080254,中古マンション等,,22131,静岡県,浜松市中区,高丘東,浜松,1H?1H30,３ＬＤＫ,60,,,,平成4年,ＲＣ,住宅,,,,,工業地域,60.0,200.0,2013年第３四半期,未改装,,7.0
22051500,中古マンション等,,22101,静岡県,静岡市葵区,唐瀬,静岡,1H?1H30,３ＬＤＫ,70,,,,平成12年,ＲＣ,住宅,,,,,第１種住居地域,60.0,200.0,2010年第１四半期,未改装,,7.204119982655925
22003448,中古マンション等,,22102,静岡県,静岡市駿河区,稲川,静岡,7,,60,,,,,ＲＣ,住宅,,,,,商業地域,80.0,500.0,2016年第４四半期,,,7.3979400086720375
22051283,中古マンション等,,22101,静岡県,静岡市葵区,東町,静岡,13,３ＬＤＫ,90,,,,平成22年,ＳＲＣ,住宅,,,,,近隣商業地域,80.0,300.0,2010年第４四半期,未改装,,7.6020599913279625
22054432,中古マンション等,,22103,静岡県,静岡市清水区,興津本町,興津,1,３ＬＤＫ,60,,,,平成7年,ＲＣ,住宅,,,,,近隣商業地域,80.0,200.0,2010年第１四半期,未改装,,7.204119982655925
22000323,中古マンション等,,22101,静岡県,静岡市葵区,追手町,静岡,14,３ＬＤＫ,55,,,,昭和54年,ＳＲＣ,,住宅,,,,商業地域,80.0,600.0,2019年第４四半期,未改装,,6.8750612633917
22065487,中古マンション等,,22132,静岡県,浜松市東区,天王町,浜松,1H?1H30,４ＬＤＫ,85,,,,平成4年,ＲＣ,住宅,住宅,,,,第１種住居地域,60.0,200.0,2015年第３四半期,未改装,,7.041392685158225
22020897,中古マンション等,,22203,静岡県,沼津市,西条町,沼津,8,３ＬＤＫ,65,,,,昭和64年,,住宅,住宅,,,,商業地域,80.0,400.0,2020年第３四半期,改装済,,6.99563519459755
22058524,中古マンション等,,22131,静岡県,浜松市中区,泉,浜松,30分?60分,３ＤＫ,50,,,,昭和59年,ＲＣ,住宅,,,,,第１種中高層住居専用地域,60.0,200.0,2011年第３四半期,未改装,,6.7558748556724915
22021198,中古マンション等,,22203,静岡県,沼津市,末広町,沼津,13,３ＬＤＫ,70,,,,平成12年,ＳＲＣ,住宅,,,,,商業地域,80.0,300.0,2019年第３四半期,未改装,,7.146128035678238
22081113,中古マンション等,,22131,静岡県,浜松市中区,西伊場町,浜松,30分?60分,３ＬＤＫ,65,,,,平成8年,ＲＣ,住宅,,,,,工業地域,60.0,200.0,2013年第２四半期,未改装,,7.041392685158225
22062940,中古マンション等,,22131,静岡県,浜松市中区,寺島町,浜松,11,１Ｋ,20,,,,平成3年,ＳＲＣ,住宅,住宅,,,,近隣商業地域,80.0,300.0,2015年第１四半期,未改装,,6.342422680822207
22071798,中古マンション等,,22102,静岡県,静岡市駿河区,池田,東静岡,25,２ＬＤＫ,55,,,,,ＲＣ,住宅,,,,,第１種中高層住居専用地域,60.0,150.0,2013年第２四半期,改装済,,7.079181246047625
22065902,中古マンション等,,22135,静岡県,浜松市北区,三ヶ日町都筑,都筑,21,２ＬＤＫ,60,,,,昭和62年,ＲＣ,住宅,,,,,市街化調整区域,60.0,200.0,2011年第２四半期,未改装,,6.740362689494244
22070530,中古マンション等,,22131,静岡県,浜松市中区,木戸町,浜松,19,３ＬＤＫ,60,,,,,ＲＣ,住宅,,,,,近隣商業地域,80.0,200.0,2012年第２四半期,改装済,,7.079181246047625
22002164,中古マンション等,,22101,静岡県,静岡市葵区,常磐町,静岡,10,３ＬＤＫ,75,,,,平成10年,ＲＣ,住宅,住宅,,,,商業地域,80.0,500.0,2018年第３四半期,改装済,,7.414973347970818
22070226,中古マンション等,,22101,静岡県,静岡市葵区,伝馬町,静岡,9,２ＤＫ,90,,,,平成24年,ＲＣ,住宅,,,,,商業地域,80.0,500.0,2013年第４四半期,,,7.724275869600789
22009469,中古マンション等,,22131,静岡県,浜松市中区,蜆塚,浜松,30分?60分,３ＬＤＫ,80,,,,平成8年,ＲＣ,住宅,住宅,,,,第１種中高層住居専用地域,60.0,200.0,2016年第２四半期,未改装,,7.079181246047625
22088104,中古マンション等,,22103,静岡県,静岡市清水区,港町,清水(静岡),25,３ＬＤＫ,90,,,,平成18年,ＲＣ,住宅,,,,,,,,2009年第２四半期,未改装,,7.3979400086720375
22064196,中古マンション等,,22203,静岡県,沼津市,志下,沼津,1H?1H30,３ＬＤＫ,65,,,,,ＲＣ,住宅,住宅,,,,第１種住居地域,60.0,200.0,2014年第２四半期,未改装,,6.698970004336019
22008376,中古マンション等,,22131,静岡県,浜松市中区,葵東,浜松,1H30?2H,３ＬＤＫ,70,,,,平成15年,ＲＣ,住宅,住宅,,,,近隣商業地域,80.0,300.0,2018年第３四半期,未改装,,7.230448921378274
22122728,中古マンション等,,22131,静岡県,浜松市中区,西浅田,浜松,20,４ＬＤＫ,70,,,,平成4年,ＳＲＣ,住宅,,,,,近隣商業地域,80.0,300.0,2008年第２四半期,未改装,,6.977723605288848
22068958,中古マンション等,,22206,静岡県,三島市,萩,三島,,３ＬＤＫ,80,,,,平成6年,ＲＣ,住宅,,,,,第１種中高層住居専用地域,60.0,200.0,2010年第４四半期,,,7.146128035678238
22000159,中古マンション等,,22101,静岡県,静岡市葵区,安東,静岡,30分?60分,３ＬＤＫ,70,,,,平成27年,ＲＣ,,住宅,,,,第２種中高層住居専用地域,60.0,200.0,2020年第１四半期,,,7.556302500767287
22052702,中古マンション等,,22101,静岡県,静岡市葵区,春日,静岡,21,２ＬＤＫ,50,,,,昭和47年,ＳＲＣ,住宅,,,,,第２種住居地域,60.0,200.0,2011年第３四半期,未改装,,6.653212513775344
22054143,中古マンション等,,22131,静岡県,浜松市中区,海老塚,浜松,11,,30,,,,,ＳＲＣ,住宅,その他,,,,第１種住居地域,60.0,200.0,2014年第３四半期,改装済,,6.414973347970818
22073952,中古マンション等,,22203,静岡県,沼津市,上香貫,沼津,30分?60分,３ＬＤＫ,70,,,,平成7年,ＲＣ,住宅,住宅,,,,準工業地域,60.0,200.0,2015年第１四半期,未改装,,6.892094602690481
22089587,中古マンション等,,22135,静岡県,浜松市北区,三ヶ日町大崎,都筑,30分?60分,２ＬＤＫ,65,,,,,ＳＲＣ,住宅,,,,,市街化調整区域,60.0,200.0,2013年第２四半期,未改装,,6.778151250383644
22010169,中古マンション等,,22131,静岡県,浜松市中区,中央,浜松,8,３ＬＤＫ,70,,,,平成14年,ＳＲＣ,,住宅,,,,商業地域,80.0,400.0,2020年第２四半期,未改装,,7.301029995663981
22081736,中古マンション等,,22101,静岡県,静岡市葵区,竜南,東静岡,30分?60分,３ＬＤＫ,70,,,,平成19年,ＲＣ,住宅,,,,,第２種中高層住居専用地域,60.0,200.0,2009年第３四半期,未改装,,7.431363764158987
22123562,中古マンション等,,22133,静岡県,浜松市西区,入野町,浜松,1H?1H30,１Ｋ,15,,,,平成2年,ＲＣ,住宅,,,,,工業地域,60.0,200.0,2008年第２四半期,未改装,,6.3222192947339195
22011501,中古マンション等,,22131,静岡県,浜松市中区,龍禅寺町,浜松,13,２ＬＤＫ,55,,,,平成2年,,,住宅,,,,近隣商業地域,80.0,300.0,2017年第３四半期,改装済,,7.361727836017593
22087909,中古マンション等,,22206,静岡県,三島市,壱町田,三島,14,,70,,,,平成15年,ＲＣ,住宅,,,,,第１種中高層住居専用地域,60.0,200.0,2012年第２四半期,未改装,,7.431363764158987
22003180,中古マンション等,,22101,静岡県,静岡市葵区,両替町,静岡,10,１Ｋ,15,,,,昭和59年,ＳＲＣ,住宅,住宅,,,,商業地域,80.0,600.0,2016年第４四半期,未改装,,6.518513939877887
22051348,中古マンション等,,22101,静岡県,静岡市葵区,竜南,静岡,30分?60分,２ＬＤＫ,65,,,,平成4年,ＲＣ,住宅,住宅,,,,第２種中高層住居専用地域,60.0,200.0,2014年第２四半期,未改装,,7.0
22083885,中古マンション等,,22203,静岡県,沼津市,足高,沼津,1H?1H30,３ＬＤＫ,60,,,,平成4年,ＲＣ,住宅,,,,,第１種住居地域,60.0,200.0,2012年第２四半期,未改装,,6.698970004336019
22124642,中古マンション等,,22135,静岡県,浜松市北区,三ヶ日町大崎,都筑,23,１ＬＤＫ,40,,,,昭和61年,ＲＣ,住宅,,,,,市街化調整区域,60.0,200.0,2007年第２四半期,改装済,,6.724275869600789
22017744,中古マンション等,,22135,静岡県,浜松市北区,三ヶ日町都筑,東都筑,21,１Ｋ,25,,,,昭和49年,,,住宅,,,,市街化調整区域,60.0,200.0,2018年第１四半期,未改装,,5.0
22069797,中古マンション等,,22131,静岡県,浜松市中区,小豆餅,浜松,1H?1H30,３ＬＤＫ,65,,,,平成5年,ＲＣ,住宅,,,,,第１種住居地域,60.0,200.0,2012年第１四半期,未改装,調停・競売等,6.7160033436347994
22029857,中古マンション等,,22210,静岡県,富士市,大淵,富士,1H30?2H,３ＬＤＫ,70,,,,平成3年,ＲＣ,住宅,住宅,,,,市街化調整区域,,,2019年第２四半期,改装済,,6.724275869600789
22006763,中古マンション等,,22103,静岡県,静岡市清水区,楠新田,草薙(ＪＲ),5,４ＬＤＫ,80,,,,平成10年,ＲＣ,住宅,住宅,,,,準工業地域,60.0,200.0,2016年第４四半期,未改装,,7.2552725051033065
22072757,中古マンション等,,22131,静岡県,浜松市中区,野口町,浜松,20,３ＬＤＫ,70,,,,平成9年,ＲＣ,住宅,,,,,近隣商業地域,80.0,200.0,2012年第３四半期,改装済,,7.176091259055681
22074251,中古マンション等,,22210,静岡県,富士市,新橋町,本吉原,8,４ＬＤＫ,85,,,,平成20年,ＲＣ,住宅,住宅,,,,工業地域,60.0,200.0,2014年第１四半期,,,7.301029995663981
22059120,中古マンション等,,22103,静岡県,静岡市清水区,永楽町,清水(静岡),18,,75,,,,,ＲＣ,住宅,住宅,,,,工業地域,60.0,200.0,2015年第１四半期,,,7.2552725051033065
22098068,中古マンション等,,22214,静岡県,藤枝市,田沼,藤枝,10,３ＬＤＫ,75,,,,平成20年,ＲＣ,住宅,住宅,,,,第２種住居地域,60.0,200.0,2015年第３四半期,未改装,,7.342422680822207
22059125,中古マンション等,,22103,静岡県,静岡市清水区,江尻台町,清水(静岡),14,３ＬＤＫ,70,,,,,ＲＣ,住宅,住宅,,,,工業地域,60.0,200.0,2015年第２四半期,未改装,,7.301029995663981
22122967,中古マンション等,,22131,静岡県,浜松市中区,龍禅寺町,浜松,10,３ＬＤＫ,65,,,,平成2年,ＳＲＣ,住宅,,,,,近隣商業地域,80.0,300.0,2007年第４四半期,未改装,,7.113943352306837
22106068,中古マンション等,,22206,静岡県,三島市,萩,三島,30分?60分,３ＬＤＫ,65,,,,平成6年,ＲＣ,住宅,,,,,第１種中高層住居専用地域,60.0,200.0,2009年第４四半期,改装済,,7.146128035678238
22123833,中古マンション等,,22133,静岡県,浜松市西区,西山町,浜松,1H30?2H,３ＬＤＫ,60,,,,平成7年,ＳＲＣ,住宅,,,,,市街化調整区域,60.0,200.0,2008年第４四半期,未改装,調停・競売等,6.740362689494244
22000601,中古マンション等,,22101,静岡県,静岡市葵区,上足洗,静岡,30分?60分,３ＬＤＫ,65,,,,平成7年,,,住宅,,,,第２種中高層住居専用地域,60.0,200.0,2019年第４四半期,未改装,,7.176091259055681
22076631,中古マンション等,,22210,静岡県,富士市,大淵,吉原,2H?,４ＬＤＫ,85,,,,平成3年,ＲＣ,住宅,,,,,市街化調整区域,60.0,200.0,2010年第４四半期,,,6.897627091290442
22017552,中古マンション等,,22135,静岡県,浜松市北区,三ヶ日町下尾奈,尾奈,18,１Ｒ,25,,,,昭和55年,ＲＣ,その他,その他,,,,市街化調整区域,60.0,200.0,2017年第１四半期,未改装,,5.0
22061741,中古マンション等,,22132,静岡県,浜松市東区,篠ケ瀬町,浜松,1H?1H30,４ＬＤＫ,80,,,,平成10年,ＲＣ,住宅,,,,,近隣商業地域,80.0,300.0,2011年第４四半期,未改装,,7.113943352306837
22091038,中古マンション等,,22131,静岡県,浜松市中区,高丘東,浜松,1H?1H30,３ＬＤＫ,60,,,,平成4年,ＲＣ,住宅,,,,,工業地域,60.0,200.0,2009年第４四半期,未改装,,7.113943352306837
22071062,中古マンション等,,22203,静岡県,沼津市,若葉町,沼津,29,４ＬＤＫ,70,,,,昭和63年,ＳＲＣ,住宅,,,,,第１種住居地域,60.0,200.0,2011年第４四半期,未改装,,6.845098040014257
22051438,中古マンション等,,22101,静岡県,静岡市葵区,春日,静岡,19,３Ｋ,50,,,,昭和47年,ＲＣ,住宅,,,,,第１種住居地域,60.0,200.0,2010年第１四半期,未改装,,6.414973347970818
22005471,中古マンション等,,22102,静岡県,静岡市駿河区,南町,静岡,6,２ＬＤＫ,80,,,,平成21年,,,,,,,商業地域,80.0,400.0,2017年第４四半期,未改装,,7.57978359661681
22122229,中古マンション等,,22131,静岡県,浜松市中区,鴨江,浜松,30分?60分,３ＬＤＫ,80,,,,平成13年,ＲＣ,住宅,,,,,第１種中高層住居専用地域,60.0,200.0,2008年第１四半期,改装済,,7.301029995663981
22010670,中古マンション等,,22131,静岡県,浜松市中区,中山町,浜松,16,３ＬＤＫ,75,,,,平成27年,,,住宅,,,,第２種住居地域,60.0,200.0,2018年第１四半期,未改装,,7.491361693834273
22120296,中古マンション等,,22102,静岡県,静岡市駿河区,曲金,東静岡,,３ＬＤＫ,70,,,,平成7年,,住宅,,,,,近隣商業地域,80.0,300.0,2006年第４四半期,未改装,,7.176091259055681
22053644,中古マンション等,,22103,静岡県,静岡市清水区,真砂町,清水(静岡),4,オープンフロア,60,,,,平成23年,鉄骨造,店舗,店舗,,,,商業地域,80.0,400.0,2014年第２四半期,未改装,,6.6020599913279625
22008410,中古マンション等,,22131,静岡県,浜松市中区,旭町,浜松,3,３ＬＤＫ,80,,,,令和2年,ＲＣ,住宅,住宅,,,,商業地域,80.0,600.0,2020年第２四半期,改装済,,7.698970004336019
22019989,中古マンション等,,22203,静岡県,沼津市,旭町,沼津,18,２ＬＤＫ,65,,,,,,住宅,住宅,,,,近隣商業地域,80.0,200.0,2018年第３四半期,改装済,,6.8750612633917
22058467,中古マンション等,,22102,静岡県,静岡市駿河区,曲金,東静岡,6,３ＬＤＫ,75,,,,,ＳＲＣ,住宅,住宅,,,,商業地域,80.0,400.0,2015年第３四半期,未改装,,7.204119982655925
22078965,中古マンション等,,22210,静岡県,富士市,水戸島本町,富士,6,１ＬＤＫ,30,,,,平成4年,ＳＲＣ,住宅,,,,,近隣商業地域,80.0,300.0,2010年第２四半期,改装済,,6.662757831681574
22076412,中古マンション等,,22206,静岡県,三島市,梅名,大場,19,オープンフロア,30,,,,昭和62年,ＲＣ,事務所,事務所,,,,第２種中高層住居専用地域,60.0,200.0,2015年第３四半期,未改装,,5.301029995663981
22122821,中古マンション等,,22131,静岡県,浜松市中区,東伊場,浜松,18,２ＬＤＫ,65,,,,平成7年,ＲＣ,住宅,,,,,近隣商業地域,80.0,300.0,2007年第３四半期,未改装,,7.2552725051033065
22000002,中古マンション等,,22101,静岡県,静岡市葵区,相生町,静岡,11,３ＬＤＫ,90,,,,平成19年,,住宅,住宅,,,,第２種住居地域,60.0,200.0,2020年第２四半期,未改装,,7.544068044350276
22023038,中古マンション等,,22206,静岡県,三島市,加茂川町,三島,20,２ＬＤＫ,70,,,,平成8年,,,住宅,,,,第２種住居地域,60.0,200.0,2019年第２四半期,,調停・競売等,7.113943352306837
22008821,中古マンション等,,22131,静岡県,浜松市中区,上島,浜松,30分?60分,３ＬＤＫ,75,,,,平成15年,ＳＲＣ,住宅,,,,,第１種住居地域,60.0,200.0,2016年第３四半期,,,7.278753600952829
22005104,中古マンション等,,22102,静岡県,静岡市駿河区,曲金,東静岡,6,１ＬＤＫ,65,,,,平成26年,ＲＣ,,住宅,,,,商業地域,80.0,400.0,2017年第４四半期,未改装,,7.477121254719663
22020290,中古マンション等,,22203,静岡県,沼津市,大岡,沼津,18,３ＬＤＫ,65,,,,平成16年,ＳＲＣ,住宅,住宅,,,,準工業地域,60.0,200.0,2019年第１四半期,改装済,,7.278753600952829
22021458,中古マンション等,,22203,静岡県,沼津市,西浦平沢,伊豆長岡,2H?,２ＬＤＫ,100,,,,平成4年,ＲＣ,住宅,その他,,,,市街化調整区域,60.0,200.0,2020年第１四半期,未改装,,6.8750612633917
22122105,中古マンション等,,22131,静岡県,浜松市中区,泉,浜松,1H?1H30,３ＬＤＫ,75,,,,平成13年,ＲＣ,住宅,,,,,第１種中高層住居専用地域,60.0,200.0,2008年第３四半期,改装済,,7.176091259055681
22066988,中古マンション等,,22206,静岡県,三島市,（大字なし）,三島,20,２ＬＤＫ,55,,,,平成3年,ＲＣ,住宅,,,,,第２種住居地域,60.0,200.0,2014年第１四半期,改装済,,6.991226075692495
22009043,中古マンション等,,22131,静岡県,浜松市中区,鴨江,浜松,27,３ＬＤＫ,70,,,,平成8年,ＳＲＣ,住宅,住宅,,,,第１種中高層住居専用地域,60.0,200.0,2016年第２四半期,改装済,,7.176091259055681
22013241,中古マンション等,,22132,静岡県,浜松市東区,中野町,浜松,1H?1H30,３ＬＤＫ,55,,,,平成4年,,住宅,住宅,,,,準工業地域,60.0,200.0,2017年第２四半期,改装済,,6.929418925714293
22089845,中古マンション等,,22135,静岡県,浜松市北区,三ヶ日町都筑,都筑,30分?60分,１ＬＤＫ,50,,,,平成2年,ＳＲＣ,住宅,,,,,市街化調整区域,60.0,200.0,2013年第３四半期,未改装,,6.0
22060327,中古マンション等,,22131,静岡県,浜松市中区,野口町,浜松,21,３ＬＤＫ,70,,,,平成5年,ＲＣ,住宅,,,,,近隣商業地域,80.0,200.0,2011年第１四半期,未改装,,7.0
22123042,中古マンション等,,22131,静岡県,浜松市中区,和地山,浜松,30分?60分,２ＤＫ,40,,,,昭和49年,ＳＲＣ,住宅,,,,,第２種中高層住居専用地域,60.0,200.0,2008年第２四半期,未改装,,6.633468455579586
22002157,中古マンション等,,22101,静岡県,静岡市葵区,常磐町,静岡,10,２ＬＤＫ,55,,,,平成10年,,住宅,住宅,,,,商業地域,80.0,500.0,2020年第３四半期,未改装,,7.278753600952829
22036528,中古マンション等,,22213,静岡県,掛川市,青葉台,掛川,25,１ＬＤＫ,40,,,,,ＳＲＣ,住宅,住宅,,,,第２種住居地域,60.0,200.0,2016年第１四半期,未改装,,6.732393759822968
22057709,中古マンション等,,22103,静岡県,静岡市清水区,西高町,清水(静岡),30分?60分,３ＬＤＫ,65,,,,平成19年,ＲＣ,住宅,,,,,第２種中高層住居専用地域,60.0,200.0,2011年第２四半期,未改装,,7.3222192947339195
22004817,中古マンション等,,22102,静岡県,静岡市駿河区,西中原,静岡,25,１ＬＤＫ,45,,,,昭和48年,ＳＲＣ,住宅,住宅,,,,近隣商業地域,80.0,200.0,2016年第２四半期,未改装,,6.57978359661681
22050788,中古マンション等,,22101,静岡県,静岡市葵区,春日,静岡,20,３ＬＤＫ,105,,,,,ＲＣ,住宅,住宅,,,,第１種住居地域,60.0,200.0,2014年第４四半期,,,7.414973347970818
22092601,中古マンション等,,22131,静岡県,浜松市中区,山手町,浜松,30分?60分,２ＬＤＫ,65,,,,昭和48年,ＲＣ,住宅,,,,,第１種中高層住居専用地域,60.0,200.0,2009年第２四半期,未改装,,6.301029995663981
22122302,中古マンション等,,22131,静岡県,浜松市中区,幸,浜松,30分?60分,３ＬＤＫ,70,,,,平成6年,ＲＣ,住宅,,,,,第１種中高層住居専用地域,60.0,200.0,2007年第３四半期,未改装,,6.982271233039568
22055708,中古マンション等,,22131,静岡県,浜松市中区,野口町,八幡(静岡),3,４ＬＤＫ,85,,,,平成9年,ＲＣ,住宅,住宅,,,,近隣商業地域,80.0,200.0,2014年第４四半期,未改装,,7.176091259055681
22003139,中古マンション等,,22101,静岡県,静岡市葵区,竜南,静岡,30分?60分,３ＬＤＫ,60,,,,平成19年,ＲＣ,,住宅,,,,第２種中高層住居専用地域,60.0,200.0,2020年第１四半期,改装済,,7.278753600952829
22004158,中古マンション等,,22102,静岡県,静岡市駿河区,石部,用宗,16,１ＬＤＫ,40,,,,平成6年,,,住宅,,,,第１種住居地域,60.0,200.0,2019年第３四半期,未改装,,6.740362689494244
22033747,中古マンション等,,22211,静岡県,磐田市,中泉,磐田,15,３ＬＤＫ,65,,,,平成23年,ＲＣ,,住宅,,,,工業地域,60.0,200.0,2020年第３四半期,未改装,,7.301029995663981
22060628,中古マンション等,,22131,静岡県,浜松市中区,元浜町,浜松,17,１Ｋ,15,,,,平成3年,ＲＣ,住宅,,,,,商業地域,80.0,400.0,2011年第４四半期,改装済,,6.342422680822207
22014662,中古マンション等,,22133,静岡県,浜松市西区,舞阪町弁天島,浜松,2H?,１Ｋ,35,,,,平成3年,,,住宅,,,,第１種住居地域,60.0,200.0,2019年第２四半期,改装済,,6.477121254719663
22123376,中古マンション等,,22132,静岡県,浜松市東区,天龍川町,天竜川,1,２ＬＤＫ,65,,,,平成5年,ＳＲＣ,住宅,,,,,工業地域,60.0,200.0,2007年第２四半期,改装済,,7.146128035678238
22022929,中古マンション等,,22206,静岡県,三島市,梅名,大場,15,２ＬＤＫ＋Ｓ,70,,,,平成8年,,,住宅,,,,第２種中高層住居専用地域,60.0,150.0,2019年第２四半期,未改装,,7.146128035678238
22123834,中古マンション等,,22133,静岡県,浜松市西区,西山町,浜松,1H30?2H,２ＬＤＫ,60,,,,平成7年,ＳＲＣ,住宅,,,,,市街化調整区域,60.0,200.0,2008年第４四半期,改装済,,7.041392685158225
22013074,中古マンション等,,22132,静岡県,浜松市東区,中郡町,遠州西ケ崎,2,３ＬＤＫ,80,,,,平成7年,,住宅,住宅,,,,市街化調整区域,60.0,200.0,2019年第３四半期,未改装,,7.230448921378274
22078479,中古マンション等,,22207,静岡県,富士宮市,源道寺町,源道寺,5,３ＬＤＫ,60,,,,平成4年,ＳＲＣ,住宅,住宅,,,,第２種中高層住居専用地域,60.0,150.0,2015年第４四半期,未改装,,6.9344984512435675
22003271,中古マンション等,,22102,静岡県,静岡市駿河区,池田,東静岡,25,３ＬＤＫ,75,,,,昭和54年,ＲＣ,,住宅,,,,第１種中高層住居専用地域,60.0,150.0,2019年第４四半期,未改装,,6.698970004336019
22066132,中古マンション等,,22133,静岡県,浜松市西区,入野町,浜松,30分?60分,３ＬＤＫ,80,,,,平成3年,ＳＲＣ,住宅,住宅,,,,第１種住居地域,60.0,200.0,2015年第１四半期,未改装,,7.176091259055681
22032260,中古マンション等,,22210,静岡県,富士市,米之宮町,富士,21,２ＬＤＫ,60,,,,平成20年,ＲＣ,住宅,住宅,,,,第２種中高層住居専用地域,60.0,200.0,2017年第２四半期,改装済,,7.301029995663981
22086085,中古マンション等,,22203,静岡県,沼津市,西椎路,片浜,19,３ＬＤＫ,65,,,,昭和64年,ＳＲＣ,住宅,,,,,第２種中高層住居専用地域,60.0,200.0,2012年第２四半期,改装済,,6.973127853599698
22010135,中古マンション等,,22131,静岡県,浜松市中区,田町,浜松,9,２ＬＤＫ,70,,,,平成18年,ＲＣ,住宅,住宅,,,,商業地域,80.0,600.0,2019年第４四半期,未改装,,7.57978359661681
22119764,中古マンション等,,22102,静岡県,静岡市駿河区,石部,用宗,,１ＬＤＫ,40,,,,,ＲＣ,住宅,,,,,第１種住居地域,60.0,200.0,2006年第２四半期,,,6.954242509439325
22053765,中古マンション等,,22101,静岡県,静岡市葵区,長沼,東静岡,13,１ＬＤＫ,60,,,,,ＲＣ,住宅,,,,,第１種住居地域,60.0,200.0,2011年第１四半期,未改装,,7.2552725051033065
22122947,中古マンション等,,22131,静岡県,浜松市中区,山手町,浜松,30分?60分,３ＬＤＫ,80,,,,昭和48年,ＲＣ,住宅,,,,,第１種中高層住居専用地域,60.0,200.0,2007年第４四半期,未改装,,6.740362689494244
22081244,中古マンション等,,22210,静岡県,富士市,蓼原,富士,30分?60分,２ＬＤＫ,40,,,,昭和63年,ＳＲＣ,住宅,,,,,工業地域,60.0,200.0,2011年第４四半期,未改装,,6.113943352306837
22033299,中古マンション等,,22211,静岡県,磐田市,白羽,豊田町,1H?1H30,３ＬＤＫ,80,,,,昭和62年,ＲＣ,住宅,住宅,,,,近隣商業地域,80.0,200.0,2016年第３四半期,未改装,,6.3979400086720375
22004375,中古マンション等,,22102,静岡県,静岡市駿河区,豊田,静岡,30分?60分,３ＬＤＫ,100,,,,平成20年,ＲＣ,住宅,,,,,工業地域,60.0,200.0,2019年第４四半期,,,7.414973347970818
22009591,中古マンション等,,22131,静岡県,浜松市中区,助信町,八幡(静岡),6,３ＬＤＫ,80,,,,平成21年,ＲＣ,住宅,住宅,,,,商業地域,80.0,400.0,2018年第３四半期,改装済,,7.4623979978989565
22065976,中古マンション等,,22102,静岡県,静岡市駿河区,曲金,静岡,22,３ＤＫ,45,,,,昭和48年,ＳＲＣ,住宅,,,,,工業地域,60.0,200.0,2012年第４四半期,未改装,,6.3979400086720375
22013016,中古マンション等,,22132,静岡県,浜松市東区,天王町,浜松,1H?1H30,２ＬＤＫ,55,,,,平成2年,ＲＣ,住宅,その他,,,,第１種住居地域,60.0,200.0,2016年第３四半期,改装済,,6.556302500767287
22091334,中古マンション等,,22131,静岡県,浜松市中区,寺島町,浜松,9,２ＬＤＫ,60,,,,平成3年,ＳＲＣ,住宅,,,,,近隣商業地域,80.0,300.0,2009年第３四半期,未改装,調停・競売等,6.973127853599698
22010277,中古マンション等,,22131,静岡県,浜松市中区,寺島町,浜松,13,２ＬＤＫ,60,,,,平成3年,ＳＲＣ,住宅,住宅,,,,近隣商業地域,80.0,300.0,2016年第２四半期,,,6.812913356642856
22002140,中古マンション等,,22101,静岡県,静岡市葵区,伝馬町,静岡,10,３ＬＤＫ,80,,,,平成24年,ＲＣ,住宅,住宅,,,,商業地域,80.0,500.0,2016年第２四半期,未改装,,7.662757831681574
22038390,中古マンション等,,22214,静岡県,藤枝市,駅前,藤枝,1,３ＬＤＫ,75,,,,平成14年,ＲＣ,住宅,住宅,,,,商業地域,80.0,400.0,2017年第３四半期,未改装,,7.3222192947339195
22011554,中古マンション等,,22131,静岡県,浜松市中区,連尺町,浜松,11,１ＤＫ,20,,,,昭和56年,,,住宅,,,,商業地域,80.0,600.0,2017年第３四半期,未改装,,6.431363764158987
22068820,中古マンション等,,22101,静岡県,静岡市葵区,北安東,静岡,30分?60分,２ＬＤＫ＋Ｓ,60,,,,,ＲＣ,住宅,,,,,第２種中高層住居専用地域,60.0,200.0,2013年第４四半期,未改装,,7.146128035678238
22084745,中古マンション等,,22102,静岡県,静岡市駿河区,見瀬,静岡,23,３ＬＤＫ,70,,,,平成2年,ＲＣ,住宅,,,,,第２種住居地域,60.0,200.0,2009年第４四半期,未改装,,7.041392685158225
22051189,中古マンション等,,22101,静岡県,静岡市葵区,東鷹匠町,静岡,18,３ＬＤＫ,95,,,,平成13年,ＲＣ,住宅,住宅,,,,第２種住居地域,60.0,200.0,2014年第４四半期,改装済,,7.6020599913279625
22021176,中古マンション等,,22203,静岡県,沼津市,新宿町,沼津,6,３ＬＤＫ,70,,,,平成10年,ＳＲＣ,住宅,住宅,,,,商業地域,80.0,400.0,2019年第１四半期,未改装,,7.204119982655925
22086804,中古マンション等,,22203,静岡県,沼津市,三園町,沼津,21,３ＬＤＫ,70,,,,平成21年,ＲＣ,住宅,,,,,近隣商業地域,80.0,200.0,2012年第４四半期,未改装,,7.230448921378274
22023159,中古マンション等,,22206,静岡県,三島市,寿町,三島,7,２ＬＤＫ,55,,,,平成2年,,,住宅,,,,近隣商業地域,80.0,200.0,2018年第４四半期,未改装,,6.982271233039568
22124680,中古マンション等,,22135,静岡県,浜松市北区,三ヶ日町都筑,都筑,25,１Ｋ,25,,,,昭和49年,ＳＲＣ,住宅,,,,,市街化調整区域,60.0,200.0,2008年第２四半期,未改装,,6.041392685158225
22017692,中古マンション等,,22135,静岡県,浜松市北区,三ヶ日町都筑,都筑,24,１ＬＤＫ,50,,,,平成2年,,,住宅,,,,市街化調整区域,60.0,200.0,2017年第４四半期,未改装,,6.477121254719663
22007188,中古マンション等,,22103,静岡県,静岡市清水区,天神,清水(静岡),15,３ＬＤＫ,75,,,,平成10年,,,住宅,,,,第２種住居地域,60.0,200.0,2020年第２四半期,未改装,,7.176091259055681
22030645,中古マンション等,,22210,静岡県,富士市,伝法,富士,30分?60分,３ＬＤＫ,65,,,,平成5年,ＲＣ,住宅,住宅,,,,第１種住居地域,60.0,200.0,2016年第１四半期,改装済,,6.954242509439325
22095790,中古マンション等,,22203,静岡県,沼津市,本,沼津,5,１Ｋ,20,,,,,ＲＣ,住宅,,,,,近隣商業地域,80.0,200.0,2013年第４四半期,,調停・競売等,6.204119982655925
22065088,中古マンション等,,22135,静岡県,浜松市北区,根洗町,浜松,2H?,３ＬＤＫ,65,,,,平成14年,ＲＣ,住宅,,,,,市街化調整区域,60.0,200.0,2011年第１四半期,未改装,,7.041392685158225
22017735,中古マンション等,,22135,静岡県,浜松市北区,三ヶ日町都筑,都筑,19,１ＬＤＫ,50,,,,,ＳＲＣ,住宅,住宅,,,,市街化調整区域,60.0,200.0,2016年第１四半期,未改装,,6.6020599913279625
22065937,中古マンション等,,22135,静岡県,浜松市北区,三ヶ日町都筑,東都筑,24,１Ｋ,25,,,,昭和49年,ＳＲＣ,住宅,,,,,市街化調整区域,60.0,200.0,2011年第１四半期,未改装,調停・競売等,5.698970004336019
22076653,中古マンション等,,22211,静岡県,磐田市,今之浦,磐田,21,３ＬＤＫ,90,,,,平成22年,ＳＲＣ,住宅,住宅,,,,第１種住居地域,60.0,200.0,2014年第２四半期,未改装,,7.477121254719663
22069960,中古マンション等,,22101,静岡県,静岡市葵区,鷹匠,静岡,9,３ＬＤＫ,95,,,,平成16年,ＲＣ,住宅,住宅,,,,商業地域,80.0,400.0,2013年第４四半期,未改装,,7.568201724066995
22010711,中古マンション等,,22131,静岡県,浜松市中区,成子町,浜松,11,２ＬＤＫ,65,,,,平成31年,ＲＣ,住宅,住宅,,,,商業地域,80.0,400.0,2020年第２四半期,未改装,,7.414973347970818
22058039,中古マンション等,,22131,静岡県,浜松市中区,西浅田,浜松,20,２ＬＤＫ,60,,,,平成6年,ＳＲＣ,住宅,,,,,近隣商業地域,80.0,300.0,2010年第１四半期,未改装,,6.977723605288848
22084571,中古マンション等,,22203,静岡県,沼津市,大岡,沼津,30分?60分,３ＬＤＫ,60,,,,平成6年,ＲＣ,住宅,,,,,第２種中高層住居専用地域,60.0,200.0,2012年第２四半期,未改装,,6.929418925714293
22000417,中古マンション等,,22101,静岡県,静岡市葵区,大岩町,静岡,30分?60分,３ＬＤＫ,80,,,,平成16年,ＳＲＣ,,住宅,,,,第１種中高層住居専用地域,60.0,200.0,2019年第３四半期,未改装,,7.477121254719663
22008596,中古マンション等,,22131,静岡県,浜松市中区,海老塚,浜松,8,１Ｒ,20,,,,平成4年,ＳＲＣ,住宅,住宅,,,,商業地域,80.0,500.0,2020年第１四半期,未改装,,6.301029995663981
22053670,中古マンション等,,22101,静岡県,静岡市葵区,千代田,静岡,30分?60分,３ＬＤＫ,80,,,,平成11年,ＲＣ,住宅,,,,,第１種中高層住居専用地域,60.0,200.0,2011年第３四半期,未改装,,7.361727836017593
22060080,中古マンション等,,22103,静岡県,静岡市清水区,千歳町,清水(静岡),20,２ＬＤＫ,60,,,,昭和61年,ＳＲＣ,住宅,住宅,,,,商業地域,80.0,400.0,2015年第２四半期,,,6.740362689494244
22055778,中古マンション等,,22131,静岡県,浜松市中区,八幡町,浜松,15,３ＬＤＫ,70,,,,平成11年,ＳＲＣ,住宅,,,,,近隣商業地域,80.0,300.0,2014年第１四半期,未改装,,7.230448921378274
22031721,中古マンション等,,22210,静岡県,富士市,水戸島本町,富士,6,１Ｋ,30,,,,平成4年,ＳＲＣ,住宅,住宅,,,,近隣商業地域,80.0,300.0,2018年第４四半期,改装済,,6.643452676486188
22074659,中古マンション等,,22132,静岡県,浜松市東区,神立町,浜松,30分?60分,３ＬＤＫ,70,,,,平成18年,ＲＣ,住宅,,,,,第２種住居地域,60.0,200.0,2012年第２四半期,未改装,,7.342422680822207
22080062,中古マンション等,,22131,静岡県,浜松市中区,高丘北,浜松,1H30?2H,３ＬＤＫ,85,,,,平成3年,ＲＣ,住宅,,,,,第１種住居地域,60.0,200.0,2013年第２四半期,未改装,,7.146128035678238
22052262,中古マンション等,,22101,静岡県,静岡市葵区,馬場町,静岡,15,２ＬＤＫ,85,,,,平成16年,ＳＲＣ,住宅,,,,,商業地域,80.0,400.0,2010年第３四半期,改装済,,7.4623979978989565
22089856,中古マンション等,,22135,静岡県,浜松市北区,三ヶ日町都筑,都筑,30分?60分,１ＬＤＫ,50,,,,平成2年,ＳＲＣ,住宅,,,,,市街化調整区域,60.0,200.0,2013年第２四半期,未改装,,6.653212513775344
22105490,中古マンション等,,22206,静岡県,三島市,壱町田,三島,14,３ＬＤＫ,70,,,,平成15年,ＲＣ,住宅,,,,,第１種中高層住居専用地域,60.0,200.0,2009年第２四半期,未改装,,7.278753600952829
22065990,中古マンション等,,22203,静岡県,沼津市,大手町,沼津,6,１ＬＤＫ,50,,,,平成15年,ＳＲＣ,住宅,,,,,商業地域,80.0,500.0,2010年第３四半期,改装済,,7.041392685158225
22015977,中古マンション等,,22134,静岡県,浜松市南区,東若林町,浜松,30分?60分,１Ｋ,15,,,,平成2年,ＲＣ,住宅,住宅,,,,第１種住居地域,60.0,200.0,2017年第４四半期,未改装,,6.176091259055681
22017629,中古マンション等,,22135,静岡県,浜松市北区,三ヶ日町都筑,都筑,28,２ＬＤＫ,80,,,,平成2年,ＳＲＣ,住宅,住宅,,,,市街化調整区域,60.0,200.0,2020年第３四半期,未改装,,6.897627091290442
22094970,中古マンション等,,22132,静岡県,浜松市東区,豊町,遠州西ケ崎,30分?60分,３ＬＤＫ,65,,,,平成6年,ＲＣ,住宅,,,,,市街化調整区域,60.0,200.0,2009年第４四半期,改装済,,6.986771734266245
22006636,中古マンション等,,22103,静岡県,静岡市清水区,草薙,草薙(ＪＲ),5,３ＬＤＫ,70,,,,平成29年,ＲＣ,,住宅,,,,準工業地域,60.0,200.0,2019年第３四半期,未改装,,7.4623979978989565
22068278,中古マンション等,,22101,静岡県,静岡市葵区,大岩町,静岡,30分?60分,３ＬＤＫ,60,,,,昭和52年,ＲＣ,住宅,,,,,第１種中高層住居専用地域,60.0,200.0,2013年第４四半期,,,5.826074802700826
22057712,中古マンション等,,22103,静岡県,静岡市清水区,二の丸町,清水(静岡),10,３ＬＤＫ,85,,,,平成18年,ＲＣ,住宅,,,,,近隣商業地域,80.0,300.0,2011年第１四半期,未改装,,7.477121254719663
22098149,中古マンション等,,22206,静岡県,三島市,東町,三島田町,7,３ＬＤＫ,80,,,,平成4年,ＲＣ,住宅,,,,,第１種住居地域,60.0,200.0,2013年第２四半期,,,7.230448921378274
22010236,中古マンション等,,22131,静岡県,浜松市中区,寺島町,浜松,12,１Ｋ,20,,,,昭和64年,ＲＣ,住宅,その他,,,,近隣商業地域,80.0,300.0,2020年第１四半期,未改装,,5.845098040014257
22007949,中古マンション等,,22103,静岡県,静岡市清水区,村松原,清水(静岡),30分?60分,,65,,,,昭和56年,,住宅,住宅,,,,第２種住居地域,60.0,200.0,2018年第３四半期,改装済,,6.518513939877887
22056522,中古マンション等,,22101,静岡県,静岡市葵区,東千代田,静岡,30分?60分,３ＬＤＫ,55,,,,平成3年,ＲＣ,住宅,住宅,,,,第２種中高層住居専用地域,60.0,200.0,2015年第２四半期,未改装,,6.845098040014257
22003288,中古マンション等,,22102,静岡県,静岡市駿河区,池田,東静岡,30分?60分,３ＬＤＫ,65,,,,,,,住宅,,,,第１種中高層住居専用地域,60.0,150.0,2018年第４四半期,,,6.698970004336019
22003361,中古マンション等,,22102,静岡県,静岡市駿河区,池田,東静岡,6,４ＬＤＫ,80,,,,平成17年,ＲＣ,住宅,住宅,,,,工業地域,60.0,200.0,2016年第１四半期,改装済,,7.4623979978989565
22009450,中古マンション等,,22131,静岡県,浜松市中区,蜆塚,浜松,30分?60分,３ＬＤＫ,65,,,,昭和61年,,,その他,,,,第１種中高層住居専用地域,60.0,200.0,2017年第４四半期,未改装,,6.968482948553935
22002725,中古マンション等,,22101,静岡県,静岡市葵区,古庄,古庄,3,２ＬＤＫ,65,,,,,ＲＣ,住宅,住宅,,,,第１種住居地域,60.0,200.0,2016年第３四半期,未改装,,6.949390006644912
22060919,中古マンション等,,22135,静岡県,浜松市北区,三ヶ日町都筑,東都筑,25,１ＬＤＫ,50,,,,,ＳＲＣ,住宅,住宅,,,,市街化調整区域,60.0,200.0,2014年第３四半期,改装済,,6.763427993562937
22080522,中古マンション等,,22131,静岡県,浜松市中区,寺島町,浜松,14,１Ｋ,20,,,,昭和64年,ＲＣ,住宅,,,,,近隣商業地域,80.0,300.0,2013年第２四半期,未改装,,6.079181246047625
22129577,中古マンション等,,22211,静岡県,磐田市,中泉,磐田,2,３ＬＤＫ,75,,,,平成19年,ＲＣ,住宅,,,,,商業地域,80.0,400.0,2007年第３四半期,未改装,,7.447158031342219
22012114,中古マンション等,,22132,静岡県,浜松市東区,植松町,浜松,30分?60分,２ＤＫ,40,,,,昭和49年,ＳＲＣ,住宅,住宅,,,,第１種住居地域,60.0,200.0,2018年第１四半期,,,6.230448921378274
22122425,中古マンション等,,22131,静岡県,浜松市中区,菅原町,浜松,20,３ＤＫ,65,,,,昭和63年,ＲＣ,住宅,,,,,商業地域,80.0,500.0,2008年第４四半期,未改装,,6.740362689494244
22051680,中古マンション等,,22101,静岡県,静岡市葵区,紺屋町,静岡,3,オープンフロア,115,,,,平成22年,ＳＲＣ,事務所,,,,,商業地域,80.0,600.0,2010年第３四半期,,関係者間取引,7.913813852383717
22063394,中古マンション等,,22131,静岡県,浜松市中区,西伊場町,浜松,30分?60分,４ＬＤＫ,70,,,,昭和58年,ＲＣ,住宅,住宅,,,,第１種中高層住居専用地域,60.0,200.0,2015年第４四半期,改装済,,6.903089986991944
22120576,中古マンション等,,22102,静岡県,静岡市駿河区,谷田,草薙(ＪＲ),,４ＬＤＫ,105,,,,平成14年,ＲＣ,住宅,,,,,第１種中高層住居専用地域,60.0,200.0,2006年第４四半期,未改装,,7.681241237375588
22086656,中古マンション等,,22103,静岡県,静岡市清水区,楠新田,草薙(ＪＲ),10,４ＬＤＫ,80,,,,平成12年,ＲＣ,住宅,,,,,準工業地域,60.0,200.0,2009年第４四半期,未改装,,7.230448921378274
22057741,中古マンション等,,22131,静岡県,浜松市中区,寺島町,浜松,10,２ＬＤＫ＋Ｓ,55,,,,平成3年,ＳＲＣ,住宅,,,,,近隣商業地域,80.0,300.0,2010年第２四半期,未改装,,6.880813592280791
22119306,中古マンション等,,22102,静岡県,静岡市駿河区,池田,東静岡,28,３ＬＤＫ,65,,,,昭和54年,ＲＣ,住宅,,,,,第１種中高層住居専用地域,60.0,150.0,2008年第２四半期,未改装,,6.778151250383644
22091637,中古マンション等,,22131,静岡県,浜松市中区,中沢町,浜松,30分?60分,１Ｋ,20,,,,昭和60年,ＲＣ,住宅,,,,,第２種中高層住居専用地域,60.0,200.0,2009年第４四半期,未改装,,6.2552725051033065
22003360,中古マンション等,,22102,静岡県,静岡市駿河区,池田,東静岡,8,４ＬＤＫ,80,,,,,ＲＣ,住宅,住宅,,,,工業地域,60.0,200.0,2016年第１四半期,未改装,,7.342422680822207
22008548,中古マンション等,,22131,静岡県,浜松市中区,板屋町,浜松,8,２ＬＤＫ,70,,,,平成13年,ＲＣ,住宅,住宅,,,,商業地域,80.0,400.0,2019年第３四半期,改装済,,7.342422680822207
22010264,中古マンション等,,22131,静岡県,浜松市中区,寺島町,浜松,11,,20,,,,昭和64年,ＲＣ,住宅,住宅,,,,近隣商業地域,80.0,300.0,2017年第３四半期,,,6.3222192947339195
22070564,中古マンション等,,22203,静岡県,沼津市,東椎路,片浜,20,２ＬＤＫ,65,,,,,ＲＣ,住宅,,,,,市街化調整区域,,,2011年第１四半期,未改装,,7.079181246047625
22122238,中古マンション等,,22131,静岡県,浜松市中区,鴨江,浜松,19,２ＬＤＫ,80,,,,平成15年,ＲＣ,住宅,,,,,第２種中高層住居専用地域,60.0,200.0,2007年第３四半期,未改装,調停・競売等,7.2552725051033065
22017738,中古マンション等,,22135,静岡県,浜松市北区,三ヶ日町都筑,東都筑,23,１Ｋ,25,,,,昭和49年,ＳＲＣ,住宅,住宅,,,,市街化調整区域,,,2019年第４四半期,未改装,,5.477121254719663
22055891,中古マンション等,,22103,静岡県,静岡市清水区,村松,清水(静岡),30分?60分,３ＬＤＫ,55,,,,昭和55年,ＲＣ,住宅,,,,,準工業地域,60.0,200.0,2010年第２四半期,未改装,,6.633468455579586
22118166,中古マンション等,,22101,静岡県,静岡市葵区,北安東,静岡,,３ＬＤＫ,65,,,,昭和63年,,住宅,,,,,,,,2006年第４四半期,未改装,,7.113943352306837
22023797,中古マンション等,,22206,静岡県,三島市,松が丘,三島,30分?60分,３ＬＤＫ,75,,,,,ＲＣ,住宅,住宅,,,,第２種住居地域,60.0,200.0,2016年第１四半期,未改装,,7.113943352306837
22012608,中古マンション等,,22132,静岡県,浜松市東区,小池町,浜松,1H?1H30,３ＬＤＫ,70,,,,平成7年,ＲＣ,,住宅,,,,準工業地域,60.0,200.0,2017年第４四半期,改装済,,7.380211241711606
22021207,中古マンション等,,22203,静岡県,沼津市,杉崎町,沼津,13,３ＬＤＫ,70,,,,平成6年,ＲＣ,,住宅,,,,第２種住居地域,60.0,200.0,2018年第２四半期,未改装,,7.041392685158225
22058531,中古マンション等,,22131,静岡県,浜松市中区,泉,浜松,30分?60分,３ＬＤＫ,70,,,,昭和59年,ＲＣ,住宅,,,,,第１種中高層住居専用地域,60.0,200.0,2011年第２四半期,未改装,,6.845098040014257
22013540,中古マンション等,,22132,静岡県,浜松市東区,豊町,浜松,2H?,３ＬＤＫ,65,,,,平成6年,ＲＣ,,,,,,市街化調整区域,60.0,200.0,2018年第１四半期,未改装,調停・競売等,6.6127838567197355
22118769,中古マンション等,,22101,静岡県,静岡市葵区,西千代田町,静岡,30分?60分,３ＬＤＫ,60,,,,昭和64年,ＲＣ,住宅,,,,,第１種中高層住居専用地域,60.0,200.0,2007年第３四半期,未改装,,7.146128035678238
22086303,中古マンション等,,22214,静岡県,藤枝市,前島,藤枝,4,３ＬＤＫ,70,,,,平成10年,ＲＣ,住宅,住宅,,,,近隣商業地域,80.0,300.0,2014年第４四半期,未改装,,7.079181246047625
22057211,中古マンション等,,22131,静岡県,浜松市中区,助信町,八幡(静岡),4,４ＬＤＫ,90,,,,平成16年,ＲＣ,住宅,,,,,商業地域,80.0,400.0,2010年第３四半期,未改装,,7.477121254719663
22012478,中古マンション等,,22132,静岡県,浜松市東区,上西町,浜松,30分?60分,４ＬＤＫ,90,,,,平成15年,ＲＣ,住宅,住宅,,,,工業地域,60.0,200.0,2016年第３四半期,未改装,,7.342422680822207
22083161,中古マンション等,,22132,静岡県,浜松市東区,笠井新田町,浜松,2H?,３ＬＤＫ,65,,,,平成4年,ＳＲＣ,住宅,,,,,市街化調整区域,60.0,200.0,2013年第２四半期,未改装,,6.929418925714293
22001166,中古マンション等,,22101,静岡県,静岡市葵区,駒形通,静岡,15,１ＬＤＫ,55,,,,平成10年,ＳＲＣ,,住宅,,,,商業地域,80.0,400.0,2018年第１四半期,,,7.278753600952829
22118262,中古マンション等,,22101,静岡県,静岡市葵区,駒形通,静岡,16,２ＬＤＫ,80,,,,平成10年,ＲＣ,住宅,,,,,商業地域,80.0,400.0,2007年第１四半期,改装済,,7.447158031342219
22013773,中古マンション等,,22133,静岡県,浜松市西区,入野町,浜松,1H?1H30,１Ｒ,20,,,,平成2年,,,住宅,,,,工業地域,60.0,200.0,2017年第４四半期,未改装,,6.079181246047625
22008576,中古マンション等,,22131,静岡県,浜松市中区,板屋町,浜松,6,３ＬＤＫ,80,,,,平成18年,ＳＲＣ,住宅,住宅,,,,商業地域,80.0,400.0,2016年第３四半期,未改装,,7.477121254719663
22038400,中古マンション等,,22214,静岡県,藤枝市,駅前,藤枝,4,１ＬＤＫ,65,,,,,ＲＣ,住宅,住宅,,,,商業地域,80.0,400.0,2016年第２四半期,未改装,,7.380211241711606
22069623,中古マンション等,,22131,静岡県,浜松市中区,葵西,浜松,1H30?2H,３ＬＤＫ,65,,,,平成5年,ＳＲＣ,住宅,,,,,第１種住居地域,60.0,200.0,2012年第２四半期,未改装,,6.949390006644912
22011787,中古マンション等,,22131,静岡県,浜松市中区,和地山,浜松,30分?60分,２ＤＫ,40,,,,昭和49年,ＳＲＣ,住宅,住宅,,,,近隣商業地域,80.0,200.0,2016年第４四半期,改装済,,6.5910646070264995
22020435,中古マンション等,,22203,静岡県,沼津市,大岡,沼津,1H?1H30,３ＬＤＫ,60,,,,平成11年,ＲＣ,住宅,住宅,,,,第２種中高層住居専用地域,60.0,150.0,2016年第２四半期,改装済,,7.146128035678238
22051603,中古マンション等,,22101,静岡県,静岡市葵区,北安東,静岡,30分?60分,３ＬＤＫ,75,,,,平成22年,ＲＣ,住宅,,,,,第１種中高層住居専用地域,60.0,200.0,2010年第３四半期,改装済,,7.447158031342219
22053745,中古マンション等,,22101,静岡県,静岡市葵区,長沼,東静岡,12,４ＬＤＫ,110,,,,平成15年,ＲＣ,住宅,,,,,第１種住居地域,60.0,200.0,2011年第４四半期,未改装,,7.544068044350276
22020963,中古マンション等,,22203,静岡県,沼津市,志下,沼津,1H?1H30,４ＬＤＫ,95,,,,昭和64年,ＳＲＣ,住宅,その他,,,,第１種住居地域,60.0,200.0,2018年第４四半期,未改装,,6.778151250383644
22063114,中古マンション等,,22203,静岡県,沼津市,上土町,沼津,9,３ＬＤＫ,70,,,,,ＳＲＣ,住宅,住宅,,,,商業地域,80.0,400.0,2014年第３四半期,,,7.079181246047625
22025047,中古マンション等,,22207,静岡県,富士宮市,西町,西富士宮,7,３ＬＤＫ,50,,,,昭和63年,ＲＣ,住宅,住宅,,,,第２種住居地域,60.0,200.0,2020年第１四半期,未改装,,6.477121254719663
22010051,中古マンション等,,22131,静岡県,浜松市中区,高丘東,浜松,1H30?2H,３ＬＤＫ,65,,,,平成5年,ＳＲＣ,,住宅,,,,工業地域,60.0,200.0,2018年第１四半期,改装済,,6.949390006644912
22005527,中古マンション等,,22102,静岡県,静岡市駿河区,宮竹,静岡,30分?60分,３ＬＤＫ,85,,,,平成16年,ＲＣ,住宅,,,,,第２種中高層住居専用地域,60.0,200.0,2016年第２四半期,,,7.2552725051033065
22003140,中古マンション等,,22101,静岡県,静岡市葵区,竜南,静岡,30分?60分,３ＬＤＫ,80,,,,昭和63年,ＲＣ,住宅,住宅,,,,第２種住居地域,60.0,200.0,2019年第４四半期,改装済,,7.176091259055681
22075495,中古マンション等,,22132,静岡県,浜松市東区,宮竹町,浜松,30分?60分,３ＤＫ,55,,,,昭和64年,ＲＣ,住宅,,,,,第１種住居地域,60.0,200.0,2012年第４四半期,,,6.832508912706237
22065170,中古マンション等,,22132,静岡県,浜松市東区,神立町,浜松,30分?60分,,85,,,,平成18年,ＲＣ,住宅,住宅,,,,第１種住居地域,60.0,200.0,2015年第４四半期,,,7.380211241711606
22054314,中古マンション等,,22131,静岡県,浜松市中区,上島,浜松,30分?60分,,85,,,,,ＲＣ,住宅,,,,,第１種中高層住居専用地域,60.0,200.0,2014年第１四半期,,,7.204119982655925
22122141,中古マンション等,,22131,静岡県,浜松市中区,春日町,浜松,30分?60分,３ＬＤＫ,80,,,,平成6年,ＲＣ,住宅,,,,,第１種住居地域,60.0,200.0,2008年第２四半期,改装済,,7.0
22063665,中古マンション等,,22203,静岡県,沼津市,大岡,沼津,16,,60,,,,,ＳＲＣ,住宅,,,,,近隣商業地域,80.0,300.0,2014年第３四半期,,,7.146128035678238
22120468,中古マンション等,,22102,静岡県,静岡市駿河区,南町,静岡,5,１ＬＤＫ,50,,,,平成16年,ＲＣ,住宅,,,,,商業地域,80.0,400.0,2007年第１四半期,未改装,,7.146128035678238
22001516,中古マンション等,,22101,静岡県,静岡市葵区,水道町,静岡,30分?60分,３ＬＤＫ,65,,,,平成8年,ＲＣ,住宅,住宅,,,,準工業地域,60.0,200.0,2017年第１四半期,未改装,,7.146128035678238
22089457,中古マンション等,,22131,静岡県,浜松市中区,上島,浜松,30分?60分,３ＬＤＫ,60,,,,平成6年,ＲＣ,住宅,,,,,第１種住居地域,60.0,200.0,2009年第４四半期,改装済,,7.079181246047625
22057373,中古マンション等,,22103,静岡県,静岡市清水区,千歳町,清水(静岡),16,３ＬＤＫ,80,,,,平成14年,ＳＲＣ,住宅,,,,,商業地域,80.0,400.0,2011年第２四半期,改装済,,7.230448921378274
22050758,中古マンション等,,22101,静岡県,静岡市葵区,大岩,静岡,30分?60分,３ＬＤＫ,75,,,,平成17年,ＲＣ,住宅,住宅,,,,第２種中高層住居専用地域,60.0,200.0,2014年第３四半期,未改装,,7.4623979978989565
22008472,中古マンション等,,22131,静岡県,浜松市中区,池町,浜松,14,,95,,,,平成14年,ＳＲＣ,住宅,住宅,,,,商業地域,80.0,500.0,2017年第３四半期,,,7.361727836017593
22017658,中古マンション等,,22135,静岡県,浜松市北区,三ヶ日町都筑,都筑,24,１ＤＫ,45,,,,平成2年,ＳＲＣ,住宅,住宅,,,,市街化調整区域,60.0,200.0,2019年第３四半期,未改装,,6.653212513775344
22053386,中古マンション等,,22101,静岡県,静岡市葵区,瀬名,静岡,1H30?2H,３ＤＫ,45,,,,昭和47年,ＲＣ,住宅,,,,,第１種中高層住居専用地域,60.0,150.0,2011年第３四半期,未改装,,6.0
22072564,中古マンション等,,22131,静岡県,浜松市中区,西浅田,浜松,23,３ＬＤＫ,60,,,,平成3年,ＳＲＣ,住宅,,,,,近隣商業地域,80.0,300.0,2012年第４四半期,未改装,調停・競売等,6.447158031342219
22085813,中古マンション等,,22211,静岡県,磐田市,一言,磐田,30分?60分,３ＬＤＫ,55,,,,平成5年,ＳＲＣ,住宅,,,,,市街化調整区域,60.0,200.0,2011年第２四半期,改装済,,6.7160033436347994
22064624,中古マンション等,,22102,静岡県,静岡市駿河区,稲川,静岡,6,３ＬＤＫ,70,,,,平成21年,ＲＣ,住宅,,,,,商業地域,80.0,400.0,2012年第４四半期,未改装,,7.477121254719663
22104530,中古マンション等,,22212,静岡県,焼津市,柳新屋,西焼津,7,３ＬＤＫ,65,,,,平成10年,ＲＣ,住宅,,,,,準工業地域,60.0,200.0,2012年第１四半期,改装済,,7.079181246047625
22060084,中古マンション等,,22131,静岡県,浜松市中区,中沢町,浜松,25,２ＬＤＫ,70,,,,平成16年,ＲＣ,住宅,,,,,近隣商業地域,80.0,300.0,2011年第４四半期,未改装,,7.204119982655925
22093973,中古マンション等,,22203,静岡県,沼津市,岡一色,大岡(静岡),13,５ＬＤＫ,95,,,,平成3年,ＳＲＣ,住宅,,,,,第１種住居地域,60.0,200.0,2013年第１四半期,未改装,,7.146128035678238
22062287,中古マンション等,,22131,静岡県,浜松市中区,菅原町,浜松,18,３ＬＤＫ,70,,,,昭和63年,ＲＣ,住宅,住宅,,,,近隣商業地域,80.0,300.0,2015年第４四半期,未改装,,6.880813592280791
22008474,中古マンション等,,22131,静岡県,浜松市中区,池町,浜松,13,２ＬＤＫ,70,,,,平成14年,ＳＲＣ,住宅,住宅,,,,商業地域,80.0,500.0,2016年第２四半期,未改装,,7.361727836017593
22007678,中古マンション等,,22103,静岡県,静岡市清水区,真砂町,清水(静岡),4,２ＬＤＫ,80,,,,平成23年,,住宅,住宅,,,,商業地域,80.0,400.0,2020年第３四半期,未改装,,7.342422680822207
22021315,中古マンション等,,22203,静岡県,沼津市,高沢町,沼津,6,２ＬＤＫ,50,,,,昭和56年,ＲＣ,住宅,住宅,,,,商業地域,80.0,400.0,2016年第３四半期,,,6.623249290397901
22073613,中古マンション等,,22102,静岡県,静岡市駿河区,西中原,静岡,30分?60分,３ＤＫ,70,,,,昭和48年,ＳＲＣ,住宅,,,,,近隣商業地域,80.0,200.0,2013年第１四半期,,,6.477121254719663
22031739,中古マンション等,,22210,静岡県,富士市,水戸島元町,富士,5,３ＤＫ,55,,,,昭和56年,ＳＲＣ,住宅,住宅,,,,商業地域,80.0,400.0,2019年第３四半期,改装済,,6.845098040014257
22034887,中古マンション等,,22212,静岡県,焼津市,駅北,焼津,5,２ＬＤＫ＋Ｓ,65,,,,,ＲＣ,,住宅,,,,第１種住居地域,60.0,200.0,2018年第３四半期,改装済,,6.954242509439325
22001006,中古マンション等,,22101,静岡県,静岡市葵区,北安東,静岡,30分?60分,３ＬＤＫ,75,,,,平成22年,ＲＣ,住宅,住宅,,,,第１種中高層住居専用地域,60.0,200.0,2017年第１四半期,未改装,,7.361727836017593
22033411,中古マンション等,,22211,静岡県,磐田市,立野,豊田町,1,４ＬＤＫ,80,,,,,ＲＣ,住宅,住宅,,,,近隣商業地域,80.0,200.0,2017年第３四半期,未改装,,7.2552725051033065
22008657,中古マンション等,,22131,静岡県,浜松市中区,鍛冶町,浜松,5,１ＬＤＫ,55,,,,平成28年,ＲＣ,住宅,住宅,,,,商業地域,80.0,500.0,2018年第２四半期,未改装,,7.4623979978989565
22057597,中古マンション等,,22102,静岡県,静岡市駿河区,さつき町,静岡,15,２ＬＤＫ,65,,,,,ＳＲＣ,住宅,住宅,,,,準工業地域,60.0,200.0,2015年第１四半期,,,6.913813852383717
22088079,中古マンション等,,22206,静岡県,三島市,加茂川町,三島,19,３ＬＤＫ,70,,,,平成8年,ＳＲＣ,住宅,,,,,第２種住居地域,60.0,200.0,2012年第４四半期,未改装,,7.204119982655925
22075214,中古マンション等,,22132,静岡県,浜松市東区,中野町,浜松,1H?1H30,２ＬＤＫ,55,,,,平成4年,ＲＣ,住宅,,,,,準工業地域,60.0,200.0,2012年第２四半期,未改装,,6.740362689494244
22051628,中古マンション等,,22101,静岡県,静岡市葵区,北安東,静岡,30分?60分,２ＬＤＫ,60,,,,平成7年,ＲＣ,住宅,,,,,第２種中高層住居専用地域,60.0,200.0,2010年第１四半期,改装済,,7.146128035678238
22096408,中古マンション等,,22214,静岡県,藤枝市,駅前,藤枝,6,３ＬＤＫ,70,,,,平成10年,ＳＲＣ,住宅,,,,,商業地域,80.0,400.0,2015年第１四半期,改装済,,7.146128035678238
22002754,中古マンション等,,22101,静岡県,静岡市葵区,本通,静岡,20,１ＬＤＫ,50,,,,平成11年,,,住宅,,,,商業地域,80.0,500.0,2020年第３四半期,未改装,,7.113943352306837
22095147,中古マンション等,,22203,静岡県,沼津市,西沢田,沼津,30分?60分,３ＬＤＫ,75,,,,,ＲＣ,住宅,,,,,工業地域,60.0,200.0,2013年第１四半期,,,7.2552725051033065
22053707,中古マンション等,,22101,静岡県,静岡市葵区,常磐町,静岡,8,１Ｋ,25,,,,平成9年,ＳＲＣ,住宅,,,,,商業地域,80.0,500.0,2011年第２四半期,未改装,,6.770852011642144
22064086,中古マンション等,,22131,静岡県,浜松市中区,山手町,浜松,30分?60分,４ＬＤＫ,100,,,,平成12年,ＲＣ,住宅,住宅,,,,第１種中高層住居専用地域,60.0,200.0,2015年第４四半期,未改装,,7.447158031342219
22122037,中古マンション等,,22131,静岡県,浜松市中区,相生町,浜松,6,２ＬＤＫ,75,,,,平成11年,ＳＲＣ,住宅,,,,,商業地域,80.0,400.0,2007年第２四半期,未改装,,7.301029995663981
22120471,中古マンション等,,22102,静岡県,静岡市駿河区,南町,静岡,,３ＬＤＫ,65,,,,平成11年,,住宅,,,,,,,,2006年第４四半期,未改装,,7.361727836017593
22005105,中古マンション等,,22102,静岡県,静岡市駿河区,曲金,東静岡,6,３ＬＤＫ,85,,,,平成26年,ＲＣ,,住宅,,,,商業地域,80.0,400.0,2017年第４四半期,未改装,,7.531478917042255
22034872,中古マンション等,,22212,静岡県,焼津市,駅北,焼津,5,３ＬＤＫ,75,,,,平成20年,ＳＲＣ,住宅,住宅,,,,第１種住居地域,60.0,200.0,2019年第４四半期,未改装,,7.176091259055681
22089294,中古マンション等,,22206,静岡県,三島市,谷田,三島,30分?60分,３ＬＤＫ,65,,,,平成16年,ＲＣ,住宅,,,,,第１種低層住居専用地域,50.0,80.0,2012年第３四半期,未改装,,7.113943352306837
22009256,中古マンション等,,22131,静岡県,浜松市中区,佐藤,浜松,20,３ＬＤＫ,85,,,,平成21年,ＲＣ,,住宅,,,,商業地域,80.0,400.0,2018年第１四半期,未改装,,7.491361693834273
22023535,中古マンション等,,22206,静岡県,三島市,萩,三島,30分?60分,３ＬＤＫ,75,,,,,ＲＣ,,住宅,,,,第１種中高層住居専用地域,60.0,150.0,2020年第１四半期,,,7.041392685158225
22014651,中古マンション等,,22133,静岡県,浜松市西区,舞阪町弁天島,浜松,2H?,３ＬＤＫ,105,,,,平成21年,ＲＣ,住宅,住宅,,,,第１種住居地域,60.0,200.0,2020年第２四半期,未改装,,7.3979400086720375
22015239,中古マンション等,,22134,静岡県,浜松市南区,恩地町,浜松,30分?60分,３ＬＤＫ,85,,,,昭和57年,ＲＣ,住宅,住宅,,,,第１種住居地域,60.0,200.0,2019年第４四半期,未改装,,6.770852011642144
22094289,中古マンション等,,22132,静岡県,浜松市東区,天王町,天竜川,30分?60分,４ＬＤＫ,85,,,,平成5年,ＲＣ,住宅,,,,,第１種住居地域,60.0,200.0,2009年第４四半期,未改装,,7.146128035678238
22066516,中古マンション等,,22206,静岡県,三島市,萩,三島,30分?60分,３ＬＤＫ＋Ｓ,75,,,,平成9年,ＲＣ,住宅,住宅,,,,第１種中高層住居専用地域,60.0,150.0,2014年第１四半期,未改装,,7.204119982655925
22012627,中古マンション等,,22132,静岡県,浜松市東区,小池町,浜松,1H?1H30,３ＬＤＫ,65,,,,昭和64年,ＲＣ,住宅,住宅,,,,準工業地域,60.0,200.0,2016年第２四半期,改装済,,7.146128035678238
22108142,中古マンション等,,22211,静岡県,磐田市,東新町,磐田,30分?60分,３ＬＤＫ,60,,,,平成8年,ＳＲＣ,住宅,,,,,市街化調整区域,60.0,200.0,2013年第２四半期,未改装,,6.812913356642856
22018311,中古マンション等,,22136,静岡県,浜松市浜北区,貴布祢,浜北,4,１Ｒ,15,,,,平成3年,ＲＣ,住宅,住宅,,,,商業地域,80.0,400.0,2016年第２四半期,未改装,,6.146128035678238
22055663,中古マンション等,,22102,静岡県,静岡市駿河区,曲金,東静岡,8,３ＬＤＫ,85,,,,平成20年,ＲＣ,住宅,,,,,工業地域,60.0,200.0,2011年第３四半期,未改装,,7.518513939877887
22011481,中古マンション等,,22131,静岡県,浜松市中区,龍禅寺町,浜松,18,４ＬＤＫ,80,,,,平成9年,ＲＣ,,住宅,,,,第２種住居地域,60.0,200.0,2020年第１四半期,未改装,,7.176091259055681
22023039,中古マンション等,,22206,静岡県,三島市,加茂川町,三島,20,３ＬＤＫ,70,,,,平成8年,,,住宅,,,,第２種住居地域,60.0,200.0,2019年第１四半期,未改装,,7.176091259055681
22056167,中古マンション等,,22131,静岡県,浜松市中区,山手町,浜松,30分?60分,２ＤＫ,65,,,,昭和48年,ＲＣ,住宅,住宅,,,,第１種中高層住居専用地域,60.0,200.0,2014年第３四半期,未改装,,6.623249290397901
22066439,中古マンション等,,22102,静岡県,静岡市駿河区,宮本町,静岡,16,３ＬＤＫ,100,,,,平成18年,ＲＣ,住宅,,,,,近隣商業地域,80.0,200.0,2012年第１四半期,未改装,,7.556302500767287
22010049,中古マンション等,,22131,静岡県,浜松市中区,高丘東,浜松,1H30?2H,４ＬＤＫ,75,,,,平成5年,ＳＲＣ,住宅,住宅,,,,工業地域,60.0,200.0,2018年第２四半期,未改装,,6.778151250383644
22055934,中古マンション等,,22131,静岡県,浜松市中区,曳馬町,助信,16,４ＬＤＫ,95,,,,平成17年,ＲＣ,住宅,住宅,,,,第１種住居地域,60.0,200.0,2014年第３四半期,未改装,,7.447158031342219
22004135,中古マンション等,,22102,静岡県,静岡市駿河区,新川,静岡,20,,55,,,,平成5年,ＲＣ,,住宅,,,,準工業地域,60.0,200.0,2020年第２四半期,,,6.991226075692495
22064135,中古マンション等,,22131,静岡県,浜松市中区,龍禅寺町,浜松,10,３ＬＤＫ,75,,,,昭和57年,ＲＣ,住宅,住宅,,,,近隣商業地域,80.0,300.0,2015年第３四半期,未改装,,6.812913356642856
22058354,中古マンション等,,22131,静岡県,浜松市中区,三組町,浜松,22,３ＬＤＫ,65,,,,平成16年,ＲＣ,住宅,,,,,第１種住居地域,60.0,200.0,2010年第３四半期,改装済,,7.230448921378274
22009265,中古マンション等,,22131,静岡県,浜松市中区,佐藤,浜松,30分?60分,,75,,,,平成14年,ＳＲＣ,住宅,住宅,,,,第２種住居地域,60.0,200.0,2017年第２四半期,,,7.113943352306837
22061191,中古マンション等,,22101,静岡県,静岡市葵区,東町,静岡,12,３ＬＤＫ,65,,,,平成22年,ＳＲＣ,住宅,,,,,近隣商業地域,80.0,300.0,2012年第２四半期,未改装,,7.447158031342219
22031267,中古マンション等,,22210,静岡県,富士市,平垣町,富士,15,３ＬＤＫ,60,,,,昭和59年,ＲＣ,住宅,住宅,,,,近隣商業地域,80.0,200.0,2019年第１四半期,未改装,,6.653212513775344
22086944,中古マンション等,,22203,静岡県,沼津市,若葉町,沼津,28,４ＬＤＫ,70,,,,昭和63年,ＳＲＣ,住宅,,,,,第１種住居地域,60.0,200.0,2012年第２四半期,改装済,,7.079181246047625
22074425,中古マンション等,,22102,静岡県,静岡市駿河区,南町,静岡,5,３ＬＤＫ,65,,,,平成16年,ＲＣ,住宅,,,,,商業地域,80.0,400.0,2013年第３四半期,未改装,,7.3979400086720375
22021793,中古マンション等,,22203,静岡県,沼津市,東椎路,沼津,30分?60分,４ＬＤＫ,80,,,,平成3年,ＲＣ,,その他,,,,第２種中高層住居専用地域,60.0,150.0,2019年第４四半期,未改装,調停・競売等,6.819543935541868
22120009,中古マンション等,,22102,静岡県,静岡市駿河区,中田,静岡,25,３ＬＤＫ,75,,,,平成15年,ＲＣ,住宅,,,,,第２種中高層住居専用地域,60.0,200.0,2008年第２四半期,未改装,,7.361727836017593
22064453,中古マンション等,,22134,静岡県,浜松市南区,東若林町,浜松,30分?60分,１Ｋ,15,,,,平成2年,ＲＣ,住宅,,,,,第１種住居地域,60.0,200.0,2011年第２四半期,未改装,調停・競売等,5.8750612633917
22107318,中古マンション等,,22214,静岡県,藤枝市,田沼,藤枝,9,２ＬＤＫ,75,,,,,ＲＣ,住宅,,,,,第２種住居地域,60.0,150.0,2012年第２四半期,未改装,,7.3222192947339195
22102551,中古マンション等,,22203,静岡県,沼津市,旭町,沼津,18,３ＬＤＫ,60,,,,昭和64年,ＲＣ,住宅,,,,,近隣商業地域,80.0,200.0,2009年第３四半期,未改装,,6.903089986991944
22001305,中古マンション等,,22101,静岡県,静岡市葵区,七間町,静岡,10,３ＬＤＫ,90,,,,平成27年,ＲＣ,住宅,住宅,,,,商業地域,80.0,600.0,2016年第２四半期,,,7.662757831681574
22059378,中古マンション等,,22131,静岡県,浜松市中区,住吉,浜松,30分?60分,３ＬＤＫ,60,,,,昭和50年,ＳＲＣ,住宅,,,,,第２種住居地域,60.0,200.0,2011年第４四半期,改装済,,6.690196080028514
22029522,中古マンション等,,22210,静岡県,富士市,今泉,吉原,30分?60分,３ＬＤＫ,70,,,,平成18年,ＲＣ,住宅,住宅,,,,工業地域,60.0,200.0,2019年第３四半期,改装済,,7.380211241711606
22077789,中古マンション等,,22211,静岡県,磐田市,立野,豊田町,1,３ＬＤＫ,70,,,,,ＳＲＣ,住宅,住宅,,,,近隣商業地域,80.0,200.0,2014年第２四半期,未改装,,7.113943352306837
22056343,中古マンション等,,22131,静岡県,浜松市中区,和合町,浜松,1H?1H30,３ＬＤＫ,80,,,,平成17年,ＲＣ,住宅,住宅,,,,第１種低層住居専用地域,40.0,60.0,2014年第４四半期,改装済,,7.176091259055681
22076470,中古マンション等,,22103,静岡県,静岡市清水区,千歳町,清水(静岡),14,４ＬＤＫ,90,,,,平成8年,ＲＣ,住宅,,,,,近隣商業地域,80.0,300.0,2013年第４四半期,改装済,,7.204119982655925
22126424,中古マンション等,,22206,静岡県,三島市,大社町,三島,16,３ＬＤＫ,75,,,,平成4年,ＲＣ,住宅,,,,,近隣商業地域,80.0,200.0,2008年第２四半期,未改装,,7.3979400086720375
22062019,中古マンション等,,22131,静岡県,浜松市中区,佐藤,浜松,30分?60分,３ＬＤＫ,75,,,,平成14年,ＳＲＣ,住宅,住宅,,,,第２種住居地域,60.0,200.0,2015年第３四半期,未改装,,7.278753600952829
22063838,中古マンション等,,22203,静岡県,沼津市,岡一色,大岡(静岡),13,４ＬＤＫ,80,,,,平成3年,ＳＲＣ,住宅,,,,,第１種住居地域,60.0,200.0,2014年第３四半期,未改装,,7.041392685158225
22073973,中古マンション等,,22207,静岡県,富士宮市,源道寺町,源道寺,1,３ＬＤＫ,60,,,,平成4年,ＳＲＣ,住宅,,,,,,,,2011年第３四半期,未改装,,6.57978359661681
22003375,中古マンション等,,22102,静岡県,静岡市駿河区,石田,静岡,21,３ＬＤＫ,65,,,,平成26年,ＲＣ,,住宅,,,,近隣商業地域,80.0,300.0,2018年第４四半期,未改装,,7.447158031342219
22074424,中古マンション等,,22102,静岡県,静岡市駿河区,南町,静岡,5,１Ｋ,35,,,,昭和55年,ＳＲＣ,店舗,,,,,商業地域,80.0,400.0,2013年第４四半期,未改装,,6.477121254719663
22001190,中古マンション等,,22101,静岡県,静岡市葵区,幸町,静岡,26,２ＬＤＫ,50,,,,昭和60年,,,住宅,,,,近隣商業地域,80.0,300.0,2019年第１四半期,,,6.698970004336019
22086503,中古マンション等,,22103,静岡県,静岡市清水区,草薙,草薙(ＪＲ),4,２ＬＤＫ,85,,,,昭和64年,ＲＣ,住宅,,,,,第１種中高層住居専用地域,60.0,200.0,2009年第２四半期,改装済,,7.3222192947339195
22002751,中古マンション等,,22101,静岡県,静岡市葵区,平和,静岡,30分?60分,２ＬＤＫ,65,,,,平成4年,ＲＣ,住宅,住宅,,,,準工業地域,60.0,200.0,2016年第２四半期,改装済,,7.041392685158225
22078877,中古マンション等,,22131,静岡県,浜松市中区,鴨江,浜松,20,２ＬＤＫ,80,,,,,ＲＣ,住宅,,,,,第２種中高層住居専用地域,60.0,200.0,2013年第４四半期,未改装,,7.361727836017593
22058548,中古マンション等,,22131,静岡県,浜松市中区,板屋町,浜松,4,３ＬＤＫ,75,,,,平成22年,ＲＣ,住宅,,,,,商業地域,80.0,400.0,2011年第４四半期,未改装,,7.556302500767287
22024652,中古マンション等,,22207,静岡県,富士宮市,小泉,源道寺,9,３ＬＤＫ,70,,,,平成4年,ＲＣ,,住宅,,,,第１種住居地域,60.0,200.0,2020年第３四半期,改装済,,6.845098040014257
22022946,中古マンション等,,22206,静岡県,三島市,梅名,大場,21,１ＤＫ,20,,,,昭和64年,,,住宅,,,,第２種中高層住居専用地域,60.0,200.0,2018年第１四半期,,,6.477121254719663
22054533,中古マンション等,,22101,静岡県,静岡市葵区,上土,静岡,1H?1H30,３ＬＤＫ,70,,,,平成9年,ＲＣ,住宅,住宅,,,,第１種住居地域,60.0,200.0,2015年第１四半期,未改装,,7.176091259055681
22051439,中古マンション等,,22101,静岡県,静岡市葵区,春日,静岡,18,３ＬＤＫ,70,,,,平成13年,ＲＣ,住宅,,,,,第１種住居地域,60.0,200.0,2010年第１四半期,未改装,,7.230448921378274
22079350,中古マンション等,,22131,静岡県,浜松市中区,佐鳴台,浜松,30分?60分,４ＬＤＫ＋Ｓ,85,,,,平成7年,ＲＣ,住宅,,,,,第２種中高層住居専用地域,60.0,200.0,2013年第４四半期,未改装,,7.041392685158225
22072623,中古マンション等,,22131,静岡県,浜松市中区,西伊場町,浜松,30分?60分,３ＬＤＫ,65,,,,昭和58年,ＲＣ,住宅,,,,,第１種中高層住居専用地域,60.0,200.0,2012年第１四半期,未改装,,6.681241237375588
22020620,中古マンション等,,22203,静岡県,沼津市,岡一色,沼津,30分?60分,２ＬＤＫ,50,,,,平成7年,,住宅,住宅,,,,第１種住居地域,60.0,200.0,2019年第４四半期,未改装,,6.724275869600789
22060869,中古マンション等,,22131,静岡県,浜松市中区,和合町,浜松,1H?1H30,３ＬＤＫ,65,,,,平成7年,ＲＣ,住宅,,,,,第１種住居地域,60.0,200.0,2011年第３四半期,未改装,,6.991226075692495
22020553,中古マンション等,,22203,静岡県,沼津市,大手町,沼津,7,２ＬＤＫ,65,,,,昭和64年,鉄骨造,住宅,住宅,,,,商業地域,80.0,400.0,2017年第３四半期,改装済,,6.6020599913279625
22012749,中古マンション等,,22132,静岡県,浜松市東区,篠ケ瀬町,浜松,1H?1H30,３ＬＤＫ,70,,,,平成10年,ＲＣ,住宅,住宅,,,,近隣商業地域,80.0,300.0,2016年第３四半期,未改装,調停・競売等,6.892094602690481
22023880,中古マンション等,,22206,静岡県,三島市,南町,三島,23,３ＬＤＫ,70,,,,平成16年,,,住宅,,,,第２種住居地域,60.0,200.0,2017年第３四半期,未改装,,7.278753600952829
22020172,中古マンション等,,22203,静岡県,沼津市,江原町,沼津,25,３ＬＤＫ,65,,,,平成22年,ＲＣ,住宅,住宅,,,,近隣商業地域,80.0,300.0,2018年第４四半期,未改装,,6.954242509439325
22017444,中古マンション等,,22135,静岡県,浜松市北区,三ヶ日町大崎,都筑,30分?60分,１ＬＤＫ,40,,,,昭和61年,,住宅,住宅,,,,市街化調整区域,60.0,200.0,2019年第３四半期,改装済,,6.653212513775344
22062013,中古マンション等,,22131,静岡県,浜松市中区,佐藤,浜松,19,３ＬＤＫ,75,,,,平成22年,ＲＣ,住宅,住宅,,,,商業地域,80.0,400.0,2015年第４四半期,未改装,,7.414973347970818
22088490,中古マンション等,,22210,静岡県,富士市,吉原,富士,30分?60分,３ＬＤＫ,60,,,,平成5年,ＳＲＣ,住宅,住宅,,,,商業地域,80.0,400.0,2015年第３四半期,未改装,,7.301029995663981
22023601,中古マンション等,,22206,静岡県,三島市,東本町,三島,19,,65,,,,,ＲＣ,,住宅,,,,第１種住居地域,60.0,200.0,2020年第２四半期,改装済,,7.301029995663981
22065288,中古マンション等,,22203,静岡県,沼津市,桃里,原(静岡),30分?60分,３ＬＤＫ,60,,,,平成6年,ＲＣ,住宅,住宅,,,,市街化調整区域,60.0,200.0,2014年第４四半期,未改装,,6.8750612633917
22052603,中古マンション等,,22103,静岡県,静岡市清水区,江尻東,清水(静岡),4,,75,,,,平成19年,ＲＣ,住宅,,,,,商業地域,80.0,400.0,2014年第１四半期,,,7.361727836017593
22031743,中古マンション等,,22210,静岡県,富士市,水戸島元町,富士,5,１ＬＤＫ,50,,,,昭和56年,ＳＲＣ,,住宅,,,,商業地域,80.0,400.0,2019年第１四半期,,,6.892094602690481
22068500,中古マンション等,,22103,静岡県,静岡市清水区,七ツ新屋,草薙(ＪＲ),16,４ＬＤＫ,90,,,,平成17年,ＲＣ,住宅,,,,,近隣商業地域,80.0,200.0,2012年第４四半期,改装済,,7.380211241711606
22125681,中古マンション等,,22203,静岡県,沼津市,下河原町,沼津,20,３ＬＤＫ,55,,,,昭和63年,ＲＣ,住宅,,,,,近隣商業地域,80.0,300.0,2008年第３四半期,改装済,,6.949390006644912
22122619,中古マンション等,,22131,静岡県,浜松市中区,寺島町,浜松,11,１Ｋ,20,,,,昭和64年,ＲＣ,住宅,,,,,近隣商業地域,80.0,300.0,2007年第３四半期,未改装,,6.477121254719663
22062601,中古マンション等,,22131,静岡県,浜松市中区,高丘北,浜松,1H30?2H,,105,,,,,ＲＣ,住宅,,,,,第１種住居地域,60.0,200.0,2015年第３四半期,,,6.903089986991944
22033752,中古マンション等,,22211,静岡県,磐田市,中泉,磐田,2,３ＬＤＫ,75,,,,平成19年,ＲＣ,住宅,住宅,,,,商業地域,80.0,400.0,2020年第２四半期,未改装,,7.3222192947339195
22011201,中古マンション等,,22131,静岡県,浜松市中区,曳馬,曳馬,7,,90,,,,平成12年,ＲＣ,住宅,住宅,,,,第１種住居地域,60.0,200.0,2017年第２四半期,,,7.301029995663981
22020338,中古マンション等,,22203,静岡県,沼津市,大岡,沼津,30分?60分,３ＬＤＫ,65,,,,平成9年,ＲＣ,住宅,住宅,,,,第２種中高層住居専用地域,60.0,150.0,2018年第１四半期,改装済,,7.146128035678238
22064288,中古マンション等,,22203,静岡県,沼津市,下香貫,沼津,30分?60分,３ＬＤＫ,70,,,,,ＲＣ,住宅,住宅,,,,第１種住居地域,60.0,200.0,2014年第４四半期,未改装,,6.812913356642856
22065109,中古マンション等,,22132,静岡県,浜松市東区,小池町,自動車学校前,3,３ＬＤＫ,70,,,,,ＲＣ,住宅,住宅,,,,準工業地域,60.0,200.0,2015年第１四半期,未改装,,7.113943352306837
22020941,中古マンション等,,22203,静岡県,沼津市,三枚橋町,沼津,5,３ＬＤＫ,75,,,,平成21年,ＲＣ,住宅,その他,,,,近隣商業地域,80.0,300.0,2018年第１四半期,未改装,,7.2552725051033065
22095179,中古マンション等,,22133,静岡県,浜松市西区,入野町,高塚,21,３ＬＤＫ,75,,,,平成3年,ＳＲＣ,住宅,,,,,第１種住居地域,60.0,200.0,2009年第２四半期,未改装,,7.176091259055681
22060540,中古マンション等,,22103,静岡県,静岡市清水区,松原町,新清水,9,２ＬＤＫ,70,,,,平成18年,ＲＣ,住宅,住宅,,,,商業地域,80.0,400.0,2015年第２四半期,未改装,,7.176091259055681
22003632,中古マンション等,,22102,静岡県,静岡市駿河区,小黒,静岡,20,３ＬＤＫ,55,,,,昭和63年,ＲＣ,住宅,住宅,,,,準工業地域,60.0,200.0,2016年第２四半期,未改装,,6.982271233039568
22111379,中古マンション等,,22210,静岡県,富士市,平垣・十兵衛・上横割・下横割,富士,13,３ＬＤＫ,70,,,,平成10年,ＲＣ,住宅,,,,,第２種住居地域,60.0,200.0,2009年第２四半期,未改装,,7.079181246047625
22000786,中古マンション等,,22101,静岡県,静岡市葵区,川合,静岡,1H?1H30,３ＬＤＫ,70,,,,昭和64年,ＲＣ,住宅,住宅,,,,第２種住居地域,60.0,200.0,2016年第３四半期,改装済,,6.929418925714293
22070278,中古マンション等,,22203,静岡県,沼津市,西島町,沼津,30分?60分,３ＬＤＫ,70,,,,平成4年,ＳＲＣ,住宅,,,,,準工業地域,60.0,200.0,2011年第２四半期,改装済,調停・競売等,6.903089986991944
22121468,中古マンション等,,22103,静岡県,静岡市清水区,千歳町,清水(静岡),18,２ＬＤＫ,65,,,,平成19年,ＲＣ,住宅,,,,,商業地域,80.0,400.0,2007年第３四半期,未改装,,7.342422680822207
22122761,中古マンション等,,22131,静岡県,浜松市中区,布橋,浜松,30分?60分,１Ｋ,15,,,,昭和61年,ＲＣ,住宅,,,,,第１種住居地域,60.0,200.0,2008年第２四半期,改装済,,6.2552725051033065
22129162,中古マンション等,,22210,静岡県,富士市,宮島,富士,24,３ＬＤＫ,65,,,,平成19年,ＲＣ,住宅,,,,,第１種住居地域,60.0,200.0,2007年第３四半期,未改装,,7.3979400086720375
22039060,中古マンション等,,22214,静岡県,藤枝市,駿河台,藤枝,26,３ＬＤＫ,65,,,,,ＲＣ,,住宅,,,,第１種中高層住居専用地域,60.0,200.0,2020年第２四半期,未改装,,6.991226075692495
22073121,中古マンション等,,22206,静岡県,三島市,南二日町,三島,30分?60分,４ＬＤＫ,80,,,,平成10年,ＳＲＣ,住宅,,,,,工業地域,60.0,200.0,2011年第３四半期,未改装,,7.301029995663981
22005087,中古マンション等,,22102,静岡県,静岡市駿河区,曲金,東静岡,3,２ＬＤＫ,105,,,,平成22年,ＲＣ,住宅,住宅,,,,商業地域,80.0,500.0,2018年第３四半期,未改装,,7.672097857935717
22077993,中古マンション等,,22101,静岡県,静岡市葵区,大岩,静岡,30分?60分,２ＬＤＫ,55,,,,昭和50年,ＲＣ,住宅,,,,,第１種住居地域,60.0,200.0,2009年第１四半期,未改装,,6.698970004336019
22021129,中古マンション等,,22203,静岡県,沼津市,庄栄町,沼津,10,,110,,,,平成4年,ＳＲＣ,住宅,住宅,,,,準住居地域,60.0,200.0,2018年第３四半期,改装済,,7.113943352306837
22088727,中古マンション等,,22211,静岡県,磐田市,今之浦,磐田,21,１ＤＫ,20,,,,昭和62年,鉄骨造,住宅,住宅,,,,第１種住居地域,60.0,200.0,2015年第１四半期,,,6.3979400086720375
22069840,中古マンション等,,22135,静岡県,浜松市北区,三ヶ日町大崎,都筑,30分?60分,１ＤＫ,45,,,,平成2年,ＳＲＣ,住宅,住宅,,,,市街化調整区域,60.0,200.0,2015年第３四半期,未改装,,6.7160033436347994
22067416,中古マンション等,,22203,静岡県,沼津市,三園町,沼津,24,３ＬＤＫ,85,,,,平成4年,ＲＣ,住宅,,,,,近隣商業地域,80.0,300.0,2010年第２四半期,未改装,,7.146128035678238
22008788,中古マンション等,,22131,静岡県,浜松市中区,上島,浜松,1H?1H30,３ＬＤＫ,70,,,,平成10年,ＲＣ,住宅,住宅,,,,第１種住居地域,60.0,200.0,2017年第３四半期,改装済,,7.3979400086720375
22107191,中古マンション等,,22210,静岡県,富士市,吉原,吉原本町,11,３ＬＤＫ,60,,,,平成5年,ＳＲＣ,住宅,,,,,商業地域,80.0,400.0,2013年第４四半期,未改装,,6.929418925714293
22094399,中古マンション等,,22203,静岡県,沼津市,三枚橋町,沼津,5,２ＬＤＫ,85,,,,平成21年,ＲＣ,住宅,,,,,近隣商業地域,80.0,300.0,2013年第１四半期,改装済,,7.477121254719663
22017702,中古マンション等,,22135,静岡県,浜松市北区,三ヶ日町都筑,都筑,30分?60分,１Ｋ,25,,,,,ＳＲＣ,住宅,住宅,,,,市街化調整区域,60.0,200.0,2017年第２四半期,未改装,,4.477121254719663
22000343,中古マンション等,,22101,静岡県,静岡市葵区,大岩,静岡,30分?60分,３ＬＤＫ,70,,,,平成17年,ＲＣ,,住宅,,,,第２種中高層住居専用地域,60.0,200.0,2020年第１四半期,未改装,,7.447158031342219
22083912,中古マンション等,,22132,静岡県,浜松市東区,天王町,天竜川,30分?60分,３ＬＤＫ,70,,,,平成5年,ＳＲＣ,住宅,,,,,第１種住居地域,60.0,200.0,2013年第２四半期,改装済,,7.113943352306837
22078878,中古マンション等,,22131,静岡県,浜松市中区,鴨江,浜松,28,１Ｋ,15,,,,昭和63年,ＲＣ,住宅,,,,,第１種中高層住居専用地域,60.0,200.0,2013年第４四半期,未改装,,6.2552725051033065
22080413,中古マンション等,,22131,静岡県,浜松市中区,中央,浜松,8,４ＬＤＫ,80,,,,,ＲＣ,住宅,,,,,商業地域,80.0,400.0,2013年第２四半期,未改装,,7.380211241711606
22012624,中古マンション等,,22132,静岡県,浜松市東区,小池町,浜松,1H?1H30,３ＬＤＫ,95,,,,平成4年,ＲＣ,住宅,住宅,,,,準工業地域,60.0,200.0,2016年第３四半期,未改装,,7.113943352306837
22074451,中古マンション等,,22132,静岡県,浜松市東区,上西町,浜松,30分?60分,３ＬＤＫ,80,,,,平成15年,ＲＣ,住宅,,,,,工業地域,60.0,200.0,2012年第２四半期,改装済,,7.361727836017593
22070073,中古マンション等,,22135,静岡県,浜松市北区,三ヶ日町都筑,都筑,20,１ＬＤＫ,50,,,,平成2年,ＳＲＣ,住宅,住宅,,,,市街化調整区域,60.0,200.0,2015年第１四半期,未改装,,6.477121254719663
22076471,中古マンション等,,22103,静岡県,静岡市清水区,千歳町,清水(静岡),13,４ＬＤＫ,95,,,,昭和62年,ＳＲＣ,住宅,,,,,商業地域,80.0,400.0,2013年第４四半期,改装済,,7.041392685158225
22030374,中古マンション等,,22210,静岡県,富士市,新橋町,吉原,30分?60分,３ＬＤＫ,85,,,,平成20年,ＳＲＣ,住宅,住宅,,,,工業地域,60.0,200.0,2019年第３四半期,改装済,,7.230448921378274
22103093,中古マンション等,,22203,静岡県,沼津市,大岡,沼津,18,３ＬＤＫ,55,,,,昭和58年,ＲＣ,住宅,,,,,準工業地域,60.0,200.0,2009年第１四半期,未改装,,6.959041392321094
22008396,中古マンション等,,22131,静岡県,浜松市中区,葵東,浜松,1H30?2H,３ＬＤＫ,65,,,,平成11年,ＲＣ,住宅,住宅,,,,近隣商業地域,80.0,300.0,2016年第２四半期,改装済,,7.146128035678238
22123351,中古マンション等,,22132,静岡県,浜松市東区,天王町,浜松,1H?1H30,３ＬＤＫ,65,,,,平成2年,ＲＣ,住宅,,,,,第１種住居地域,60.0,200.0,2008年第２四半期,改装済,,7.041392685158225
22009597,中古マンション等,,22131,静岡県,浜松市中区,助信町,浜松,29,３ＬＤＫ,70,,,,平成21年,ＲＣ,住宅,住宅,,,,第１種住居地域,60.0,200.0,2020年第１四半期,未改装,,7.3979400086720375
22061507,中古マンション等,,22132,静岡県,浜松市東区,上西町,浜松,30分?60分,３ＬＤＫ,70,,,,平成15年,ＲＣ,住宅,,,,,工業地域,60.0,200.0,2011年第２四半期,未改装,,7.176091259055681
22009035,中古マンション等,,22131,静岡県,浜松市中区,鴨江,浜松,20,２ＬＤＫ,80,,,,平成15年,ＲＣ,住宅,住宅,,,,第２種中高層住居専用地域,60.0,200.0,2016年第３四半期,未改装,,7.361727836017593
22086502,中古マンション等,,22103,静岡県,静岡市清水区,草薙,草薙(ＪＲ),4,４ＬＤＫ,90,,,,昭和64年,ＲＣ,住宅,,,,,第１種中高層住居専用地域,60.0,200.0,2009年第２四半期,未改装,,7.301029995663981
22105606,中古マンション等,,22206,静岡県,三島市,加茂川町,三島,16,３ＬＤＫ,70,,,,平成8年,ＳＲＣ,住宅,,,,,第２種住居地域,60.0,200.0,2009年第２四半期,未改装,,7.204119982655925
22002852,中古マンション等,,22101,静岡県,静岡市葵区,緑町,静岡,29,４ＬＤＫ,85,,,,平成21年,ＲＣ,,住宅,,,,第１種中高層住居専用地域,60.0,200.0,2018年第２四半期,,,7.4623979978989565
22014713,中古マンション等,,22133,静岡県,浜松市西区,舞阪町弁天島,弁天島,2,１ＤＫ,35,,,,昭和51年,ＳＲＣ,住宅,住宅,,,,商業地域,80.0,400.0,2017年第１四半期,,,6.3979400086720375
22030479,中古マンション等,,22210,静岡県,富士市,中央町,富士,30分?60分,２ＬＤＫ,65,,,,平成16年,ＲＣ,住宅,住宅,,,,商業地域,80.0,400.0,2019年第２四半期,未改装,,7.204119982655925
22021872,中古マンション等,,22203,静岡県,沼津市,平町,沼津,11,４ＬＤＫ,90,,,,平成9年,ＳＲＣ,住宅,住宅,,,,近隣商業地域,60.0,300.0,2018年第３四半期,未改装,,7.2552725051033065
22099912,中古マンション等,,22135,静岡県,浜松市北区,三ヶ日町都筑,都筑,23,１ＬＤＫ,50,,,,平成2年,ＳＲＣ,住宅,,,,,市街化調整区域,60.0,200.0,2009年第４四半期,未改装,,6.7160033436347994
22007744,中古マンション等,,22103,静岡県,静岡市清水区,万世町,新清水,6,４ＬＤＫ,80,,,,平成9年,,住宅,住宅,,,,,,,2018年第４四半期,未改装,,7.113943352306837
22012560,中古マンション等,,22132,静岡県,浜松市東区,小池町,自動車学校前,3,３ＬＤＫ,70,,,,平成7年,ＲＣ,住宅,住宅,,,,準工業地域,60.0,200.0,2016年第２四半期,改装済,,7.146128035678238
22064553,中古マンション等,,22203,静岡県,沼津市,高沢町,沼津,5,２ＬＤＫ,70,,,,,ＲＣ,住宅,,,,,商業地域,80.0,400.0,2014年第１四半期,未改装,,7.301029995663981
22011176,中古マンション等,,22131,静岡県,浜松市中区,曳馬,浜松,30分?60分,,70,,,,平成19年,ＲＣ,住宅,住宅,,,,第１種住居地域,60.0,200.0,2017年第３四半期,,,7.230448921378274
22000740,中古マンション等,,22101,静岡県,静岡市葵区,唐瀬,静岡,1H?1H30,３ＬＤＫ,70,,,,平成16年,ＲＣ,住宅,住宅,,,,第１種住居地域,60.0,200.0,2016年第３四半期,改装済,,7.380211241711606
22004720,中古マンション等,,22102,静岡県,静岡市駿河区,中吉田,草薙(ＪＲ),16,３ＬＤＫ,70,,,,平成29年,ＲＣ,住宅,住宅,,,,工業地域,60.0,200.0,2017年第３四半期,,,7.505149978319906
22001129,中古マンション等,,22101,静岡県,静岡市葵区,呉服町,静岡,11,２ＬＤＫ,130,,,,平成26年,,住宅,住宅,,,,商業地域,80.0,600.0,2020年第２四半期,改装済,,8.278753600952829
22056180,中古マンション等,,22131,静岡県,浜松市中区,山手町,浜松,30分?60分,３ＬＤＫ,70,,,,,ＳＲＣ,住宅,,,,,第１種中高層住居専用地域,60.0,200.0,2014年第１四半期,未改装,,7.041392685158225
22073711,中古マンション等,,22203,静岡県,沼津市,岡一色,大岡(静岡),19,４ＬＤＫ,85,,,,平成11年,ＲＣ,住宅,住宅,,,,第２種中高層住居専用地域,60.0,150.0,2015年第１四半期,改装済,,7.2552725051033065
22069828,中古マンション等,,22135,静岡県,浜松市北区,三ヶ日町大崎,都筑,30分?60分,２ＬＤＫ,80,,,,平成2年,ＳＲＣ,住宅,住宅,,,,市街化調整区域,60.0,200.0,2015年第４四半期,未改装,,6.230448921378274
22005318,中古マンション等,,22102,静岡県,静岡市駿河区,丸子新田,安倍川,21,,65,,,,平成16年,ＲＣ,住宅,,,,,準工業地域,60.0,200.0,2017年第２四半期,,,7.041392685158225
22001178,中古マンション等,,22101,静岡県,静岡市葵区,駒形通,静岡,15,４ＬＤＫ,80,,,,平成10年,ＳＲＣ,住宅,住宅,,,,商業地域,80.0,400.0,2016年第４四半期,未改装,,7.3979400086720375
22076518,中古マンション等,,22103,静岡県,静岡市清水区,辻,清水(静岡),3,３ＬＤＫ,75,,,,平成13年,ＳＲＣ,住宅,,,,,商業地域,80.0,500.0,2013年第４四半期,未改装,,7.2552725051033065
22104132,中古マンション等,,22203,静岡県,沼津市,西島町,沼津,29,,65,,,,平成18年,ＲＣ,住宅,,,,,準工業地域,60.0,200.0,2009年第３四半期,,,7.204119982655925
22098021,中古マンション等,,22206,静岡県,三島市,萩,三島,30分?60分,１ＬＤＫ,65,,,,平成6年,ＲＣ,住宅,,,,,第１種中高層住居専用地域,60.0,200.0,2013年第１四半期,改装済,,6.991226075692495
22113198,中古マンション等,,22212,静岡県,焼津市,駅北,焼津,1,１ＤＫ＋Ｓ,40,,,,平成4年,ＳＲＣ,住宅,,,,,商業地域,80.0,400.0,2009年第１四半期,未改装,,6.929418925714293
22009034,中古マンション等,,22131,静岡県,浜松市中区,鴨江,浜松,30分?60分,１ＬＤＫ,50,,,,昭和50年,ＲＣ,住宅,住宅,,,,第２種中高層住居専用地域,60.0,200.0,2016年第３四半期,改装済,,6.8750612633917
22103605,中古マンション等,,22203,静岡県,沼津市,志下,沼津,30分?60分,３ＤＫ,55,,,,平成5年,ＲＣ,住宅,,,,,準工業地域,60.0,200.0,2009年第２四半期,改装済,,6.897627091290442
22017752,中古マンション等,,22135,静岡県,浜松市北区,三ヶ日町都筑,東都筑,23,３ＬＤＫ,125,,,,平成2年,ＳＲＣ,住宅,住宅,,,,市街化調整区域,60.0,200.0,2016年第２四半期,未改装,,7.146128035678238
22058442,中古マンション等,,22131,静岡県,浜松市中区,元浜町,浜松,14,３ＬＤＫ,85,,,,平成20年,ＲＣ,住宅,,,,,商業地域,80.0,500.0,2010年第１四半期,未改装,,7.361727836017593
22052137,中古マンション等,,22102,静岡県,静岡市駿河区,馬渕,静岡,12,２ＬＤＫ,60,,,,昭和59年,ＲＣ,住宅,住宅,,,,近隣商業地域,80.0,200.0,2014年第２四半期,未改装,,6.949390006644912
22010628,中古マンション等,,22131,静岡県,浜松市中区,中島,浜松,16,１Ｋ,20,,,,平成3年,ＲＣ,,住宅,,,,近隣商業地域,80.0,200.0,2019年第１四半期,改装済,,6.2552725051033065
22010499,中古マンション等,,22131,静岡県,浜松市中区,富塚町,浜松,30分?60分,４ＬＤＫ,100,,,,平成5年,ＲＣ,住宅,住宅,,,,第１種低層住居専用地域,40.0,60.0,2017年第２四半期,未改装,,7.041392685158225
22058180,中古マンション等,,22102,静岡県,静岡市駿河区,中原,静岡,25,３ＬＤＫ,80,,,,,ＲＣ,住宅,住宅,,,,準工業地域,60.0,200.0,2015年第１四半期,未改装,,7.361727836017593
22060692,中古マンション等,,22133,静岡県,浜松市西区,舞阪町弁天島,弁天島,7,１ＤＫ,35,,,,平成3年,ＲＣ,住宅,,,,,第１種住居地域,60.0,200.0,2010年第３四半期,改装済,,6.3979400086720375
22012316,中古マンション等,,22132,静岡県,浜松市東区,笠井新田町,浜松,2H?,４ＬＤＫ,75,,,,平成4年,ＳＲＣ,住宅,,,,,市街化調整区域,60.0,200.0,2016年第４四半期,,,6.812913356642856
22063407,中古マンション等,,22131,静岡県,浜松市中区,西伊場町,浜松,30分?60分,２ＤＫ,35,,,,昭和49年,ＲＣ,住宅,住宅,,,,第２種住居地域,60.0,200.0,2015年第１四半期,未改装,,5.903089986991944
22005479,中古マンション等,,22102,静岡県,静岡市駿河区,南町,静岡,,２ＬＤＫ,80,,,,平成28年,ＲＣ,住宅,住宅,,,,商業地域,80.0,500.0,2016年第３四半期,改装済,,7.812913356642856
22011479,中古マンション等,,22131,静岡県,浜松市中区,龍禅寺町,浜松,15,３ＤＫ,50,,,,平成2年,,住宅,住宅,,,,近隣商業地域,80.0,300.0,2020年第１四半期,未改装,,6.8750612633917
22058961,中古マンション等,,22134,静岡県,浜松市南区,恩地町,浜松,30分?60分,３ＬＤＫ,80,,,,昭和58年,ＲＣ,住宅,住宅,,,,第１種住居地域,60.0,200.0,2014年第３四半期,未改装,,6.838849090737256
22122126,中古マンション等,,22131,静岡県,浜松市中区,板屋町,浜松,4,２ＬＤＫ,65,,,,平成18年,ＲＣ,住宅,,,,,商業地域,80.0,600.0,2007年第４四半期,未改装,,7.518513939877887
22087143,中古マンション等,,22134,静岡県,浜松市南区,西伝寺町,浜松,30分?60分,２ＬＤＫ,75,,,,平成2年,ＳＲＣ,住宅,,,,,第２種中高層住居専用地域,60.0,200.0,2013年第２四半期,改装済,,6.986771734266245
22011500,中古マンション等,,22131,静岡県,浜松市中区,龍禅寺町,浜松,13,３ＤＫ,55,,,,平成2年,,,住宅,,,,近隣商業地域,80.0,300.0,2017年第３四半期,未改装,,6.982271233039568
22032179,中古マンション等,,22210,静岡県,富士市,横割本町,富士,5,３ＬＤＫ,75,,,,,ＲＣ,住宅,住宅,,,,商業地域,80.0,400.0,2016年第１四半期,未改装,,7.447158031342219
22111084,中古マンション等,,22214,静岡県,藤枝市,駅前,藤枝,4,４ＬＤＫ,85,,,,平成19年,ＲＣ,住宅,,,,,商業地域,80.0,400.0,2013年第２四半期,未改装,,7.361727836017593
22074025,中古マンション等,,22102,静岡県,静岡市駿河区,馬渕,静岡,15,４ＬＤＫ,85,,,,平成14年,ＲＣ,住宅,,,,,近隣商業地域,80.0,200.0,2013年第１四半期,未改装,,7.301029995663981
22011438,中古マンション等,,22131,静岡県,浜松市中区,山手町,浜松,30分?60分,３ＬＤＫ,70,,,,平成9年,ＳＲＣ,住宅,住宅,,,,第１種中高層住居専用地域,60.0,200.0,2020年第１四半期,改装済,,7.204119982655925
22063710,中古マンション等,,22203,静岡県,沼津市,大岡,三島,13,３ＬＤＫ,70,,,,,ＳＲＣ,住宅,住宅,,,,近隣商業地域,80.0,300.0,2014年第３四半期,未改装,,7.342422680822207
22021240,中古マンション等,,22203,静岡県,沼津市,浅間町,沼津,14,３ＬＤＫ,75,,,,,ＲＣ,住宅,住宅,,,,商業地域,80.0,400.0,2017年第２四半期,未改装,,7.380211241711606
22076476,中古マンション等,,22103,静岡県,静岡市清水区,千歳町,清水(静岡),19,３ＬＤＫ,60,,,,昭和62年,ＳＲＣ,住宅,,,,,商業地域,80.0,400.0,2013年第３四半期,未改装,,6.863322860120456
22057598,中古マンション等,,22102,静岡県,静岡市駿河区,さつき町,静岡,11,３ＬＤＫ,75,,,,昭和57年,ＲＣ,住宅,住宅,,,,準工業地域,60.0,200.0,2015年第１四半期,改装済,,6.968482948553935
22008523,中古マンション等,,22131,静岡県,浜松市中区,泉,浜松,1H?1H30,３ＬＤＫ,75,,,,平成13年,ＲＣ,住宅,住宅,,,,第１種中高層住居専用地域,60.0,200.0,2017年第１四半期,未改装,,7.113943352306837
22097410,中古マンション等,,22214,静岡県,藤枝市,駿河台,藤枝,29,３ＬＤＫ,80,,,,平成6年,ＲＣ,住宅,その他,,,,第１種中高層住居専用地域,60.0,200.0,2015年第１四半期,未改装,,7.146128035678238
22015111,中古マンション等,,22134,静岡県,浜松市南区,飯田町,浜松,30分?60分,３ＬＤＫ,70,,,,平成13年,ＲＣ,住宅,住宅,,,,第１種住居地域,60.0,200.0,2018年第４四半期,未改装,,7.146128035678238
22068957,中古マンション等,,22203,静岡県,沼津市,大岡,三島,30分?60分,２ＬＤＫ＋Ｓ,65,,,,平成15年,ＲＣ,住宅,,,,,第１種住居地域,60.0,200.0,2011年第４四半期,改装済,,7.301029995663981
22017701,中古マンション等,,22135,静岡県,浜松市北区,三ヶ日町都筑,都筑,24,１ＬＤＫ,40,,,,,ＲＣ,住宅,その他,,,,市街化調整区域,60.0,200.0,2017年第２四半期,未改装,,5.698970004336019
22006064,中古マンション等,,22103,静岡県,静岡市清水区,江尻東,清水(静岡),4,３ＬＤＫ,65,,,,平成19年,ＲＣ,住宅,住宅,,,,商業地域,80.0,400.0,2017年第１四半期,未改装,,7.301029995663981
22075343,中古マンション等,,22210,静岡県,富士市,平垣本町,富士,11,３ＬＤＫ,50,,,,昭和50年,ＲＣ,住宅,住宅,,,,近隣商業地域,80.0,200.0,2014年第３四半期,改装済,,6.544068044350276
22120614,中古マンション等,,22102,静岡県,静岡市駿河区,大和,静岡,13,３ＬＤＫ,75,,,,平成12年,ＲＣ,住宅,,,,,準工業地域,60.0,200.0,2008年第３四半期,改装済,,7.361727836017593
22119434,中古マンション等,,22102,静岡県,静岡市駿河区,小黒,静岡,,３ＬＤＫ,70,,,,平成12年,ＲＣ,住宅,,,,,,,,2007年第１四半期,未改装,調停・競売等,7.176091259055681
22089777,中古マンション等,,22131,静岡県,浜松市中区,北寺島町,浜松,13,１Ｋ,20,,,,平成2年,ＳＲＣ,住宅,,,,,近隣商業地域,80.0,500.0,2009年第２四半期,未改装,,6.6127838567197355
22058432,中古マンション等,,22131,静岡県,浜松市中区,葵東,浜松,1H?1H30,３ＬＤＫ,65,,,,平成11年,ＲＣ,住宅,,,,,近隣商業地域,60.0,300.0,2011年第２四半期,未改装,,7.113943352306837
22060536,中古マンション等,,22103,静岡県,静岡市清水区,真砂町,清水(静岡),4,３ＬＤＫ,75,,,,平成23年,ＲＣ,住宅,住宅,,,,商業地域,80.0,400.0,2015年第２四半期,未改装,,7.361727836017593
22098050,中古マンション等,,22210,静岡県,富士市,蓼原,富士,18,４ＬＤＫ,75,,,,平成19年,ＲＣ,住宅,,,,,工業地域,60.0,200.0,2012年第３四半期,改装済,,7.176091259055681
22073933,中古マンション等,,22102,静岡県,静岡市駿河区,曲金,東静岡,10,３ＬＤＫ,85,,,,平成20年,ＲＣ,住宅,,,,,工業地域,60.0,200.0,2013年第３四半期,改装済,,7.518513939877887
22052013,中古マンション等,,22102,静岡県,静岡市駿河区,西中原,静岡,24,オープンフロア,55,,,,昭和48年,ＳＲＣ,店舗,事務所,,,,近隣商業地域,80.0,200.0,2014年第４四半期,未改装,,6.57978359661681
22125466,中古マンション等,,22203,静岡県,沼津市,大手町,沼津,9,２ＬＤＫ,60,,,,昭和64年,鉄骨造,住宅,,,,,商業地域,80.0,500.0,2007年第２四半期,未改装,,7.113943352306837
22089867,中古マンション等,,22135,静岡県,浜松市北区,三ヶ日町都筑,都筑,30分?60分,１ＬＤＫ,45,,,,平成2年,ＳＲＣ,住宅,,,,,市街化調整区域,60.0,200.0,2013年第１四半期,未改装,,6.799340549453582
22089831,中古マンション等,,22135,静岡県,浜松市北区,三ヶ日町都筑,都筑,30分?60分,１Ｋ,25,,,,昭和49年,ＳＲＣ,住宅,,,,,市街化調整区域,60.0,200.0,2013年第４四半期,未改装,,6.113943352306837
22008619,中古マンション等,,22131,静岡県,浜松市中区,海老塚,浜松,15,１Ｋ,15,,,,,ＳＲＣ,,住宅,,,,商業地域,80.0,500.0,2017年第４四半期,改装済,,6.146128035678238
22005074,中古マンション等,,22102,静岡県,静岡市駿河区,曲金,東静岡,7,３ＬＤＫ,70,,,,,,,住宅,,,,工業地域,60.0,200.0,2019年第１四半期,未改装,,7.414973347970818
22056555,中古マンション等,,22132,静岡県,浜松市東区,有玉南町,浜松,1H?1H30,４ＬＤＫ,85,,,,平成3年,ＳＲＣ,住宅,,,,,市街化調整区域,60.0,200.0,2014年第１四半期,未改装,,7.146128035678238
22056796,中古マンション等,,22131,静岡県,浜松市中区,北寺島町,浜松,8,１Ｋ,15,,,,昭和59年,ＲＣ,住宅,,,,,商業地域,80.0,500.0,2010年第４四半期,未改装,,5.698970004336019
22054756,中古マンション等,,22131,静岡県,浜松市中区,新津町,助信,4,,110,,,,平成13年,ＲＣ,住宅,住宅,,,,第１種住居地域,60.0,200.0,2014年第４四半期,未改装,,7.505149978319906
22071543,中古マンション等,,22101,静岡県,静岡市葵区,竜南,長沼(静岡),26,３ＬＤＫ,65,,,,,ＲＣ,住宅,,,,,第２種中高層住居専用地域,60.0,200.0,2013年第３四半期,改装済,,7.041392685158225
22004241,中古マンション等,,22102,静岡県,静岡市駿河区,津島町,静岡,20,１Ｋ,30,,,,昭和49年,ＲＣ,住宅,住宅,,,,近隣商業地域,80.0,200.0,2016年第３四半期,改装済,,6.531478917042255
22068935,中古マンション等,,22203,静岡県,沼津市,大岡,沼津,1H?1H30,３ＬＤＫ,65,,,,平成11年,ＲＣ,住宅,,,,,第２種中高層住居専用地域,60.0,150.0,2011年第２四半期,未改装,調停・競売等,6.919078092376074
22004602,中古マンション等,,22102,静岡県,静岡市駿河区,中田,静岡,25,４ＬＤＫ,80,,,,平成15年,,,住宅,,,,第２種中高層住居専用地域,60.0,200.0,2017年第４四半期,未改装,,7.278753600952829
22000424,中古マンション等,,22101,静岡県,静岡市葵区,大岩町,静岡,30分?60分,３ＤＫ,60,,,,昭和52年,ＲＣ,住宅,住宅,,,,第１種中高層住居専用地域,60.0,200.0,2018年第１四半期,未改装,,6.698970004336019
22079925,中古マンション等,,22101,静岡県,静岡市葵区,鷹匠,静岡,8,４ＬＤＫ,85,,,,平成17年,ＳＲＣ,住宅,,,,,商業地域,80.0,400.0,2009年第３四半期,未改装,,7.653212513775344
22054534,中古マンション等,,22102,静岡県,静岡市駿河区,小黒,静岡,20,３ＬＤＫ,70,,,,昭和63年,ＲＣ,住宅,,,,,準工業地域,60.0,200.0,2011年第４四半期,未改装,,6.977723605288848
22061646,中古マンション等,,22101,静岡県,静岡市葵区,春日,静岡,20,３ＤＫ,50,,,,昭和47年,ＳＲＣ,住宅,,,,,第２種住居地域,60.0,200.0,2012年第２四半期,未改装,,6.732393759822968
22031166,中古マンション等,,22210,静岡県,富士市,日乃出町,富士,30分?60分,３ＬＤＫ,75,,,,平成20年,,,住宅,,,,第２種住居地域,60.0,200.0,2017年第４四半期,,,7.230448921378274
22123882,中古マンション等,,22133,静岡県,浜松市西区,舞阪町弁天島,弁天島,1,２ＬＤＫ,65,,,,平成17年,ＲＣ,住宅,,,,,商業地域,80.0,400.0,2007年第４四半期,未改装,,7.3222192947339195
22001886,中古マンション等,,22101,静岡県,静岡市葵区,鷹匠,静岡,6,２ＬＤＫ,50,,,,平成12年,ＳＲＣ,,住宅,,,,商業地域,80.0,400.0,2019年第３四半期,未改装,,7.204119982655925
22094707,中古マンション等,,22203,静岡県,沼津市,新沢田町,沼津,30分?60分,３ＬＤＫ,70,,,,平成19年,ＲＣ,住宅,,,,,第１種住居地域,60.0,200.0,2013年第４四半期,未改装,,7.230448921378274
22060694,中古マンション等,,22131,静岡県,浜松市中区,山手町,浜松,30分?60分,４ＬＤＫ,85,,,,平成12年,ＲＣ,住宅,,,,,第１種中高層住居専用地域,60.0,200.0,2011年第４四半期,未改装,,7.3222192947339195
22070093,中古マンション等,,22135,静岡県,浜松市北区,三ヶ日町都筑,東都筑,23,１ＤＫ,50,,,,平成2年,ＳＲＣ,住宅,その他,,,,市街化調整区域,60.0,200.0,2015年第３四半期,未改装,,6.301029995663981
22070011,中古マンション等,,22203,静岡県,沼津市,高沢町,沼津,9,３ＬＤＫ,65,,,,平成22年,ＲＣ,住宅,,,,,近隣商業地域,80.0,200.0,2011年第４四半期,未改装,,7.544068044350276
22009554,中古マンション等,,22131,静岡県,浜松市中区,新津町,浜松,30分?60分,３ＬＤＫ,70,,,,,,,住宅,,,,第１種住居地域,60.0,200.0,2020年第３四半期,未改装,,7.230448921378274
22061400,中古マンション等,,22136,静岡県,浜松市浜北区,貴布祢,浜北,1,４ＬＤＫ,90,,,,平成13年,ＲＣ,住宅,住宅,,,,商業地域,80.0,400.0,2014年第３四半期,未改装,,7.342422680822207
22052322,中古マンション等,,22101,静岡県,静岡市葵区,古庄,東静岡,16,３ＬＤＫ,65,,,,平成10年,ＲＣ,住宅,,,,,準工業地域,60.0,200.0,2010年第４四半期,未改装,,7.204119982655925
22009045,中古マンション等,,22131,静岡県,浜松市中区,鴨江,浜松,30分?60分,３ＬＤＫ,70,,,,平成8年,ＳＲＣ,住宅,住宅,,,,第１種中高層住居専用地域,60.0,200.0,2016年第１四半期,未改装,,6.939519252618618
22006627,中古マンション等,,22103,静岡県,静岡市清水区,草薙,草薙(ＪＲ),13,３ＬＤＫ,60,,,,平成12年,,,住宅,,,,第１種低層住居専用地域,40.0,80.0,2020年第３四半期,改装済,,7.230448921378274
22064999,中古マンション等,,22203,静岡県,沼津市,東椎路,沼津,30分?60分,３ＬＤＫ,75,,,,,ＲＣ,住宅,住宅,,,,第２種中高層住居専用地域,60.0,150.0,2014年第４四半期,未改装,,6.954242509439325
22073368,中古マンション等,,22131,静岡県,浜松市中区,龍禅寺町,浜松,11,２ＬＤＫ,50,,,,平成2年,ＳＲＣ,住宅,,,,,近隣商業地域,80.0,300.0,2012年第３四半期,未改装,,6.832508912706237
22083018,中古マンション等,,22102,静岡県,静岡市駿河区,新川,静岡,22,３ＬＤＫ,55,,,,平成5年,ＲＣ,住宅,,,,,準工業地域,60.0,200.0,2009年第４四半期,改装済,,7.146128035678238
22023774,中古マンション等,,22206,静岡県,三島市,本町,三島広小路,3,３ＬＤＫ,95,,,,平成17年,,,住宅,,,,商業地域,80.0,400.0,2018年第２四半期,未改装,,7.568201724066995
22009172,中古マンション等,,22131,静岡県,浜松市中区,幸,浜松,1H?1H30,２ＬＤＫ,65,,,,昭和50年,ＳＲＣ,住宅,住宅,,,,第２種住居地域,60.0,200.0,2018年第３四半期,改装済,,6.778151250383644
22031710,中古マンション等,,22210,静岡県,富士市,水戸島,富士,11,２ＬＤＫ＋Ｓ,70,,,,平成2年,ＳＲＣ,住宅,住宅,,,,第２種住居地域,60.0,200.0,2016年第１四半期,未改装,,6.698970004336019
22062930,中古マンション等,,22131,静岡県,浜松市中区,寺島町,浜松,8,３ＬＤＫ,65,,,,,ＲＣ,住宅,住宅,,,,近隣商業地域,80.0,300.0,2015年第３四半期,未改装,,6.99563519459755
22021173,中古マンション等,,22203,静岡県,沼津市,新宿町,沼津,5,４ＬＤＫ,75,,,,平成11年,ＳＲＣ,住宅,住宅,,,,商業地域,80.0,400.0,2019年第４四半期,未改装,,7.204119982655925
22060725,中古マンション等,,22135,静岡県,浜松市北区,三ヶ日町大崎,都筑,30分?60分,１ＬＤＫ,40,,,,昭和61年,ＲＣ,住宅,住宅,,,,市街化調整区域,60.0,200.0,2014年第４四半期,未改装,,6.447158031342219
22052347,中古マンション等,,22102,静岡県,静岡市駿河区,桃園町,用宗,29,４ＬＤＫ,75,,,,平成8年,ＲＣ,住宅,住宅,,,,第１種中高層住居専用地域,60.0,200.0,2014年第３四半期,未改装,,7.041392685158225
22069956,中古マンション等,,22101,静岡県,静岡市葵区,鷹匠,静岡,9,３ＬＤＫ,95,,,,平成17年,ＳＲＣ,住宅,,,,,商業地域,80.0,400.0,2013年第４四半期,未改装,,7.633468455579586
22010217,中古マンション等,,22131,静岡県,浜松市中区,中央,浜松,11,３ＬＤＫ,90,,,,平成19年,ＲＣ,住宅,住宅,,,,商業地域,80.0,400.0,2016年第３四半期,未改装,,7.623249290397901
22051358,中古マンション等,,22101,静岡県,静岡市葵区,追手町,静岡,13,３ＬＤＫ,55,,,,昭和54年,ＳＲＣ,住宅,,,,,商業地域,80.0,600.0,2010年第３四半期,改装済,,7.079181246047625
22029523,中古マンション等,,22210,静岡県,富士市,今泉,吉原,30分?60分,３ＬＤＫ,65,,,,平成18年,ＲＣ,住宅,住宅,,,,工業地域,60.0,200.0,2019年第３四半期,改装済,,7.176091259055681
22054632,中古マンション等,,22131,静岡県,浜松市中区,佐鳴台,浜松,30分?60分,２ＬＤＫ,65,,,,平成9年,ＲＣ,住宅,,,,,第１種中高層住居専用地域,60.0,200.0,2014年第１四半期,未改装,,7.041392685158225
22077294,中古マンション等,,22206,静岡県,三島市,広小路町,三島広小路,1,２ＬＤＫ＋Ｓ,65,,,,平成20年,ＲＣ,住宅,住宅,,,,商業地域,80.0,400.0,2015年第３四半期,未改装,,7.4623979978989565
22063113,中古マンション等,,22135,静岡県,浜松市北区,三ヶ日町都筑,東都筑,29,１Ｋ,25,,,,昭和49年,ＳＲＣ,住宅,,,,,市街化調整区域,60.0,200.0,2010年第２四半期,未改装,,6.041392685158225
22002236,中古マンション等,,22101,静岡県,静岡市葵区,長沼,東静岡,4,３ＬＤＫ,80,,,,平成25年,ＲＣ,住宅,住宅,,,,商業地域,80.0,500.0,2017年第２四半期,改装済,,7.505149978319906
22003101,中古マンション等,,22101,静岡県,静岡市葵区,横内町,静岡,18,３ＬＤＫ,70,,,,平成17年,ＲＣ,,住宅,,,,近隣商業地域,80.0,300.0,2018年第４四半期,未改装,,7.361727836017593
22023496,中古マンション等,,22206,静岡県,三島市,長伏,三島,1H?1H30,３ＬＤＫ,70,,,,平成12年,,,住宅,,,,準工業地域,60.0,200.0,2018年第２四半期,未改装,,7.146128035678238
22008400,中古マンション等,,22131,静岡県,浜松市中区,浅田町,浜松,13,３ＬＤＫ,75,,,,平成3年,ＳＲＣ,住宅,住宅,,,,近隣商業地域,80.0,300.0,2018年第１四半期,改装済,,6.929418925714293
22078078,中古マンション等,,22131,静岡県,浜松市中区,葵西,浜松,1H30?2H,３ＬＤＫ,85,,,,平成5年,ＳＲＣ,住宅,,,,,第１種住居地域,60.0,200.0,2013年第３四半期,未改装,,7.041392685158225
22000570,中古マンション等,,22101,静岡県,静岡市葵区,上足洗,音羽町,30分?60分,３ＬＤＫ,75,,,,平成10年,ＲＣ,,住宅,,,,第２種中高層住居専用地域,60.0,200.0,2019年第４四半期,未改装,,7.2552725051033065
22035456,中古マンション等,,22212,静岡県,焼津市,栄町,焼津,5,４ＬＤＫ,75,,,,平成9年,ＲＣ,住宅,住宅,,,,準工業地域,60.0,200.0,2016年第４四半期,未改装,,7.230448921378274
22070133,中古マンション等,,22131,静岡県,浜松市中区,上島,浜松,1H?1H30,４ＬＤＫ,90,,,,昭和63年,ＲＣ,住宅,,,,,第１種中高層住居専用地域,60.0,200.0,2012年第４四半期,改装済,,6.991226075692495
22057975,中古マンション等,,22133,静岡県,浜松市西区,入野町,浜松,1H?1H30,４ＬＤＫ,75,,,,平成14年,ＲＣ,住宅,,,,,第１種住居地域,60.0,200.0,2014年第１四半期,未改装,,7.146128035678238
22072518,中古マンション等,,22131,静岡県,浜松市中区,茄子町,浜松,30分?60分,３ＬＤＫ,60,,,,平成12年,ＲＣ,住宅,,,,,第１種住居地域,60.0,200.0,2012年第２四半期,,,7.204119982655925
22063073,中古マンション等,,22135,静岡県,浜松市北区,三ヶ日町都筑,都筑,19,１ＬＤＫ,50,,,,平成2年,ＳＲＣ,住宅,,,,,市街化調整区域,60.0,200.0,2010年第３四半期,未改装,,6.724275869600789
22071920,中古マンション等,,22206,静岡県,三島市,青木,三島,30分?60分,２ＬＤＫ,80,,,,平成19年,ＲＣ,住宅,,,,,第１種住居地域,60.0,200.0,2011年第３四半期,未改装,,7.3979400086720375
22056192,中古マンション等,,22102,静岡県,静岡市駿河区,大和,静岡,13,３ＬＤＫ,65,,,,平成12年,ＲＣ,住宅,,,,,準工業地域,60.0,200.0,2011年第２四半期,未改装,,7.301029995663981
22068615,中古マンション等,,22203,静岡県,沼津市,大岡,大岡(静岡),9,４ＬＤＫ,70,,,,平成6年,ＲＣ,住宅,,,,,第２種中高層住居専用地域,60.0,150.0,2011年第４四半期,未改装,,6.954242509439325
22005763,中古マンション等,,22102,静岡県,静岡市駿河区,大和,静岡,13,３ＬＤＫ,65,,,,平成12年,ＲＣ,,住宅,,,,準工業地域,60.0,200.0,2019年第１四半期,未改装,,7.278753600952829
22129581,中古マンション等,,22211,静岡県,磐田市,中泉,磐田,2,３ＬＤＫ,75,,,,平成19年,ＲＣ,住宅,,,,,商業地域,80.0,400.0,2007年第３四半期,未改装,,7.4623979978989565
22080322,中古マンション等,,22131,静岡県,浜松市中区,高町,浜松,17,２ＬＤＫ,75,,,,平成10年,ＳＲＣ,住宅,,,,,近隣商業地域,80.0,300.0,2013年第１四半期,未改装,,7.301029995663981
22086448,中古マンション等,,22203,静岡県,沼津市,東椎路,片浜,30分?60分,,75,,,,,ＲＣ,住宅,,,,,第２種中高層住居専用地域,60.0,200.0,2012年第４四半期,未改装,,5.954242509439325
22070099,中古マンション等,,22135,静岡県,浜松市北区,三ヶ日町都筑,東都筑,21,３ＬＤＫ,95,,,,平成2年,ＳＲＣ,住宅,その他,,,,市街化調整区域,60.0,200.0,2015年第１四半期,未改装,,6.707570176097937
22074441,中古マンション等,,22203,静岡県,沼津市,末広町,沼津,13,３ＬＤＫ,70,,,,,ＳＲＣ,住宅,住宅,,,,商業地域,80.0,400.0,2015年第１四半期,改装済,,7.146128035678238
22011456,中古マンション等,,22131,静岡県,浜松市中区,山手町,浜松,30分?60分,２ＬＤＫ,65,,,,昭和48年,ＲＣ,住宅,住宅,,,,第１種中高層住居専用地域,60.0,200.0,2017年第３四半期,,,6.698970004336019
22081383,中古マンション等,,22136,静岡県,浜松市浜北区,小松,遠州小松,5,４ＬＤＫ,80,,,,平成11年,ＲＣ,住宅,,,,,第１種住居地域,60.0,200.0,2012年第１四半期,未改装,,7.176091259055681
22082064,中古マンション等,,22131,静岡県,浜松市中区,龍禅寺町,浜松,11,３ＬＤＫ,65,,,,平成2年,ＳＲＣ,住宅,,,,,近隣商業地域,80.0,300.0,2013年第３四半期,改装済,,7.0
22013696,中古マンション等,,22133,静岡県,浜松市西区,入野町,浜松,30分?60分,,90,,,,平成12年,ＲＣ,,住宅,,,,第２種住居地域,60.0,200.0,2020年第２四半期,,,7.176091259055681
22015243,中古マンション等,,22134,静岡県,浜松市南区,恩地町,浜松,30分?60分,３ＬＤＫ,85,,,,昭和58年,,,住宅,,,,第１種住居地域,60.0,200.0,2018年第３四半期,未改装,,6.785329835010767
22000944,中古マンション等,,22101,静岡県,静岡市葵区,北安東,静岡,1H?1H30,３ＬＤＫ,80,,,,平成22年,ＲＣ,,住宅,,,,第１種中高層住居専用地域,60.0,200.0,2019年第２四半期,,,7.380211241711606
22124701,中古マンション等,,22135,静岡県,浜松市北区,三ヶ日町都筑,東都筑,26,１ＬＤＫ,50,,,,平成2年,ＳＲＣ,住宅,,,,,市街化調整区域,60.0,200.0,2008年第１四半期,未改装,,6.832508912706237
22051694,中古マンション等,,22101,静岡県,静岡市葵区,駒形通,静岡,13,３ＬＤＫ,70,,,,平成15年,ＲＣ,住宅,,,,,商業地域,80.0,400.0,2010年第１四半期,未改装,,7.3979400086720375
22017703,中古マンション等,,22135,静岡県,浜松市北区,三ヶ日町都筑,都筑,24,１ＤＫ,25,,,,昭和49年,ＳＲＣ,住宅,住宅,,,,市街化調整区域,60.0,200.0,2017年第２四半期,未改装,,5.531478917042255
22004391,中古マンション等,,22102,静岡県,静岡市駿河区,豊田,静岡,30分?60分,,65,,,,平成6年,ＲＣ,,住宅,,,,工業地域,60.0,200.0,2018年第２四半期,未改装,,7.3222192947339195
22009000,中古マンション等,,22131,静岡県,浜松市中区,鴨江,浜松,30分?60分,２ＬＤＫ＋Ｓ,75,,,,平成16年,ＲＣ,住宅,住宅,,,,第１種中高層住居専用地域,60.0,200.0,2017年第３四半期,,,7.342422680822207
22123035,中古マンション等,,22131,静岡県,浜松市中区,和合町,浜松,1H?1H30,３ＬＤＫ,70,,,,平成8年,ＲＣ,住宅,,,,,第１種中高層住居専用地域,60.0,200.0,2007年第２四半期,改装済,,7.204119982655925
22078476,中古マンション等,,22131,静岡県,浜松市中区,上島,上島,8,４ＬＤＫ,90,,,,平成16年,ＲＣ,住宅,,,,,第１種住居地域,60.0,200.0,2013年第４四半期,未改装,,7.230448921378274
22011305,中古マンション等,,22131,静岡県,浜松市中区,松城町,浜松,16,３ＬＤＫ,80,,,,平成25年,ＲＣ,住宅,住宅,,,,商業地域,80.0,400.0,2019年第２四半期,未改装,,7.556302500767287
22007738,中古マンション等,,22103,静岡県,静岡市清水区,万世町,清水(静岡),18,２ＤＫ,70,,,,平成18年,ＲＣ,住宅,住宅,,,,商業地域,80.0,400.0,2016年第４四半期,,,7.301029995663981
22014685,中古マンション等,,22133,静岡県,浜松市西区,舞阪町弁天島,浜松,2H?,４ＬＤＫ,100,,,,平成19年,ＲＣ,住宅,住宅,,,,第１種住居地域,60.0,200.0,2017年第２四半期,未改装,,7.4623979978989565
22058579,中古マンション等,,22131,静岡県,浜松市中区,海老塚,浜松,11,４ＬＤＫ,85,,,,平成11年,ＳＲＣ,住宅,,,,,商業地域,80.0,500.0,2011年第２四半期,未改装,,7.301029995663981
22063837,中古マンション等,,22203,静岡県,沼津市,岡一色,大岡(静岡),14,,65,,,,平成6年,ＲＣ,住宅,,,,,第１種住居地域,60.0,200.0,2014年第３四半期,,,7.041392685158225
22059450,中古マンション等,,22134,静岡県,浜松市南区,東若林町,浜松,30分?60分,１Ｋ,20,,,,平成2年,ＲＣ,住宅,,,,,第１種住居地域,60.0,200.0,2014年第４四半期,改装済,,6.041392685158225
22066131,中古マンション等,,22133,静岡県,浜松市西区,入野町,浜松,1H?1H30,３ＬＤＫ,70,,,,平成5年,ＳＲＣ,住宅,住宅,,,,工業地域,60.0,200.0,2015年第１四半期,未改装,,6.748188027006201
22122729,中古マンション等,,22131,静岡県,浜松市中区,西浅田,浜松,21,３ＬＤＫ,60,,,,平成3年,ＳＲＣ,住宅,,,,,近隣商業地域,80.0,300.0,2008年第１四半期,改装済,,6.903089986991944
22011011,中古マンション等,,22131,静岡県,浜松市中区,八幡町,浜松,20,３ＬＤＫ,75,,,,平成12年,ＳＲＣ,住宅,住宅,,,,近隣商業地域,80.0,300.0,2016年第４四半期,未改装,,7.301029995663981
22010122,中古マンション等,,22131,静岡県,浜松市中区,高町,浜松,16,３ＬＤＫ,75,,,,平成14年,ＳＲＣ,住宅,住宅,,,,商業地域,80.0,500.0,2020年第１四半期,未改装,,7.230448921378274
22066716,中古マンション等,,22203,静岡県,沼津市,高島町,沼津,5,３ＬＤＫ,80,,,,平成2年,ＳＲＣ,住宅,,,,,商業地域,80.0,400.0,2010年第２四半期,未改装,,7.230448921378274
22012698,中古マンション等,,22132,静岡県,浜松市東区,篠ケ瀬町,天竜川,9,３ＬＤＫ,65,,,,平成10年,ＳＲＣ,住宅,住宅,,,,近隣商業地域,80.0,300.0,2016年第２四半期,未改装,,6.954242509439325
22122557,中古マンション等,,22131,静岡県,浜松市中区,高丘東,浜松,1H30?2H,３ＬＤＫ,60,,,,平成4年,ＲＣ,住宅,,,,,工業地域,60.0,200.0,2007年第２四半期,未改装,,6.8750612633917
22005539,中古マンション等,,22102,静岡県,静岡市駿河区,宮本町,静岡,15,３ＬＤＫ,75,,,,平成10年,ＲＣ,住宅,住宅,,,,近隣商業地域,80.0,200.0,2017年第１四半期,未改装,,7.230448921378274
22130064,中古マンション等,,22212,静岡県,焼津市,栄町,焼津,5,３ＬＤＫ,65,,,,平成9年,ＲＣ,住宅,,,,,準工業地域,60.0,200.0,2008年第２四半期,未改装,,7.230448921378274
22008552,中古マンション等,,22131,静岡県,浜松市中区,板屋町,浜松,4,２ＬＤＫ,80,,,,,,,住宅,,,,商業地域,80.0,600.0,2019年第１四半期,,,7.5910646070264995
22118403,中古マンション等,,22101,静岡県,静岡市葵区,新通,静岡,,２ＬＤＫ,65,,,,平成7年,,住宅,,,,,,,,2006年第２四半期,改装済,,7.230448921378274
22003963,中古マンション等,,22102,静岡県,静岡市駿河区,さつき町,静岡,12,２ＬＤＫ,75,,,,昭和57年,ＲＣ,住宅,住宅,,,,準工業地域,60.0,200.0,2017年第２四半期,未改装,,6.903089986991944
22074992,中古マンション等,,22132,静岡県,浜松市東区,天龍川町,天竜川,3,２ＬＤＫ＋Ｓ,85,,,,,ＲＣ,住宅,,,,,工業地域,60.0,200.0,2012年第４四半期,未改装,,7.342422680822207
22054086,中古マンション等,,22101,静岡県,静岡市葵区,南安倍,静岡,24,１ＤＫ,15,,,,平成3年,ＲＣ,住宅,,,,,近隣商業地域,80.0,300.0,2011年第１四半期,未改装,調停・競売等,6.3979400086720375
22130843,中古マンション等,,22214,静岡県,藤枝市,駅前,藤枝,2,３ＬＤＫ,70,,,,平成14年,ＲＣ,住宅,,,,,商業地域,80.0,400.0,2007年第４四半期,未改装,,7.301029995663981
22020373,中古マンション等,,22203,静岡県,沼津市,大岡,沼津,18,３ＬＤＫ,75,,,,平成16年,ＳＲＣ,,住宅,,,,準工業地域,60.0,200.0,2017年第３四半期,未改装,,7.342422680822207
22003961,中古マンション等,,22102,静岡県,静岡市駿河区,さつき町,静岡,16,３ＬＤＫ,70,,,,昭和55年,ＳＲＣ,,住宅,,,,準工業地域,60.0,200.0,2017年第３四半期,未改装,,7.079181246047625
22130364,中古マンション等,,22212,静岡県,焼津市,焼津,焼津,8,２ＬＤＫ,55,,,,平成9年,ＲＣ,住宅,,,,,第２種住居地域,60.0,200.0,2008年第２四半期,未改装,,6.973127853599698
22120173,中古マンション等,,22102,静岡県,静岡市駿河区,西中原,静岡,30分?60分,３ＬＤＫ,75,,,,平成3年,ＲＣ,住宅,,,,,工業地域,60.0,200.0,2006年第４四半期,未改装,,7.079181246047625
22054280,中古マンション等,,22101,静岡県,静岡市葵区,竜南,静岡,30分?60分,３ＤＫ,55,,,,平成5年,ＲＣ,住宅,,,,,第２種中高層住居専用地域,60.0,200.0,2011年第２四半期,改装済,,7.041392685158225
22068321,中古マンション等,,22134,静岡県,浜松市南区,本郷町,浜松,30分?60分,３ＬＤＫ,65,,,,平成10年,ＲＣ,住宅,住宅,,,,第２種中高層住居専用地域,60.0,200.0,2015年第１四半期,未改装,,7.041392685158225
22052089,中古マンション等,,22102,静岡県,静岡市駿河区,曲金,静岡,21,１Ｒ,30,,,,平成10年,ＲＣ,住宅,住宅,,,,準工業地域,60.0,200.0,2014年第２四半期,未改装,,6.740362689494244
22107362,中古マンション等,,22211,静岡県,磐田市,今之浦,磐田,21,３ＬＤＫ,65,,,,平成2年,ＲＣ,住宅,,,,,第２種住居地域,60.0,200.0,2013年第２四半期,未改装,,6.903089986991944
22050902,中古マンション等,,22101,静岡県,静岡市葵区,駒形通,静岡,15,２ＬＤＫ,55,,,,平成25年,ＲＣ,住宅,,,,,商業地域,80.0,400.0,2014年第１四半期,未改装,,6.568201724066995
22020653,中古マンション等,,22203,静岡県,沼津市,岡一色,沼津,30分?60分,３ＬＤＫ,65,,,,平成9年,ＲＣ,住宅,住宅,,,,第１種住居地域,60.0,200.0,2016年第４四半期,未改装,,7.113943352306837
22002156,中古マンション等,,22101,静岡県,静岡市葵区,常磐町,静岡,11,２ＬＤＫ,70,,,,平成18年,,,住宅,,,,商業地域,80.0,400.0,2020年第３四半期,未改装,,7.380211241711606
22017561,中古マンション等,,22135,静岡県,浜松市北区,三ヶ日町下尾奈,三ケ日,30分?60分,１Ｒ,25,,,,,ＲＣ,その他,その他,,,,市街化調整区域,60.0,200.0,2017年第１四半期,未改装,,5.0
22058076,中古マンション等,,22131,静岡県,浜松市中区,西伊場町,浜松,30分?60分,２ＬＤＫ,45,,,,昭和49年,ＳＲＣ,住宅,,,,,第２種住居地域,60.0,200.0,2010年第２四半期,未改装,,6.301029995663981
22012713,中古マンション等,,22132,静岡県,浜松市東区,篠ケ瀬町,浜松,1H?1H30,４ＬＤＫ,85,,,,平成10年,,,その他,,,,近隣商業地域,80.0,300.0,2019年第３四半期,未改装,調停・競売等,7.079181246047625
22055197,中古マンション等,,22103,静岡県,静岡市清水区,千歳町,清水(静岡),21,３ＬＤＫ,70,,,,,ＲＣ,住宅,,,,,商業地域,80.0,400.0,2010年第４四半期,未改装,,7.301029995663981
22023881,中古マンション等,,22206,静岡県,三島市,南町,三島田町,13,２ＬＤＫ,65,,,,,,,住宅,,,,第２種住居地域,60.0,200.0,2019年第１四半期,,,7.380211241711606
22114638,中古マンション等,,22214,静岡県,藤枝市,駅前,藤枝,4,３ＬＤＫ,70,,,,平成19年,ＲＣ,住宅,,,,,商業地域,80.0,400.0,2009年第４四半期,改装済,,7.380211241711606
22072822,中古マンション等,,22131,静岡県,浜松市中区,八幡町,浜松,19,４ＬＤＫ,85,,,,平成12年,ＳＲＣ,住宅,,,,,近隣商業地域,80.0,300.0,2012年第４四半期,未改装,,7.380211241711606
22059821,中古マンション等,,22131,静岡県,浜松市中区,寺島町,浜松,12,１Ｋ,20,,,,昭和64年,ＲＣ,住宅,,,,,近隣商業地域,80.0,300.0,2011年第４四半期,改装済,,6.2552725051033065
22005042,中古マンション等,,22102,静岡県,静岡市駿河区,曲金,静岡,24,２ＤＫ,40,,,,,ＳＲＣ,住宅,その他,,,,工業地域,60.0,200.0,2016年第１四半期,未改装,,6.301029995663981
22001128,中古マンション等,,22101,静岡県,静岡市葵区,呉服町,静岡,11,２ＬＤＫ,75,,,,平成26年,,,住宅,,,,商業地域,80.0,600.0,2020年第２四半期,未改装,,7.778151250383644
22011152,中古マンション等,,22131,静岡県,浜松市中区,曳馬,浜松,30分?60分,,75,,,,平成19年,,,住宅,,,,第１種住居地域,60.0,200.0,2019年第１四半期,未改装,,7.301029995663981
22064603,中古マンション等,,22132,静岡県,浜松市東区,有玉南町,浜松,1H?1H30,３ＬＤＫ,70,,,,,ＳＲＣ,住宅,住宅,,,,市街化調整区域,60.0,200.0,2015年第１四半期,未改装,,6.903089986991944
22011439,中古マンション等,,22131,静岡県,浜松市中区,山手町,浜松,30分?60分,２ＬＤＫ,85,,,,昭和48年,,住宅,住宅,,,,第１種中高層住居専用地域,60.0,200.0,2020年第１四半期,改装済,,7.204119982655925
22088864,中古マンション等,,22135,静岡県,浜松市北区,初生町,浜松,1H?1H30,,65,,,,平成5年,ＳＲＣ,住宅,,,,,第１種住居地域,60.0,200.0,2013年第２四半期,未改装,,7.041392685158225
22085877,中古マンション等,,22103,静岡県,静岡市清水区,小芝町,清水(静岡),8,３ＬＤＫ,80,,,,平成14年,ＳＲＣ,住宅,,,,,商業地域,80.0,400.0,2009年第２四半期,未改装,,7.301029995663981
22006018,中古マンション等,,22103,静岡県,静岡市清水区,永楽町,清水(静岡),16,３ＬＤＫ,70,,,,平成16年,ＲＣ,,住宅,,,,工業地域,60.0,200.0,2018年第２四半期,未改装,,7.230448921378274
22053530,中古マンション等,,22102,静岡県,静岡市駿河区,中田,静岡,13,２ＤＫ,35,,,,昭和56年,ＲＣ,住宅,,,,,第１種住居地域,60.0,200.0,2010年第４四半期,改装済,,6.698970004336019
22085623,中古マンション等,,22203,静岡県,沼津市,末広町,沼津,13,３ＬＤＫ,65,,,,,ＳＲＣ,住宅,,,,,商業地域,80.0,400.0,2012年第４四半期,,,7.146128035678238
22065031,中古マンション等,,22132,静岡県,浜松市東区,上西町,浜松,30分?60分,３ＬＤＫ,90,,,,平成15年,ＲＣ,住宅,住宅,,,,工業地域,60.0,200.0,2015年第３四半期,改装済,,7.301029995663981
22122050,中古マンション等,,22131,静岡県,浜松市中区,葵西,浜松,2H?,４ＬＤＫ,80,,,,平成9年,ＲＣ,住宅,,,,,第１種住居地域,60.0,200.0,2008年第２四半期,改装済,,7.204119982655925
22066376,中古マンション等,,22102,静岡県,静岡市駿河区,南町,静岡,5,２ＤＫ,35,,,,昭和55年,ＳＲＣ,住宅,,,,,商業地域,80.0,400.0,2012年第３四半期,未改装,,6.7160033436347994
22072945,中古マンション等,,22102,静岡県,静岡市駿河区,津島町,静岡,24,１ＤＫ,35,,,,昭和49年,ＳＲＣ,住宅,,,,,近隣商業地域,80.0,200.0,2013年第１四半期,未改装,,6.414973347970818
22054746,中古マンション等,,22131,静岡県,浜松市中区,城北,浜松,30分?60分,１Ｋ,20,,,,昭和62年,ＲＣ,住宅,住宅,,,,第２種中高層住居専用地域,60.0,200.0,2014年第３四半期,未改装,,6.505149978319906
22103811,中古マンション等,,22203,静岡県,沼津市,新宿町,沼津,5,２ＬＤＫ,65,,,,平成11年,ＳＲＣ,住宅,,,,,商業地域,80.0,400.0,2009年第４四半期,未改装,,7.301029995663981
22052017,中古マンション等,,22102,静岡県,静岡市駿河区,西中原,静岡,25,オープンフロア,55,,,,昭和48年,ＳＲＣ,店舗,,,,,近隣商業地域,80.0,200.0,2014年第２四半期,,調停・競売等,6.531478917042255
22001175,中古マンション等,,22101,静岡県,静岡市葵区,駒形通,静岡,14,３ＬＤＫ,80,,,,平成13年,ＲＣ,住宅,住宅,,,,商業地域,80.0,400.0,2017年第１四半期,改装済,,7.3979400086720375
22087853,中古マンション等,,22210,静岡県,富士市,水戸島元町,富士,4,３ＬＤＫ,80,,,,平成22年,ＲＣ,住宅,住宅,,,,商業地域,80.0,400.0,2015年第２四半期,未改装,,7.3222192947339195
22010247,中古マンション等,,22131,静岡県,浜松市中区,寺島町,浜松,11,１Ｋ,15,,,,平成3年,ＳＲＣ,住宅,住宅,,,,近隣商業地域,80.0,300.0,2019年第２四半期,未改装,,6.361727836017593
22055486,中古マンション等,,22101,静岡県,静岡市葵区,七間町,静岡,11,３ＬＤＫ,100,,,,平成14年,ＳＲＣ,住宅,住宅,,,,商業地域,80.0,600.0,2015年第１四半期,未改装,,7.531478917042255
22017648,中古マンション等,,22135,静岡県,浜松市北区,三ヶ日町都筑,都筑,25,１ＬＤＫ,45,,,,平成2年,ＳＲＣ,住宅,住宅,,,,市街化調整区域,60.0,200.0,2019年第４四半期,未改装,,6.6020599913279625
22051979,中古マンション等,,22102,静岡県,静岡市駿河区,中原,静岡,30分?60分,３ＬＤＫ,65,,,,,ＲＣ,住宅,,,,,準工業地域,60.0,200.0,2014年第１四半期,,,7.113943352306837
22071817,中古マンション等,,22131,静岡県,浜松市中区,高丘東,浜松,1H30?2H,４ＬＤＫ,80,,,,,ＳＲＣ,住宅,,,,,工業地域,60.0,200.0,2012年第１四半期,未改装,,6.977723605288848
22012313,中古マンション等,,22132,静岡県,浜松市東区,笠井新田町,浜松,2H?,４ＬＤＫ,65,,,,,ＳＲＣ,住宅,住宅,,,,市街化調整区域,60.0,200.0,2017年第２四半期,未改装,,6.8750612633917
22053950,中古マンション等,,22102,静岡県,静岡市駿河区,南町,静岡,1,オープンフロア,650,,,,平成15年,鉄骨造,事務所,,,,,商業地域,80.0,600.0,2010年第３四半期,未改装,関係者間取引,8.505149978319906
22069034,中古マンション等,,22203,静岡県,沼津市,大手町,沼津,6,２ＬＤＫ,60,,,,平成16年,ＳＲＣ,住宅,,,,,商業地域,80.0,500.0,2011年第４四半期,未改装,,7.204119982655925
22061864,中古マンション等,,22131,静岡県,浜松市中区,紺屋町,浜松,15,３ＬＤＫ,80,,,,平成18年,ＲＣ,住宅,住宅,,,,近隣商業地域,80.0,300.0,2015年第４四半期,未改装,,7.431363764158987
22125496,中古マンション等,,22203,静岡県,沼津市,岡一色,沼津,30分?60分,４ＬＤＫ,85,,,,平成3年,ＳＲＣ,住宅,,,,,第１種住居地域,60.0,200.0,2008年第３四半期,未改装,調停・競売等,7.079181246047625
22118165,中古マンション等,,22101,静岡県,静岡市葵区,北安東,静岡,30分?60分,４ＬＤＫ,85,,,,昭和64年,ＲＣ,住宅,,,,,第２種中高層住居専用地域,60.0,200.0,2006年第４四半期,未改装,,7.230448921378274
22031748,中古マンション等,,22210,静岡県,富士市,水戸島元町,富士,6,,90,,,,,ＲＣ,住宅,,,,,商業地域,80.0,400.0,2017年第３四半期,,,7.361727836017593
22103900,中古マンション等,,22203,静岡県,沼津市,高沢町,沼津,4,３ＬＤＫ,75,,,,平成14年,ＲＣ,住宅,,,,,商業地域,80.0,400.0,2009年第１四半期,未改装,,7.3979400086720375
22009113,中古マンション等,,22131,静岡県,浜松市中区,木戸町,浜松,19,２ＤＫ,55,,,,平成7年,ＲＣ,住宅,住宅,,,,近隣商業地域,80.0,200.0,2018年第４四半期,改装済,,7.113943352306837
22010259,中古マンション等,,22131,静岡県,浜松市中区,寺島町,浜松,11,１Ｋ,20,,,,平成2年,,,住宅,,,,近隣商業地域,80.0,300.0,2018年第１四半期,未改装,,6.204119982655925
22008304,中古マンション等,,22131,静岡県,浜松市中区,葵西,浜松,1H30?2H,,70,,,,平成9年,ＲＣ,住宅,その他,,,,第１種住居地域,60.0,200.0,2018年第３四半期,,,6.7160033436347994
22021720,中古マンション等,,22203,静岡県,沼津市,原,原(静岡),14,３ＬＤＫ,70,,,,昭和64年,ＳＲＣ,住宅,その他,,,,第１種住居地域,60.0,200.0,2016年第４四半期,未改装,,6.477121254719663
22008658,中古マンション等,,22131,静岡県,浜松市中区,鍛冶町,浜松,4,３ＬＤＫ,70,,,,平成28年,,住宅,住宅,,,,商業地域,80.0,500.0,2018年第２四半期,未改装,,7.6020599913279625
22103540,中古マンション等,,22203,静岡県,沼津市,西条町,沼津,6,４ＬＤＫ,75,,,,平成14年,ＲＣ,住宅,,,,,商業地域,80.0,400.0,2009年第１四半期,改装済,,7.380211241711606
22071061,中古マンション等,,22203,静岡県,沼津市,若葉町,沼津,28,,65,,,,昭和63年,ＳＲＣ,住宅,,,,,第１種住居地域,60.0,200.0,2011年第４四半期,改装済,,7.079181246047625
22066372,中古マンション等,,22203,静岡県,沼津市,志下,沼津,1H?1H30,３ＬＤＫ,65,,,,平成5年,ＲＣ,住宅,,,,,第１種住居地域,60.0,200.0,2010年第１四半期,未改装,調停・競売等,6.653212513775344
22056579,中古マンション等,,22131,静岡県,浜松市中区,上島,浜松,1H?1H30,４ＬＤＫ,80,,,,昭和64年,ＲＣ,住宅,,,,,準住居地域,60.0,200.0,2010年第４四半期,改装済,,7.113943352306837
22066456,中古マンション等,,22206,静岡県,三島市,長伏,三島,30分?60分,３ＬＤＫ,65,,,,平成2年,ＲＣ,住宅,,,,,準工業地域,60.0,200.0,2014年第１四半期,未改装,,7.041392685158225
22072038,中古マンション等,,22131,静岡県,浜松市中区,寺島町,浜松,9,１ＬＤＫ,55,,,,平成3年,ＳＲＣ,住宅,,,,,近隣商業地域,80.0,300.0,2012年第４四半期,未改装,,6.653212513775344
22074453,中古マンション等,,22203,静岡県,沼津市,杉崎町,沼津,16,４ＬＤＫ,65,,,,,ＲＣ,住宅,住宅,,,,第２種住居地域,60.0,200.0,2015年第２四半期,,,6.778151250383644
22021187,中古マンション等,,22203,静岡県,沼津市,新宿町,沼津,7,３ＬＤＫ,60,,,,昭和63年,ＳＲＣ,住宅,住宅,,,,商業地域,80.0,400.0,2017年第２四半期,改装済,,7.041392685158225
22074994,中古マンション等,,22132,静岡県,浜松市東区,天龍川町,天竜川,2,２ＬＤＫ,65,,,,平成5年,ＳＲＣ,住宅,,,,,近隣商業地域,80.0,300.0,2012年第３四半期,未改装,,6.963787827345556
22095814,中古マンション等,,22213,静岡県,掛川市,南,掛川,3,３ＬＤＫ,80,,,,戦前,ＲＣ,住宅,住宅,,,,商業地域,80.0,400.0,2015年第１四半期,未改装,,7.414973347970818
22120164,中古マンション等,,22102,静岡県,静岡市駿河区,西中原,静岡,25,２ＬＤＫ,60,,,,昭和48年,ＳＲＣ,住宅,,,,,近隣商業地域,80.0,200.0,2007年第３四半期,未改装,,6.633468455579586
22073662,中古マンション等,,22203,静岡県,沼津市,大手町,沼津,3,１ＬＤＫ,55,,,,,ＲＣ,住宅,住宅,,,,商業地域,80.0,500.0,2015年第１四半期,未改装,,7.2552725051033065
22124662,中古マンション等,,22135,静岡県,浜松市北区,三ヶ日町下尾奈,奥浜名湖,6,,65,,,,平成4年,ＳＲＣ,住宅,,,,,市街化調整区域,60.0,200.0,2007年第１四半期,未改装,,6.301029995663981
22064142,中古マンション等,,22131,静岡県,浜松市中区,龍禅寺町,浜松,13,３ＬＤＫ,55,,,,平成2年,ＳＲＣ,住宅,その他,,,,近隣商業地域,80.0,300.0,2015年第１四半期,未改装,,6.832508912706237
22021241,中古マンション等,,22203,静岡県,沼津市,浅間町,沼津,14,４ＬＤＫ,90,,,,平成23年,ＲＣ,住宅,住宅,,,,近隣商業地域,80.0,400.0,2016年第１四半期,未改装,,7.568201724066995
22078624,中古マンション等,,22131,静岡県,浜松市中区,上島,浜松,1H?1H30,３ＬＤＫ,75,,,,平成12年,ＲＣ,住宅,,,,,第１種中高層住居専用地域,60.0,200.0,2013年第４四半期,,,7.176091259055681
22050839,中古マンション等,,22101,静岡県,静岡市葵区,川辺町,静岡,15,１Ｋ,25,,,,平成11年,ＲＣ,住宅,,,,,商業地域,80.0,400.0,2014年第１四半期,未改装,,6.857332496431268
22022819,中古マンション等,,22206,静岡県,三島市,青木,三島,29,３ＬＤＫ,70,,,,平成19年,ＲＣ,住宅,住宅,,,,第１種住居地域,60.0,200.0,2020年第２四半期,未改装,,7.3222192947339195
22001172,中古マンション等,,22101,静岡県,静岡市葵区,駒形通,静岡,15,２ＬＤＫ,55,,,,平成10年,ＳＲＣ,住宅,住宅,,,,商業地域,80.0,400.0,2017年第２四半期,未改装,,7.3222192947339195
22070014,中古マンション等,,22203,静岡県,沼津市,高沢町,沼津,9,３ＬＤＫ,80,,,,平成22年,ＲＣ,住宅,,,,,近隣商業地域,80.0,200.0,2011年第３四半期,未改装,,7.518513939877887
22021813,中古マンション等,,22203,静岡県,沼津市,東椎路,沼津,30分?60分,３Ｋ,50,,,,平成3年,ＲＣ,住宅,住宅,,,,第２種中高層住居専用地域,60.0,150.0,2016年第２四半期,未改装,,6.662757831681574
22123159,中古マンション等,,22132,静岡県,浜松市東区,大瀬町,浜松,1H?1H30,４ＬＤＫ,95,,,,平成10年,ＲＣ,住宅,,,,,市街化調整区域,60.0,200.0,2007年第３四半期,,,7.361727836017593
22017635,中古マンション等,,22135,静岡県,浜松市北区,三ヶ日町都筑,都筑,30分?60分,２ＬＤＫ,55,,,,昭和49年,ＳＲＣ,住宅,住宅,,,,市街化調整区域,60.0,200.0,2020年第２四半期,未改装,,6.0
22095562,中古マンション等,,22203,静岡県,沼津市,東椎路,片浜,24,３ＬＤＫ,70,,,,平成6年,ＲＣ,住宅,,,,,市街化調整区域,60.0,200.0,2013年第４四半期,未改装,,7.113943352306837
22093601,中古マンション等,,22212,静岡県,焼津市,焼津,焼津,9,２ＬＤＫ,55,,,,平成9年,ＲＣ,住宅,住宅,,,,第２種住居地域,60.0,200.0,2015年第１四半期,,,6.939519252618618
22017750,中古マンション等,,22135,静岡県,浜松市北区,三ヶ日町都筑,東都筑,23,２ＬＤＫ,75,,,,平成2年,ＳＲＣ,住宅,住宅,,,,市街化調整区域,60.0,200.0,2016年第３四半期,未改装,,6.963787827345556
22010066,中古マンション等,,22131,静岡県,浜松市中区,高丘東,浜松,1H30?2H,３ＬＤＫ,60,,,,平成4年,ＲＣ,住宅,住宅,,,,工業地域,60.0,200.0,2017年第２四半期,未改装,,7.041392685158225
22074584,中古マンション等,,22203,静岡県,沼津市,高沢町,沼津,6,２ＬＤＫ,70,,,,昭和56年,ＳＲＣ,住宅,住宅,,,,商業地域,80.0,400.0,2015年第３四半期,,,6.8750612633917
22094645,中古マンション等,,22203,静岡県,沼津市,下香貫,沼津,30分?60分,３ＬＤＫ,60,,,,昭和63年,ＲＣ,住宅,,,,,第１種住居地域,60.0,200.0,2013年第１四半期,未改装,調停・競売等,6.698970004336019
22073154,中古マンション等,,22102,静岡県,静岡市駿河区,豊田,静岡,30分?60分,３ＬＤＫ,70,,,,,ＳＲＣ,住宅,,,,,工業地域,60.0,200.0,2013年第１四半期,未改装,,7.176091259055681
22032224,中古マンション等,,22210,静岡県,富士市,吉原,吉原,30分?60分,３ＬＤＫ,65,,,,平成5年,ＳＲＣ,住宅,,,,,商業地域,80.0,400.0,2016年第４四半期,未改装,,7.079181246047625
22092730,中古マンション等,,22131,静岡県,浜松市中区,領家,浜松,30分?60分,３ＬＤＫ,65,,,,平成20年,ＲＣ,住宅,,,,,第１種住居地域,60.0,200.0,2009年第２四半期,未改装,,7.230448921378274
22106829,中古マンション等,,22210,静岡県,富士市,水戸島元町,富士,5,３ＬＤＫ,75,,,,,ＲＣ,住宅,,,,,商業地域,80.0,400.0,2013年第４四半期,未改装,,7.342422680822207
22009859,中古マンション等,,22131,静岡県,浜松市中区,高丘北,浜松,1H30?2H,４ＬＤＫ,85,,,,平成11年,ＲＣ,住宅,,,,,第１種住居地域,60.0,200.0,2018年第１四半期,改装済,,7.3979400086720375
22008615,中古マンション等,,22131,静岡県,浜松市中区,海老塚,浜松,11,３ＬＤＫ,65,,,,昭和49年,,,住宅,,,,第１種住居地域,60.0,200.0,2018年第２四半期,未改装,,6.6020599913279625
22001880,中古マンション等,,22101,静岡県,静岡市葵区,鷹匠,静岡,15,１Ｋ,20,,,,平成2年,ＲＣ,,住宅,,,,商業地域,80.0,400.0,2020年第１四半期,未改装,,6.414973347970818
22054096,中古マンション等,,22131,静岡県,浜松市中区,泉,浜松,1H?1H30,３ＬＤＫ,75,,,,平成13年,ＲＣ,住宅,住宅,,,,第１種中高層住居専用地域,60.0,200.0,2014年第３四半期,未改装,,7.204119982655925
22119657,中古マンション等,,22102,静岡県,静岡市駿河区,下川原,安倍川,19,３ＬＤＫ,60,,,,平成7年,ＲＣ,住宅,,,,,第２種中高層住居専用地域,60.0,200.0,2008年第１四半期,未改装,,6.977723605288848
22061259,中古マンション等,,22131,静岡県,浜松市中区,板屋町,浜松,5,３ＬＤＫ,60,,,,平成19年,ＲＣ,住宅,その他,,,,商業地域,80.0,400.0,2015年第４四半期,,,7.301029995663981
22001242,中古マンション等,,22101,静岡県,静岡市葵区,三番町,静岡,24,２ＬＤＫ,50,,,,平成31年,ＲＣ,,住宅,,,,近隣商業地域,80.0,200.0,2020年第３四半期,未改装,,7.531478917042255
22107319,中古マンション等,,22214,静岡県,藤枝市,田沼,藤枝,1,３ＬＤＫ,75,,,,平成16年,ＳＲＣ,住宅,,,,,商業地域,80.0,400.0,2012年第２四半期,未改装,,7.380211241711606
22010717,中古マンション等,,22131,静岡県,浜松市中区,成子町,浜松,13,３ＬＤＫ,70,,,,平成8年,ＳＲＣ,住宅,住宅,,,,第１種中高層住居専用地域,60.0,200.0,2017年第２四半期,改装済,,7.204119982655925
22103901,中古マンション等,,22203,静岡県,沼津市,高沢町,沼津,5,,90,,,,平成11年,ＲＣ,住宅,,,,,商業地域,80.0,400.0,2009年第１四半期,,調停・競売等,7.230448921378274
22121735,中古マンション等,,22103,静岡県,静岡市清水区,松原町,清水(静岡),,３ＬＤＫ,75,,,,平成18年,ＲＣ,住宅,,,,,商業地域,80.0,400.0,2006年第２四半期,未改装,,7.431363764158987
22009725,中古マンション等,,22131,静岡県,浜松市中区,住吉,浜松,30分?60分,３ＬＤＫ,60,,,,昭和50年,ＲＣ,住宅,住宅,,,,第２種住居地域,60.0,200.0,2016年第２四半期,未改装,,6.176091259055681
22038379,中古マンション等,,22214,静岡県,藤枝市,駅前,藤枝,4,３ＬＤＫ,80,,,,,,,住宅,,,,商業地域,80.0,400.0,2019年第１四半期,未改装,,7.431363764158987
22008557,中古マンション等,,22131,静岡県,浜松市中区,板屋町,浜松,4,３ＬＤＫ,90,,,,,,,事務所,,,,商業地域,80.0,600.0,2018年第３四半期,未改装,,7.690196080028514
22092112,中古マンション等,,22131,静岡県,浜松市中区,東伊場,浜松,23,４ＬＤＫ,95,,,,平成20年,ＲＣ,住宅,,,,,第２種住居地域,60.0,200.0,2009年第２四半期,未改装,,7.518513939877887
22008261,中古マンション等,,22131,静岡県,浜松市中区,相生町,浜松,18,３ＬＤＫ,80,,,,平成11年,ＳＲＣ,住宅,住宅,,,,商業地域,80.0,400.0,2016年第３四半期,未改装,,7.2552725051033065
22009177,中古マンション等,,22131,静岡県,浜松市中区,幸,浜松,1H?1H30,３ＬＤＫ,75,,,,昭和50年,ＳＲＣ,住宅,住宅,,,,第２種住居地域,60.0,200.0,2018年第２四半期,改装済,,6.740362689494244
22109125,中古マンション等,,22212,静岡県,焼津市,駅北,焼津,6,３ＬＤＫ,70,,,,平成20年,ＲＣ,住宅,,,,,第１種住居地域,60.0,200.0,2013年第１四半期,未改装,,7.079181246047625
22008389,中古マンション等,,22131,静岡県,浜松市中区,葵東,浜松,1H?1H30,４ＬＤＫ,70,,,,平成11年,ＲＣ,住宅,住宅,,,,近隣商業地域,80.0,300.0,2016年第４四半期,未改装,,7.146128035678238
22008872,中古マンション等,,22131,静岡県,浜松市中区,神田町,浜松,28,３ＬＤＫ,80,,,,平成10年,,,住宅,,,,第１種住居地域,60.0,200.0,2018年第１四半期,改装済,,7.204119982655925
22078978,中古マンション等,,22131,静岡県,浜松市中区,北寺島町,浜松,10,１Ｋ,20,,,,昭和59年,ＲＣ,住宅,,,,,商業地域,80.0,500.0,2013年第３四半期,未改装,,5.845098040014257
22119431,中古マンション等,,22102,静岡県,静岡市駿河区,小黒,静岡,20,３ＬＤＫ,55,,,,昭和63年,ＲＣ,住宅,,,,,準工業地域,60.0,200.0,2007年第４四半期,未改装,,6.924279286061882
22023439,中古マンション等,,22206,静岡県,三島市,中,三島,30分?60分,３ＬＤＫ,60,,,,,ＲＣ,住宅,住宅,,,,第１種中高層住居専用地域,60.0,200.0,2020年第３四半期,,,6.954242509439325
22009229,中古マンション等,,22131,静岡県,浜松市中区,佐藤,浜松,21,２ＬＤＫ＋Ｓ,70,,,,平成20年,ＲＣ,住宅,住宅,,,,商業地域,80.0,400.0,2020年第３四半期,,,7.414973347970818
22075787,中古マンション等,,22210,静岡県,富士市,水戸島,富士,12,４ＬＤＫ,80,,,,平成12年,ＳＲＣ,住宅,住宅,,,,第２種住居地域,60.0,200.0,2014年第４四半期,未改装,,6.986771734266245
22118968,中古マンション等,,22101,静岡県,静岡市葵区,古庄,東静岡,15,４ＬＤＫ,80,,,,平成10年,ＲＣ,住宅,,,,,準工業地域,60.0,200.0,2007年第３四半期,未改装,,7.342422680822207
22059599,中古マンション等,,22131,静岡県,浜松市中区,高丘北,浜松,1H30?2H,３ＬＤＫ,75,,,,平成18年,ＲＣ,住宅,,,,,近隣商業地域,80.0,200.0,2011年第１四半期,改装済,,7.301029995663981
22057901,中古マンション等,,22103,静岡県,静岡市清水区,馬走北,清水(静岡),30分?60分,３ＬＤＫ,65,,,,昭和52年,ＳＲＣ,住宅,,,,,第２種住居地域,60.0,200.0,2011年第２四半期,未改装,,6.913813852383717
22032373,中古マンション等,,22211,静岡県,磐田市,今之浦,磐田,25,３ＬＤＫ,65,,,,平成20年,ＲＣ,住宅,住宅,,,,第１種住居地域,60.0,200.0,2019年第１四半期,改装済,,7.278753600952829
22128333,中古マンション等,,22210,静岡県,富士市,今泉,富士,,４ＬＤＫ,90,,,,平成19年,ＲＣ,住宅,,,,,,,,2008年第４四半期,未改装,,7.414973347970818
22123870,中古マンション等,,22133,静岡県,浜松市西区,舞阪町弁天島,弁天島,1,２ＤＫ,35,,,,昭和51年,ＳＲＣ,住宅,,,,,商業地域,80.0,400.0,2008年第３四半期,未改装,,6.518513939877887
22031758,中古マンション等,,22210,静岡県,富士市,南町,吉原本町,6,２ＬＤＫ,75,,,,平成11年,ＲＣ,,住宅,,,,商業地域,80.0,400.0,2018年第４四半期,未改装,,7.204119982655925
22067201,中古マンション等,,22133,静岡県,浜松市西区,雄踏町宇布見,浜松,1H30?2H,３ＬＤＫ,75,,,,平成6年,ＳＲＣ,住宅,住宅,,,,第２種中高層住居専用地域,60.0,200.0,2015年第２四半期,未改装,,7.079181246047625
22119232,中古マンション等,,22101,静岡県,静岡市葵区,竜南,静岡,30分?60分,４ＬＤＫ,80,,,,平成4年,ＲＣ,住宅,,,,,第２種中高層住居専用地域,60.0,200.0,2008年第４四半期,未改装,,7.301029995663981
22008984,中古マンション等,,22131,静岡県,浜松市中区,鴨江,浜松,20,３ＬＤＫ,90,,,,平成15年,ＲＣ,住宅,,,,,第２種中高層住居専用地域,60.0,200.0,2018年第１四半期,,,7.518513939877887
22061492,中古マンション等,,22131,静岡県,浜松市中区,上島,浜松,30分?60分,２ＬＤＫ,70,,,,平成15年,ＳＲＣ,住宅,住宅,,,,第１種住居地域,60.0,500.0,2015年第３四半期,未改装,,7.113943352306837
22053639,中古マンション等,,22103,静岡県,静岡市清水区,真砂町,清水(静岡),5,オープンフロア,55,,,,平成23年,鉄骨造,店舗,店舗,,,,商業地域,80.0,400.0,2014年第２四半期,未改装,,6.301029995663981
22062139,中古マンション等,,22131,静岡県,浜松市中区,佐鳴台,浜松,30分?60分,１Ｋ,15,,,,,ＲＣ,住宅,その他,,,,第１種中高層住居専用地域,60.0,200.0,2015年第２四半期,未改装,,6.278753600952829
22033756,中古マンション等,,22211,静岡県,磐田市,中泉,磐田,16,３ＬＤＫ,80,,,,平成23年,,,住宅,,,,工業地域,60.0,200.0,2020年第１四半期,未改装,,7.301029995663981
22054693,中古マンション等,,22131,静岡県,浜松市中区,蜆塚,浜松,30分?60分,４ＬＤＫ,95,,,,平成15年,ＲＣ,住宅,住宅,,,,第１種中高層住居専用地域,60.0,200.0,2014年第４四半期,未改装,,7.491361693834273
22001255,中古マンション等,,22101,静岡県,静岡市葵区,三番町,静岡,25,１ＬＤＫ,55,,,,平成31年,,住宅,住宅,,,,近隣商業地域,80.0,200.0,2019年第４四半期,,,7.4623979978989565
22081830,中古マンション等,,22210,静岡県,富士市,永田町,富士,30分?60分,４ＬＤＫ,85,,,,平成17年,ＲＣ,住宅,,,,,商業地域,80.0,400.0,2011年第３四半期,未改装,,7.380211241711606
22073938,中古マンション等,,22102,静岡県,静岡市駿河区,曲金,東静岡,14,２ＬＤＫ,60,,,,平成7年,ＲＣ,住宅,,,,,近隣商業地域,80.0,200.0,2013年第２四半期,,,7.176091259055681
22120769,中古マンション等,,22103,静岡県,静岡市清水区,江尻台町,清水(静岡),14,３ＬＤＫ,70,,,,平成13年,ＲＣ,住宅,,,,,近隣商業地域,80.0,300.0,2007年第３四半期,未改装,,7.278753600952829
22058764,中古マンション等,,22133,静岡県,浜松市西区,雄踏町宇布見,浜松,1H30?2H,３ＬＤＫ,75,,,,平成6年,ＳＲＣ,住宅,住宅,,,,第１種中高層住居専用地域,60.0,200.0,2014年第２四半期,改装済,,7.079181246047625
22019985,中古マンション等,,22203,静岡県,沼津市,旭町,沼津,16,２ＤＫ,60,,,,昭和64年,ＲＣ,,住宅,,,,近隣商業地域,80.0,200.0,2020年第３四半期,改装済,,6.897627091290442
22066670,中古マンション等,,22203,静岡県,沼津市,高沢町,沼津,5,４ＬＤＫ,95,,,,平成14年,ＲＣ,住宅,,,,,商業地域,80.0,400.0,2010年第４四半期,未改装,,7.431363764158987
22058901,中古マンション等,,22132,静岡県,浜松市東区,植松町,浜松,30分?60分,３ＬＤＫ,90,,,,平成11年,ＲＣ,住宅,,,,,第１種住居地域,60.0,200.0,2010年第３四半期,未改装,,7.113943352306837
22057067,中古マンション等,,22132,静岡県,浜松市東区,神立町,浜松,30分?60分,２ＬＤＫ,75,,,,平成18年,ＲＣ,住宅,住宅,,,,第２種住居地域,60.0,200.0,2014年第３四半期,未改装,,7.361727836017593
22119305,中古マンション等,,22102,静岡県,静岡市駿河区,池田,東静岡,29,３ＬＤＫ,65,,,,平成9年,ＲＣ,住宅,,,,,第１種中高層住居専用地域,60.0,150.0,2008年第２四半期,改装済,,7.2552725051033065
22015235,中古マンション等,,22134,静岡県,浜松市南区,恩地町,浜松,30分?60分,３ＬＤＫ,85,,,,昭和58年,,,住宅,,,,第１種住居地域,60.0,200.0,2020年第２四半期,未改装,,6.3979400086720375
22017436,中古マンション等,,22135,静岡県,浜松市北区,三ヶ日町大崎,都筑,30分?60分,２ＬＤＫ,75,,,,平成2年,ＳＲＣ,住宅,住宅,,,,市街化調整区域,60.0,200.0,2020年第１四半期,改装済,,6.6020599913279625
22072871,中古マンション等,,22102,静岡県,静岡市駿河区,石部,用宗,18,１ＬＤＫ,40,,,,平成6年,ＲＣ,住宅,,,,,第１種住居地域,60.0,200.0,2013年第１四半期,改装済,,6.929418925714293
22079669,中古マンション等,,22131,静岡県,浜松市中区,菅原町,浜松,14,４ＬＤＫ,95,,,,平成10年,ＲＣ,住宅,,,,,近隣商業地域,80.0,300.0,2013年第２四半期,未改装,,7.3222192947339195
22122239,中古マンション等,,22131,静岡県,浜松市中区,鴨江,浜松,30分?60分,オープンフロア,60,,,,昭和50年,ＳＲＣ,店舗,,,,,第２種中高層住居専用地域,60.0,200.0,2007年第３四半期,未改装,,6.845098040014257
22121743,中古マンション等,,22103,静岡県,静岡市清水区,馬走北,草薙(ＪＲ),30分?60分,３ＬＤＫ,65,,,,昭和52年,ＳＲＣ,住宅,,,,,第２種住居地域,60.0,200.0,2008年第２四半期,未改装,,6.778151250383644
22124635,中古マンション等,,22135,静岡県,浜松市北区,三ヶ日町大崎,都筑,30分?60分,１ＬＤＫ,50,,,,昭和63年,ＳＲＣ,住宅,,,,,市街化調整区域,60.0,200.0,2008年第２四半期,未改装,,6.544068044350276
22070070,中古マンション等,,22135,静岡県,浜松市北区,三ヶ日町都筑,都筑,25,１Ｋ,45,,,,平成7年,ＳＲＣ,住宅,住宅,,,,市街化調整区域,60.0,200.0,2015年第２四半期,未改装,,6.690196080028514
22057946,中古マンション等,,22133,静岡県,浜松市西区,入野町,浜松,30分?60分,３ＬＤＫ,80,,,,平成15年,ＲＣ,住宅,住宅,,,,第２種住居地域,60.0,200.0,2014年第４四半期,,,7.342422680822207
22052323,中古マンション等,,22101,静岡県,静岡市葵区,古庄,東静岡,16,３ＤＫ,60,,,,昭和54年,ＲＣ,住宅,,,,,第１種住居地域,60.0,200.0,2010年第４四半期,,,6.845098040014257
22023767,中古マンション等,,22206,静岡県,三島市,本町,三島広小路,7,３ＬＤＫ,80,,,,平成17年,,,住宅,,,,商業地域,80.0,400.0,2019年第４四半期,未改装,,7.491361693834273
22061385,中古マンション等,,22131,静岡県,浜松市中区,上島,上島,14,,80,,,,平成12年,ＲＣ,住宅,,,,,第１種中高層住居専用地域,60.0,200.0,2015年第３四半期,,,7.041392685158225
22118749,中古マンション等,,22101,静岡県,静岡市葵区,長沼,東静岡,,３ＬＤＫ,85,,,,平成15年,ＲＣ,住宅,,,,,第１種住居地域,60.0,200.0,2007年第１四半期,未改装,,7.447158031342219
22017479,中古マンション等,,22135,静岡県,浜松市北区,三ヶ日町大崎,都筑,30分?60分,２ＬＤＫ,75,,,,,ＳＲＣ,住宅,住宅,,,,市街化調整区域,60.0,200.0,2016年第２四半期,未改装,,6.778151250383644
22007739,中古マンション等,,22103,静岡県,静岡市清水区,万世町,清水(静岡),16,３ＬＤＫ,65,,,,平成9年,ＳＲＣ,住宅,住宅,,,,商業地域,80.0,400.0,2016年第３四半期,改装済,,7.113943352306837
22065988,中古マンション等,,22203,静岡県,沼津市,大手町,沼津,1,２ＬＤＫ,65,,,,平成20年,ＲＣ,住宅,,,,,商業地域,80.0,600.0,2010年第３四半期,未改装,,7.4623979978989565
22001131,中古マンション等,,22101,静岡県,静岡市葵区,呉服町,静岡,9,オープンフロア,75,,,,平成30年,ＳＲＣ,,その他,,,,商業地域,80.0,600.0,2020年第１四半期,未改装,,7.643452676486188
22119087,中古マンション等,,22101,静岡県,静岡市葵区,南安倍,静岡,25,１Ｋ,15,,,,平成3年,ＲＣ,住宅,,,,,近隣商業地域,80.0,300.0,2008年第１四半期,,,6.176091259055681
22093745,中古マンション等,,22203,静岡県,沼津市,大岡,沼津,15,３ＬＤＫ,65,,,,平成8年,ＲＣ,住宅,,,,,第２種住居地域,60.0,200.0,2013年第１四半期,未改装,,6.913813852383717
22106058,中古マンション等,,22206,静岡県,三島市,西若町,三島広小路,8,３ＬＤＫ,65,,,,昭和61年,ＲＣ,住宅,,,,,近隣商業地域,80.0,200.0,2009年第１四半期,未改装,,7.079181246047625
22087813,中古マンション等,,22210,静岡県,富士市,水戸島,富士,10,３ＬＤＫ,70,,,,平成2年,ＳＲＣ,住宅,住宅,,,,第２種住居地域,60.0,200.0,2015年第４四半期,未改装,関係者間取引,6.698970004336019
22004726,中古マンション等,,22102,静岡県,静岡市駿河区,中吉田,県立美術館前,14,３ＬＤＫ,75,,,,平成29年,ＲＣ,,住宅,,,,工業地域,60.0,200.0,2018年第１四半期,未改装,,7.6020599913279625
22077139,中古マンション等,,22206,静岡県,三島市,萩,三島,30分?60分,３ＬＤＫ,65,,,,平成6年,ＲＣ,住宅,住宅,,,,第１種中高層住居専用地域,60.0,200.0,2015年第４四半期,未改装,,7.079181246047625
22117943,中古マンション等,,22101,静岡県,静岡市葵区,春日,静岡,,２ＬＤＫ,50,,,,昭和47年,ＳＲＣ,住宅,,,,,第２種住居地域,60.0,200.0,2006年第４四半期,未改装,,6.633468455579586
22072476,中古マンション等,,22206,静岡県,三島市,中央町,三島,14,４ＬＤＫ,90,,,,平成15年,ＲＣ,住宅,,,,,近隣商業地域,80.0,200.0,2011年第３四半期,未改装,,7.531478917042255
22075000,中古マンション等,,22132,静岡県,浜松市東区,天龍川町,天竜川,3,３ＬＤＫ,75,,,,,ＳＲＣ,住宅,,,,,近隣商業地域,80.0,300.0,2012年第１四半期,未改装,,7.113943352306837
22061875,中古マンション等,,22101,静岡県,静岡市葵区,唐瀬,静岡,30分?60分,３ＬＤＫ,65,,,,平成7年,ＲＣ,住宅,,,,,第１種住居地域,60.0,200.0,2012年第２四半期,改装済,,7.041392685158225
22001153,中古マンション等,,22101,静岡県,静岡市葵区,駒形通,静岡,15,１Ｒ,10,,,,昭和59年,ＲＣ,住宅,住宅,,,,商業地域,80.0,400.0,2019年第３四半期,未改装,,6.079181246047625
22081111,中古マンション等,,22131,静岡県,浜松市中区,西伊場町,浜松,30分?60分,２ＤＫ,35,,,,昭和49年,ＳＲＣ,住宅,,,,,第２種住居地域,60.0,200.0,2013年第３四半期,改装済,,6.531478917042255
22022952,中古マンション等,,22206,静岡県,三島市,梅名,大場,15,２ＬＤＫ,75,,,,平成8年,,,住宅,,,,第２種中高層住居専用地域,60.0,150.0,2017年第３四半期,未改装,,6.973127853599698
22017630,中古マンション等,,22135,静岡県,浜松市北区,三ヶ日町都筑,都筑,19,１ＤＫ,50,,,,,ＳＲＣ,住宅,住宅,,,,市街化調整区域,60.0,200.0,2020年第３四半期,改装済,,6.740362689494244
22002511,中古マンション等,,22101,静岡県,静岡市葵区,馬場町,静岡,15,２ＬＤＫ,85,,,,,ＳＲＣ,住宅,住宅,,,,商業地域,,,2016年第３四半期,改装済,,7.477121254719663
22020534,中古マンション等,,22203,静岡県,沼津市,大手町,沼津,1,２ＬＤＫ,70,,,,平成20年,,住宅,その他,,,,商業地域,80.0,600.0,2020年第２四半期,,,7.491361693834273
22094373,中古マンション等,,22132,静岡県,浜松市東区,天王町,浜松,1H?1H30,３ＬＤＫ,65,,,,平成2年,ＲＣ,住宅,,,,,第１種住居地域,60.0,200.0,2009年第３四半期,未改装,,6.929418925714293
22063199,中古マンション等,,22131,静岡県,浜松市中区,中沢町,浜松,29,１ＤＫ,25,,,,平成3年,ＲＣ,住宅,,,,,商業地域,80.0,400.0,2015年第２四半期,,,6.414973347970818
22031711,中古マンション等,,22210,静岡県,富士市,水戸島本町,富士,6,１ＬＤＫ,30,,,,平成4年,ＳＲＣ,住宅,,,,,近隣商業地域,80.0,300.0,2020年第３四半期,未改装,,6.623249290397901
22060184,中古マンション等,,22131,静岡県,浜松市中区,西浅田,浜松,24,３ＬＤＫ,55,,,,平成3年,ＳＲＣ,住宅,,,,,近隣商業地域,80.0,300.0,2011年第１四半期,未改装,,6.799340549453582
22095507,中古マンション等,,22203,静岡県,沼津市,原,原(静岡),14,３ＬＤＫ,85,,,,昭和64年,ＳＲＣ,住宅,,,,,第１種住居地域,60.0,200.0,2013年第１四半期,改装済,,6.929418925714293
22119261,中古マンション等,,22101,静岡県,静岡市葵区,両替町,静岡,11,３ＬＤＫ,75,,,,平成10年,ＳＲＣ,住宅,,,,,商業地域,80.0,600.0,2007年第３四半期,未改装,,7.57978359661681
22012293,中古マンション等,,22132,静岡県,浜松市東区,笠井新田町,浜松,2H?,３ＬＤＫ,65,,,,平成4年,,住宅,住宅,,,,市街化調整区域,60.0,200.0,2020年第１四半期,改装済,,7.041392685158225
22008546,中古マンション等,,22131,静岡県,浜松市中区,板屋町,浜松,4,２ＤＫ,75,,,,平成19年,ＲＣ,住宅,住宅,,,,商業地域,80.0,400.0,2020年第１四半期,未改装,,7.531478917042255
22123876,中古マンション等,,22133,静岡県,浜松市西区,舞阪町弁天島,弁天島,3,２ＬＤＫ,45,,,,昭和50年,ＳＲＣ,住宅,,,,,商業地域,80.0,400.0,2008年第２四半期,未改装,,6.518513939877887
22004207,中古マンション等,,22102,静岡県,静岡市駿河区,高松,静岡,1H30?2H,２ＬＤＫ,60,,,,平成10年,ＲＣ,,住宅,,,,第１種中高層住居専用地域,60.0,150.0,2018年第３四半期,改装済,,6.977723605288848
22054283,中古マンション等,,22101,静岡県,静岡市葵区,竜南,静岡,30分?60分,２ＬＤＫ,60,,,,昭和52年,ＲＣ,住宅,,,,,第２種中高層住居専用地域,60.0,200.0,2011年第１四半期,未改装,,6.832508912706237
22060527,中古マンション等,,22103,静岡県,静岡市清水区,本郷町,清水(静岡),6,１Ｋ,25,,,,昭和49年,ＳＲＣ,住宅,住宅,,,,商業地域,80.0,400.0,2015年第４四半期,改装済,,6.3979400086720375
22009556,中古マンション等,,22131,静岡県,浜松市中区,新津町,浜松,30分?60分,３ＬＤＫ,65,,,,平成7年,ＲＣ,住宅,住宅,,,,第１種住居地域,60.0,200.0,2019年第２四半期,未改装,,7.146128035678238
22008713,中古マンション等,,22131,静岡県,浜松市中区,上島,浜松,30分?60分,３ＬＤＫ,70,,,,平成9年,ＲＣ,住宅,住宅,,,,第１種住居地域,60.0,200.0,2020年第３四半期,未改装,,7.146128035678238
22031729,中古マンション等,,22210,静岡県,富士市,水戸島本町,富士,6,１Ｋ,15,,,,,ＳＲＣ,住宅,住宅,,,,近隣商業地域,80.0,300.0,2017年第１四半期,,,6.3979400086720375
22055484,中古マンション等,,22101,静岡県,静岡市葵区,七間町,静岡,14,３ＬＤＫ,75,,,,平成14年,ＳＲＣ,住宅,住宅,,,,商業地域,80.0,600.0,2015年第２四半期,改装済,,7.431363764158987
22068191,中古マンション等,,22103,静岡県,静岡市清水区,千歳町,清水(静岡),19,３ＬＤＫ,65,,,,平成19年,ＲＣ,住宅,,,,,商業地域,80.0,400.0,2012年第１四半期,,,6.8512583487190755
22106921,中古マンション等,,22214,静岡県,藤枝市,駿河台,藤枝,28,３ＬＤＫ,70,,,,平成7年,ＲＣ,住宅,,,,,第１種中高層住居専用地域,60.0,200.0,2012年第２四半期,未改装,,6.954242509439325
22122998,中古マンション等,,22131,静岡県,浜松市中区,和合町,浜松,1H?1H30,３ＬＤＫ,65,,,,平成7年,ＲＣ,住宅,,,,,第１種住居地域,60.0,200.0,2008年第３四半期,未改装,調停・競売等,7.079181246047625
22119311,中古マンション等,,22102,静岡県,静岡市駿河区,池田,東静岡,26,４ＬＤＫ,95,,,,平成10年,ＲＣ,住宅,,,,,第１種中高層住居専用地域,60.0,150.0,2008年第１四半期,未改装,,7.414973347970818
22000528,中古マンション等,,22101,静岡県,静岡市葵区,春日,静岡,21,３ＬＤＫ,55,,,,昭和48年,ＳＲＣ,住宅,住宅,,,,第２種住居地域,60.0,200.0,2017年第４四半期,未改装,,6.544068044350276
22057039,中古マンション等,,22132,静岡県,浜松市東区,小池町,浜松,1H?1H30,３ＬＤＫ,75,,,,昭和64年,ＲＣ,住宅,住宅,,,,準工業地域,60.0,200.0,2014年第４四半期,未改装,,6.939519252618618
22051355,中古マンション等,,22101,静岡県,静岡市葵区,追手町,静岡,13,２ＬＤＫ,70,,,,昭和54年,ＳＲＣ,住宅,,,,,商業地域,80.0,600.0,2010年第４四半期,改装済,,7.041392685158225
22089174,中古マンション等,,22131,静岡県,浜松市中区,板屋町,浜松,9,４ＬＤＫ,80,,,,平成13年,ＲＣ,住宅,,,,,商業地域,80.0,400.0,2009年第２四半期,未改装,,7.518513939877887
22000597,中古マンション等,,22101,静岡県,静岡市葵区,上足洗,静岡,30分?60分,２ＬＤＫ＋Ｓ,65,,,,,,,住宅,,,,第２種中高層住居専用地域,60.0,200.0,2020年第１四半期,未改装,,6.954242509439325
22029532,中古マンション等,,22210,静岡県,富士市,今泉,吉原,30分?60分,４ＬＤＫ,80,,,,平成18年,ＲＣ,,住宅,,,,工業地域,60.0,200.0,2018年第４四半期,未改装,,7.204119982655925
22120698,中古マンション等,,22103,静岡県,静岡市清水区,入江,清水(静岡),,２ＬＤＫ,55,,,,平成18年,ＲＣ,住宅,,,,,近隣商業地域,80.0,300.0,2006年第３四半期,未改装,,7.301029995663981
22064520,中古マンション等,,22102,静岡県,静岡市駿河区,池田,東静岡,8,４ＬＤＫ,80,,,,平成12年,ＲＣ,住宅,,,,,近隣商業地域,80.0,300.0,2012年第４四半期,未改装,,7.3222192947339195
22092503,中古マンション等,,22212,静岡県,焼津市,栄町,焼津,5,２ＬＤＫ,60,,,,平成9年,ＲＣ,住宅,住宅,,,,準工業地域,60.0,150.0,2015年第２四半期,改装済,,7.176091259055681
22007423,中古マンション等,,22103,静岡県,静岡市清水区,西久保,清水(静岡),25,,75,,,,,ＲＣ,住宅,住宅,,,,第１種住居地域,,,2016年第３四半期,未改装,調停・競売等,7.176091259055681
22017477,中古マンション等,,22135,静岡県,浜松市北区,三ヶ日町大崎,都筑,30分?60分,２ＤＫ,80,,,,平成2年,ＳＲＣ,住宅,住宅,,,,市街化調整区域,60.0,200.0,2016年第２四半期,未改装,,6.778151250383644
22058350,中古マンション等,,22131,静岡県,浜松市中区,相生町,浜松,,４ＬＤＫ,85,,,,平成11年,ＳＲＣ,住宅,,,,,商業地域,80.0,400.0,2011年第１四半期,改装済,,7.3222192947339195
22005121,中古マンション等,,22102,静岡県,静岡市駿河区,曲金,東静岡,9,４ＬＤＫ,85,,,,平成20年,ＲＣ,住宅,住宅,,,,工業地域,60.0,200.0,2016年第３四半期,未改装,調停・競売等,7.380211241711606
22002125,中古マンション等,,22101,静岡県,静岡市葵区,天王町,静岡,14,１Ｋ,15,,,,昭和59年,ＲＣ,住宅,住宅,,,,商業地域,80.0,400.0,2016年第２四半期,未改装,,6.477121254719663
22005480,中古マンション等,,22102,静岡県,静岡市駿河区,南町,静岡,4,３ＬＤＫ,65,,,,平成16年,ＲＣ,住宅,住宅,,,,商業地域,80.0,500.0,2016年第３四半期,未改装,,7.380211241711606
22021209,中古マンション等,,22203,静岡県,沼津市,杉崎町,沼津,14,３ＬＤＫ,65,,,,平成9年,ＳＲＣ,住宅,住宅,,,,第２種住居地域,60.0,200.0,2017年第４四半期,改装済,,6.954242509439325
22069457,中古マンション等,,22101,静岡県,静岡市葵区,神明町,静岡,29,３ＬＤＫ,90,,,,平成15年,ＲＣ,住宅,,,,,準工業地域,60.0,200.0,2013年第２四半期,未改装,,7.414973347970818
22017632,中古マンション等,,22135,静岡県,浜松市北区,三ヶ日町都筑,都筑,29,１ＬＤＫ,45,,,,,ＳＲＣ,住宅,住宅,,,,市街化調整区域,60.0,200.0,2020年第３四半期,未改装,,6.653212513775344
22003279,中古マンション等,,22102,静岡県,静岡市駿河区,池田,東静岡,30分?60分,３ＬＤＫ,65,,,,昭和54年,ＲＣ,,住宅,,,,第１種中高層住居専用地域,60.0,150.0,2019年第２四半期,,,6.740362689494244
22023779,中古マンション等,,22206,静岡県,三島市,本町,三島広小路,3,３ＬＤＫ,80,,,,平成13年,ＳＲＣ,住宅,住宅,,,,商業地域,80.0,400.0,2017年第１四半期,未改装,,7.3979400086720375
22077444,中古マンション等,,22103,静岡県,静岡市清水区,宮下町,清水(静岡),15,,50,,,,昭和53年,ＲＣ,住宅,,,,,第２種住居地域,60.0,200.0,2013年第２四半期,未改装,,6.643452676486188
22064776,中古マンション等,,22102,静岡県,静岡市駿河区,小黒,静岡,19,,55,,,,昭和63年,ＲＣ,住宅,,,,,準工業地域,60.0,200.0,2012年第２四半期,未改装,,6.903089986991944
22010299,中古マンション等,,22131,静岡県,浜松市中区,利町,浜松,11,３ＬＤＫ,90,,,,平成16年,ＳＲＣ,住宅,住宅,,,,商業地域,80.0,500.0,2017年第３四半期,未改装,,7.4623979978989565
22084056,中古マンション等,,22102,静岡県,静岡市駿河区,聖一色,東静岡,18,３ＬＤＫ,70,,,,昭和62年,ＲＣ,住宅,,,,,第２種中高層住居専用地域,60.0,200.0,2009年第１四半期,未改装,,6.3222192947339195
22063221,中古マンション等,,22101,静岡県,静岡市葵区,千代田,静岡,30分?60分,３ＬＤＫ,70,,,,平成15年,ＲＣ,住宅,,,,,第１種中高層住居専用地域,60.0,200.0,2012年第１四半期,未改装,,7.3222192947339195
22094039,中古マンション等,,22213,静岡県,掛川市,駅前,掛川,3,３ＬＤＫ,70,,,,平成28年,ＲＣ,住宅,住宅,,,,商業地域,80.0,400.0,2015年第１四半期,,,7.414973347970818
22036279,中古マンション等,,22212,静岡県,焼津市,本町,焼津,15,３ＬＤＫ,75,,,,平成23年,ＲＣ,住宅,住宅,,,,商業地域,80.0,400.0,2016年第３四半期,未改装,,7.230448921378274
22000989,中古マンション等,,22101,静岡県,静岡市葵区,北安東,静岡,30分?60分,３ＬＤＫ,75,,,,昭和64年,ＲＣ,住宅,住宅,,,,第２種中高層住居専用地域,60.0,200.0,2017年第３四半期,未改装,,7.113943352306837
22021324,中古マンション等,,22203,静岡県,沼津市,高島町,沼津,2,３ＬＤＫ,85,,,,平成21年,ＲＣ,住宅,住宅,,,,商業地域,80.0,400.0,2020年第３四半期,未改装,,7.544068044350276
22006214,中古マンション等,,22103,静岡県,静岡市清水区,興津本町,興津,1,３ＬＤＫ,60,,,,平成7年,ＲＣ,住宅,住宅,,,,近隣商業地域,80.0,200.0,2017年第４四半期,未改装,調停・競売等,6.832508912706237
22052580,中古マンション等,,22101,静岡県,静岡市葵区,大岩,静岡,30分?60分,３ＬＤＫ,70,,,,平成17年,ＲＣ,住宅,,,,,第２種中高層住居専用地域,60.0,200.0,2011年第４四半期,未改装,,7.414973347970818
22063089,中古マンション等,,22135,静岡県,浜松市北区,三ヶ日町都筑,都筑,20,１ＬＤＫ,45,,,,平成2年,ＳＲＣ,住宅,,,,,市街化調整区域,60.0,200.0,2010年第２四半期,未改装,,6.301029995663981
22017731,中古マンション等,,22135,静岡県,浜松市北区,三ヶ日町都筑,都筑,30分?60分,１ＬＤＫ,45,,,,平成2年,ＳＲＣ,住宅,住宅,,,,市街化調整区域,60.0,200.0,2016年第１四半期,未改装,,6.4623979978989565
22008991,中古マンション等,,22131,静岡県,浜松市中区,鴨江,浜松,30分?60分,１Ｋ,15,,,,昭和59年,ＲＣ,,住宅,,,,第１種中高層住居専用地域,60.0,200.0,2017年第４四半期,改装済,,5.740362689494244
22032906,中古マンション等,,22211,静岡県,磐田市,上本郷,豊田町,5,,70,,,,,,,住宅,,,,近隣商業地域,80.0,200.0,2018年第１四半期,,,7.146128035678238
22008519,中古マンション等,,22131,静岡県,浜松市中区,泉,浜松,1H?1H30,３ＬＤＫ,85,,,,平成13年,ＲＣ,住宅,住宅,,,,第１種中高層住居専用地域,60.0,200.0,2017年第２四半期,未改装,調停・競売等,7.146128035678238
22009582,中古マンション等,,22131,静岡県,浜松市中区,菅原町,浜松,19,３ＬＤＫ,70,,,,昭和63年,ＲＣ,住宅,住宅,,,,近隣商業地域,80.0,300.0,2019年第２四半期,未改装,,6.477121254719663
22052290,中古マンション等,,22102,静岡県,静岡市駿河区,宮竹,静岡,30分?60分,２ＬＤＫ,80,,,,,ＲＣ,住宅,住宅,,,,第２種中高層住居専用地域,60.0,200.0,2014年第３四半期,未改装,,7.491361693834273
22007525,中古マンション等,,22103,静岡県,静岡市清水区,半左衛門新田,草薙(ＪＲ),26,３ＤＫ＋Ｓ,70,,,,昭和56年,ＳＲＣ,,住宅,,,,準住居地域,60.0,200.0,2017年第３四半期,未改装,,6.447158031342219
22066046,中古マンション等,,22102,静岡県,静岡市駿河区,曲金,東静岡,13,４ＬＤＫ,95,,,,平成20年,ＲＣ,住宅,,,,,工業地域,60.0,200.0,2012年第３四半期,未改装,,7.491361693834273
22133809,中古マンション等,,22429,静岡県,榛原郡川根本町,下泉,下泉,,２ＤＫ,35,,,,平成2年,,住宅,,,,,,,,2006年第２四半期,未改装,,5.698970004336019
22033951,中古マンション等,,22211,静岡県,磐田市,二之宮,磐田,5,３ＬＤＫ,80,,,,平成31年,ＲＣ,,住宅,,,,近隣商業地域,80.0,300.0,2020年第３四半期,改装済,,7.653212513775344
22066511,中古マンション等,,22206,静岡県,三島市,萩,三島,30分?60分,３ＬＤＫ,70,,,,平成6年,ＲＣ,住宅,住宅,,,,第１種中高層住居専用地域,60.0,200.0,2014年第３四半期,未改装,,7.146128035678238
22011398,中古マンション等,,22131,静岡県,浜松市中区,元浜町,浜松,16,１ＤＫ,40,,,,平成8年,,住宅,,,,,商業地域,80.0,400.0,2017年第４四半期,未改装,,7.079181246047625
22017747,中古マンション等,,22135,静岡県,浜松市北区,三ヶ日町都筑,東都筑,21,２ＬＤＫ,75,,,,平成2年,ＳＲＣ,,住宅,,,,市街化調整区域,60.0,200.0,2017年第３四半期,改装済,,7.146128035678238
22068940,中古マンション等,,22203,静岡県,沼津市,大岡,沼津,12,３ＬＤＫ,80,,,,平成20年,ＳＲＣ,住宅,,,,,近隣商業地域,80.0,300.0,2011年第２四半期,未改装,,7.301029995663981
22023476,中古マンション等,,22206,静岡県,三島市,長伏,大場,30分?60分,３ＬＤＫ,65,,,,昭和64年,,,住宅,,,,準工業地域,60.0,200.0,2018年第３四半期,改装済,,6.892094602690481
22118013,中古マンション等,,22101,静岡県,静岡市葵区,唐瀬,静岡,1H?1H30,３ＬＤＫ,65,,,,平成6年,ＲＣ,住宅,,,,,第１種住居地域,60.0,200.0,2008年第４四半期,未改装,,6.819543935541868
22021180,中古マンション等,,22203,静岡県,沼津市,新宿町,沼津,6,３ＬＤＫ,70,,,,平成10年,ＳＲＣ,住宅,住宅,,,,商業地域,80.0,400.0,2018年第４四半期,改装済,,7.146128035678238
22005027,中古マンション等,,22102,静岡県,静岡市駿河区,曲金,静岡,23,４ＤＫ,55,,,,昭和48年,ＳＲＣ,,住宅,,,,工業地域,60.0,200.0,2018年第３四半期,未改装,,6.653212513775344
22031282,中古マンション等,,22210,静岡県,富士市,平垣本町,富士,12,２ＬＤＫ,50,,,,昭和54年,ＲＣ,住宅,住宅,,,,近隣商業地域,80.0,200.0,2016年第１四半期,未改装,,6.531478917042255
22000101,中古マンション等,,22101,静岡県,静岡市葵区,東町,静岡,12,,70,,,,平成22年,,住宅,住宅,,,,近隣商業地域,80.0,300.0,2019年第１四半期,未改装,,7.477121254719663
22015980,中古マンション等,,22134,静岡県,浜松市南区,東若林町,浜松,30分?60分,４ＬＤＫ,80,,,,平成20年,,,住宅,,,,第２種住居地域,60.0,200.0,2017年第３四半期,改装済,,7.176091259055681
22065174,中古マンション等,,22132,静岡県,浜松市東区,神立町,浜松,30分?60分,,85,,,,平成18年,ＲＣ,住宅,住宅,,,,第２種住居地域,60.0,200.0,2015年第３四半期,未改装,,7.4623979978989565
22020075,中古マンション等,,22203,静岡県,沼津市,泉町,沼津,20,３ＬＤＫ,65,,,,平成23年,ＲＣ,,住宅,,,,第１種住居地域,60.0,200.0,2019年第２四半期,未改装,,7.3979400086720375
22058851,中古マンション等,,22134,静岡県,浜松市南区,飯田町,浜松,30分?60分,３ＬＤＫ,70,,,,平成13年,ＲＣ,住宅,住宅,,,,第１種住居地域,60.0,200.0,2014年第４四半期,,,7.204119982655925
22063691,中古マンション等,,22203,静岡県,沼津市,大岡,沼津,25,３ＬＤＫ,65,,,,,ＲＣ,住宅,住宅,,,,準工業地域,60.0,200.0,2014年第２四半期,未改装,,6.919078092376074
22064985,中古マンション等,,22203,静岡県,沼津市,東椎路,片浜,24,３ＬＤＫ,80,,,,平成6年,ＲＣ,住宅,住宅,,,,市街化調整区域,60.0,200.0,2014年第１四半期,改装済,,7.113943352306837
22078334,中古マンション等,,22131,静岡県,浜松市中区,板屋町,浜松,9,３ＬＤＫ,70,,,,平成16年,ＳＲＣ,住宅,,,,,商業地域,80.0,400.0,2013年第４四半期,未改装,,7.301029995663981
22053461,中古マンション等,,22102,静岡県,静岡市駿河区,登呂,静岡,30分?60分,４ＬＤＫ,85,,,,平成12年,ＲＣ,住宅,,,,,第２種中高層住居専用地域,60.0,200.0,2010年第２四半期,未改装,,7.3979400086720375
22118268,中古マンション等,,22101,静岡県,静岡市葵区,駒形通,静岡,,２ＬＤＫ,55,,,,平成3年,,住宅,,,,,商業地域,80.0,400.0,2006年第３四半期,未改装,,7.204119982655925
22017685,中古マンション等,,22135,静岡県,浜松市北区,三ヶ日町都筑,都筑,25,１ＬＤＫ,45,,,,平成2年,,,その他,,,,市街化調整区域,60.0,200.0,2018年第１四半期,未改装,,6.176091259055681
22086496,中古マンション等,,22103,静岡県,静岡市清水区,草薙,草薙(ＪＲ),10,３ＬＤＫ,60,,,,,ＲＣ,住宅,,,,,第１種住居地域,60.0,200.0,2009年第３四半期,改装済,,7.2552725051033065
22016075,中古マンション等,,22134,静岡県,浜松市南区,本郷町,浜松,30分?60分,３ＬＤＫ,70,,,,平成10年,,住宅,住宅,,,,第２種中高層住居専用地域,60.0,200.0,2017年第４四半期,改装済,,7.079181246047625
22059777,中古マンション等,,22131,静岡県,浜松市中区,中央,浜松,13,５ＬＤＫ,130,,,,平成16年,ＳＲＣ,住宅,,,,,近隣商業地域,80.0,300.0,2011年第１四半期,改装済,,7.740362689494244
22080291,中古マンション等,,22101,静岡県,静岡市葵区,伝馬町,静岡,9,２ＬＤＫ,80,,,,平成12年,ＳＲＣ,住宅,,,,,商業地域,80.0,500.0,2009年第１四半期,未改装,,7.505149978319906
22087222,中古マンション等,,22214,静岡県,藤枝市,駅前,藤枝,1,３ＬＤＫ,40,,,,平成14年,ＲＣ,住宅,,,,,商業地域,80.0,400.0,2010年第１四半期,未改装,,7.3222192947339195
22009904,中古マンション等,,22131,静岡県,浜松市中区,高丘北,浜松,1H30?2H,３ＬＤＫ,75,,,,平成19年,ＲＣ,住宅,住宅,,,,近隣商業地域,80.0,200.0,2016年第２四半期,未改装,,7.2552725051033065
22060890,中古マンション等,,22135,静岡県,浜松市北区,三ヶ日町都筑,都筑,20,２ＬＤＫ,95,,,,,ＳＲＣ,住宅,,,,,市街化調整区域,60.0,200.0,2014年第１四半期,未改装,,6.698970004336019
22011126,中古マンション等,,22131,静岡県,浜松市中区,曳馬,浜松,30分?60分,３ＬＤＫ,70,,,,平成19年,ＲＣ,住宅,住宅,,,,第１種住居地域,60.0,200.0,2020年第３四半期,,,7.278753600952829
22125813,中古マンション等,,22203,静岡県,沼津市,西椎路,片浜,15,１ＤＫ,35,,,,昭和64年,ＳＲＣ,住宅,,,,,第２種中高層住居専用地域,60.0,200.0,2008年第４四半期,改装済,,6.623249290397901
22011444,中古マンション等,,22131,静岡県,浜松市中区,山手町,浜松,30分?60分,４ＬＤＫ,100,,,,平成12年,ＲＣ,住宅,住宅,,,,第１種中高層住居専用地域,60.0,200.0,2019年第２四半期,未改装,,7.414973347970818
22002842,中古マンション等,,22101,静岡県,静岡市葵区,緑町,静岡,28,３ＬＤＫ,75,,,,平成21年,ＲＣ,,住宅,,,,第２種中高層住居専用地域,60.0,200.0,2020年第１四半期,未改装,,7.414973347970818
22067498,中古マンション等,,22203,静岡県,沼津市,吉田町,沼津,19,３ＬＤＫ,70,,,,昭和57年,ＲＣ,住宅,,,,,準工業地域,60.0,200.0,2010年第４四半期,改装済,,6.954242509439325
22051858,中古マンション等,,22102,静岡県,静岡市駿河区,豊田,静岡,30分?60分,３ＬＤＫ,65,,,,平成8年,ＳＲＣ,住宅,住宅,,,,工業地域,60.0,200.0,2014年第２四半期,未改装,,7.230448921378274
22066362,中古マンション等,,22206,静岡県,三島市,徳倉,三島,29,３ＬＤＫ,80,,,,平成3年,ＳＲＣ,住宅,住宅,,,,第１種中高層住居専用地域,60.0,200.0,2014年第２四半期,未改装,,7.204119982655925
22065293,中古マンション等,,22132,静岡県,浜松市東区,篠ケ瀬町,浜松,1H?1H30,３ＬＤＫ,85,,,,平成10年,ＳＲＣ,住宅,住宅,,,,近隣商業地域,80.0,300.0,2015年第３四半期,,,7.301029995663981
22070139,中古マンション等,,22101,静岡県,静岡市葵区,千代田,静岡,30分?60分,３ＬＤＫ,70,,,,平成8年,ＲＣ,住宅,,,,,第２種中高層住居専用地域,60.0,200.0,2013年第４四半期,改装済,,7.146128035678238
22061224,中古マンション等,,22132,静岡県,浜松市東区,大蒲町,浜松,30分?60分,３ＬＤＫ,70,,,,平成15年,ＲＣ,住宅,,,,,第１種住居地域,50.0,200.0,2011年第２四半期,未改装,,7.146128035678238
22098514,中古マンション等,,22206,静岡県,三島市,南町,三島,21,２ＬＤＫ,65,,,,平成13年,ＲＣ,住宅,,,,,第２種住居地域,60.0,200.0,2013年第１四半期,未改装,,7.230448921378274
22120332,中古マンション等,,22102,静岡県,静岡市駿河区,馬渕,静岡,8,２ＬＤＫ,70,,,,平成17年,ＲＣ,住宅,,,,,近隣商業地域,80.0,300.0,2006年第４四半期,未改装,,7.4623979978989565
22089868,中古マンション等,,22135,静岡県,浜松市北区,三ヶ日町都筑,都筑,15,１ＬＤＫ,40,,,,昭和56年,ＲＣ,住宅,,,,,市街化調整区域,60.0,200.0,2013年第１四半期,未改装,,6.518513939877887
22004802,中古マンション等,,22102,静岡県,静岡市駿河区,西中原,静岡,25,１Ｋ,30,,,,昭和48年,ＳＲＣ,住宅,住宅,,,,近隣商業地域,80.0,200.0,2018年第４四半期,改装済,,6.477121254719663
22061954,中古マンション等,,22131,静岡県,浜松市中区,幸,浜松,1H?1H30,２ＤＫ,65,,,,昭和48年,ＲＣ,住宅,事務所,,,,第２種住居地域,60.0,200.0,2015年第１四半期,未改装,,6.6020599913279625
22030457,中古マンション等,,22210,静岡県,富士市,蓼原,富士,16,３ＬＤＫ,65,,,,平成19年,ＲＣ,住宅,住宅,,,,工業地域,60.0,200.0,2016年第３四半期,未改装,,6.949390006644912
22009690,中古マンション等,,22131,静岡県,浜松市中区,住吉,浜松,30分?60分,２ＬＤＫ,55,,,,昭和50年,ＳＲＣ,住宅,住宅,,,,第２種住居地域,60.0,200.0,2018年第４四半期,改装済,,6.763427993562937
22000815,中古マンション等,,22101,静岡県,静岡市葵区,川辺町,静岡,13,３ＤＫ,60,,,,平成7年,,住宅,住宅,,,,商業地域,80.0,400.0,2018年第１四半期,改装済,,7.176091259055681
22118879,中古マンション等,,22101,静岡県,静岡市葵区,馬場町,静岡,16,３ＬＤＫ,70,,,,平成15年,ＳＲＣ,住宅,,,,,商業地域,80.0,400.0,2008年第２四半期,未改装,,7.447158031342219
22081122,中古マンション等,,22101,静岡県,静岡市葵区,本通,静岡,19,２ＬＤＫ,45,,,,平成11年,ＳＲＣ,住宅,,,,,商業地域,80.0,500.0,2009年第３四半期,未改装,,7.113943352306837
22013782,中古マンション等,,22133,静岡県,浜松市西区,入野町,浜松,1H?1H30,２ＬＤＫ,70,,,,平成21年,ＲＣ,住宅,住宅,,,,第１種中高層住居専用地域,60.0,200.0,2017年第３四半期,未改装,,7.301029995663981
22085352,中古マンション等,,22203,静岡県,沼津市,三枚橋町,沼津,4,３ＬＤＫ,75,,,,平成21年,ＲＣ,住宅,,,,,近隣商業地域,80.0,300.0,2012年第３四半期,未改装,,7.380211241711606
22010074,中古マンション等,,22131,静岡県,浜松市中区,高丘東,浜松,1H30?2H,３ＬＤＫ,70,,,,平成8年,ＳＲＣ,住宅,住宅,,,,工業地域,60.0,200.0,2016年第４四半期,,,6.707570176097937
22052659,中古マンション等,,22101,静岡県,静岡市葵区,竜南,静岡,30分?60分,３ＬＤＫ,65,,,,平成5年,ＲＣ,住宅,,,,,第２種中高層住居専用地域,60.0,200.0,2010年第４四半期,未改装,,7.041392685158225
22031918,中古マンション等,,22210,静岡県,富士市,御幸町,吉原本町,7,２ＬＤＫ,70,,,,平成31年,ＲＣ,住宅,住宅,,,,近隣商業地域,80.0,300.0,2019年第３四半期,未改装,,7.491361693834273
22103294,中古マンション等,,22203,静岡県,沼津市,岡一色,大岡(静岡),20,３ＬＤＫ,70,,,,平成11年,ＲＣ,住宅,,,,,近隣商業地域,80.0,200.0,2009年第１四半期,未改装,,7.204119982655925
22073659,中古マンション等,,22203,静岡県,沼津市,大手町,沼津,5,,95,,,,,ＳＲＣ,住宅,住宅,,,,商業地域,80.0,500.0,2015年第２四半期,,,7.4623979978989565
22053967,中古マンション等,,22102,静岡県,静岡市駿河区,宮竹,静岡,30分?60分,３ＬＤＫ,90,,,,平成16年,ＲＣ,住宅,,,,,第２種中高層住居専用地域,60.0,200.0,2010年第１四半期,未改装,,7.431363764158987
22074150,中古マンション等,,22210,静岡県,富士市,国久保,富士,30分?60分,３ＬＤＫ,65,,,,平成7年,ＲＣ,住宅,住宅,,,,第１種住居地域,60.0,200.0,2014年第３四半期,改装済,,7.380211241711606
22120617,中古マンション等,,22102,静岡県,静岡市駿河区,大和,静岡,13,３ＬＤＫ,75,,,,平成12年,ＲＣ,住宅,,,,,準工業地域,60.0,200.0,2008年第１四半期,未改装,,7.361727836017593
22008568,中古マンション等,,22131,静岡県,浜松市中区,板屋町,浜松,6,１ＤＫ,70,,,,平成18年,ＲＣ,住宅,住宅,,,,商業地域,80.0,600.0,2017年第３四半期,未改装,,7.568201724066995
22088528,中古マンション等,,22210,静岡県,富士市,吉原,吉原本町,13,３ＬＤＫ,60,,,,平成5年,ＳＲＣ,住宅,住宅,,,,商業地域,80.0,400.0,2015年第３四半期,未改装,,7.0
22089835,中古マンション等,,22135,静岡県,浜松市北区,三ヶ日町都筑,都筑,30分?60分,１Ｋ,25,,,,昭和49年,ＳＲＣ,住宅,,,,,市街化調整区域,60.0,200.0,2013年第４四半期,未改装,,6.113943352306837
22009819,中古マンション等,,22131,静岡県,浜松市中区,高丘北,浜松,1H30?2H,３ＬＤＫ,65,,,,平成20年,,,住宅,,,,第１種住居地域,60.0,200.0,2020年第２四半期,改装済,,7.204119982655925
22051602,中古マンション等,,22101,静岡県,静岡市葵区,北安東,静岡,30分?60分,３ＬＤＫ,70,,,,平成22年,ＲＣ,住宅,,,,,第１種中高層住居専用地域,60.0,200.0,2010年第３四半期,未改装,,7.447158031342219
22075165,中古マンション等,,22132,静岡県,浜松市東区,中郡町,浜松,2H?,,70,,,,平成4年,ＲＣ,住宅,,,,,市街化調整区域,60.0,200.0,2012年第３四半期,未改装,,6.857332496431268
22011130,中古マンション等,,22131,静岡県,浜松市中区,曳馬,浜松,30分?60分,３ＬＤＫ,75,,,,平成19年,,,住宅,,,,第１種住居地域,60.0,200.0,2020年第２四半期,未改装,,7.278753600952829
22125710,中古マンション等,,22203,静岡県,沼津市,杉崎町,沼津,13,２ＬＤＫ,65,,,,昭和64年,ＳＲＣ,住宅,,,,,第２種住居地域,60.0,200.0,2007年第２四半期,,,7.079181246047625
22083997,中古マンション等,,22102,静岡県,静岡市駿河区,西脇,静岡,30分?60分,４ＬＤＫ,75,,,,平成8年,ＲＣ,住宅,,,,,第２種中高層住居専用地域,60.0,200.0,2009年第３四半期,未改装,,7.146128035678238
22127029,中古マンション等,,22207,静岡県,富士宮市,矢立町,富士宮,19,３ＬＤＫ,65,,,,平成17年,ＲＣ,住宅,,,,,第２種住居地域,60.0,200.0,2008年第３四半期,未改装,,7.230448921378274
22056203,中古マンション等,,22131,静岡県,浜松市中区,龍禅寺町,浜松,18,３ＬＤＫ,60,,,,平成2年,ＲＣ,住宅,住宅,,,,第２種住居地域,60.0,200.0,2014年第４四半期,未改装,,6.8750612633917
22031169,中古マンション等,,22210,静岡県,富士市,日乃出町,富士,30分?60分,３ＬＤＫ,75,,,,平成20年,ＲＣ,住宅,住宅,,,,第２種住居地域,60.0,200.0,2017年第２四半期,未改装,,7.230448921378274
22122590,中古マンション等,,22131,静岡県,浜松市中区,中央,浜松,8,４ＬＤＫ,75,,,,平成12年,ＲＣ,住宅,,,,,商業地域,80.0,400.0,2008年第４四半期,未改装,,7.431363764158987
22074045,中古マンション等,,22132,静岡県,浜松市東区,植松町,浜松,30分?60分,オープンフロア,40,,,,昭和49年,ＳＲＣ,その他,,,,,第１種住居地域,60.0,200.0,2012年第４四半期,未改装,,6.2552725051033065
22073224,中古マンション等,,22203,静岡県,沼津市,大岡,下土狩,9,３ＬＤＫ,65,,,,平成11年,ＲＣ,住宅,住宅,,,,第２種中高層住居専用地域,60.0,150.0,2015年第３四半期,改装済,,7.176091259055681
22070206,中古マンション等,,22101,静岡県,静岡市葵区,天王町,静岡,14,１Ｒ,15,,,,昭和59年,ＲＣ,住宅,,,,,商業地域,80.0,400.0,2013年第４四半期,未改装,,6.230448921378274
22023765,中古マンション等,,22206,静岡県,三島市,本町,三島,13,,65,,,,平成17年,ＲＣ,,住宅,,,,商業地域,80.0,400.0,2020年第１四半期,未改装,,7.431363764158987
22008252,中古マンション等,,22131,静岡県,浜松市中区,相生町,浜松,19,２ＬＤＫ,75,,,,平成11年,,住宅,住宅,,,,商業地域,80.0,400.0,2018年第４四半期,未改装,,7.2552725051033065
22011105,中古マンション等,,22131,静岡県,浜松市中区,東伊場,浜松,15,３ＬＤＫ,80,,,,昭和61年,ＳＲＣ,住宅,,,,,近隣商業地域,80.0,300.0,2016年第４四半期,未改装,,6.9084850188786495
22002558,中古マンション等,,22101,静岡県,静岡市葵区,東静岡,東静岡,2,２ＬＤＫ,160,,,,,,住宅,住宅,,,,,,,2017年第４四半期,改装済,,7.99563519459755
22063782,中古マンション等,,22203,静岡県,沼津市,大手町,沼津,4,３ＬＤＫ,85,,,,,ＲＣ,住宅,,,,,商業地域,80.0,500.0,2014年第１四半期,未改装,,7.5910646070264995
22066525,中古マンション等,,22203,静岡県,沼津市,下河原町,沼津,23,３ＬＤＫ,65,,,,昭和63年,ＳＲＣ,住宅,,,,,近隣商業地域,80.0,300.0,2010年第３四半期,改装済,,7.113943352306837
22008315,中古マンション等,,22131,静岡県,浜松市中区,葵西,浜松,1H30?2H,３ＬＤＫ,55,,,,平成3年,ＲＣ,住宅,住宅,,,,第１種住居地域,60.0,200.0,2018年第１四半期,未改装,,6.903089986991944
22073006,中古マンション等,,22131,静岡県,浜松市中区,曳馬,浜松,30分?60分,,90,,,,,ＲＣ,住宅,,,,,第１種住居地域,60.0,200.0,2012年第３四半期,,調停・競売等,7.204119982655925
22055598,中古マンション等,,22131,静岡県,浜松市中区,成子町,浜松,15,３ＬＤＫ,70,,,,平成9年,ＳＲＣ,住宅,住宅,,,,近隣商業地域,80.0,300.0,2014年第１四半期,未改装,,7.113943352306837
22057582,中古マンション等,,22131,静岡県,浜松市中区,高丘東,浜松,1H30?2H,４ＬＤＫ,85,,,,平成5年,ＳＲＣ,住宅,,,,,工業地域,60.0,200.0,2010年第２四半期,未改装,,7.146128035678238
22078387,中古マンション等,,22131,静岡県,浜松市中区,海老塚,浜松,13,１ＤＫ,30,,,,,ＲＣ,住宅,,,,,第１種住居地域,60.0,200.0,2013年第４四半期,未改装,,6.361727836017593
22012113,中古マンション等,,22132,静岡県,浜松市東区,植松町,浜松,30分?60分,２ＤＫ,40,,,,昭和49年,ＳＲＣ,住宅,住宅,,,,第１種住居地域,60.0,200.0,2018年第１四半期,未改装,,6.278753600952829
22004234,中古マンション等,,22102,静岡県,静岡市駿河区,津島町,静岡,20,,35,,,,昭和49年,ＳＲＣ,住宅,住宅,,,,近隣商業地域,80.0,200.0,2019年第１四半期,改装済,,6.7160033436347994
22052675,中古マンション等,,22101,静岡県,静岡市葵区,両替町,静岡,13,１Ｋ,25,,,,昭和59年,ＳＲＣ,住宅,,,,,商業地域,80.0,600.0,2010年第１四半期,未改装,,6.763427993562937
22036522,中古マンション等,,22213,静岡県,掛川市,青葉台,掛川,23,３ＬＤＫ,60,,,,,,,住宅,,,,第２種住居地域,60.0,200.0,2017年第４四半期,改装済,,6.799340549453582
22020543,中古マンション等,,22203,静岡県,沼津市,大手町,沼津,2,３ＬＤＫ,75,,,,平成18年,ＲＣ,,住宅,,,,商業地域,80.0,500.0,2019年第１四半期,未改装,,7.380211241711606
22003895,中古マンション等,,22102,静岡県,静岡市駿河区,国吉田,県総合運動場,2,３ＬＤＫ,75,,,,平成14年,,住宅,住宅,,,,準工業地域,60.0,200.0,2018年第３四半期,未改装,,7.278753600952829
22066672,中古マンション等,,22203,静岡県,沼津市,高沢町,沼津,7,３ＬＤＫ,75,,,,平成11年,ＲＣ,住宅,,,,,商業地域,80.0,400.0,2010年第２四半期,未改装,,7.278753600952829
22010174,中古マンション等,,22131,静岡県,浜松市中区,中央,浜松,9,３ＬＤＫ,75,,,,昭和26年,,,住宅,,,,商業地域,80.0,400.0,2019年第３四半期,未改装,,7.6020599913279625
22004810,中古マンション等,,22102,静岡県,静岡市駿河区,西中原,静岡,30分?60分,３ＬＤＫ,75,,,,平成3年,ＲＣ,住宅,住宅,,,,工業地域,60.0,200.0,2017年第３四半期,未改装,,7.146128035678238
22004807,中古マンション等,,22102,静岡県,静岡市駿河区,西中原,静岡,23,,45,,,,昭和48年,,住宅,住宅,,,,近隣商業地域,80.0,200.0,2018年第１四半期,改装済,,6.6020599913279625
22055436,中古マンション等,,22102,静岡県,静岡市駿河区,西中原,静岡,28,４ＬＤＫ,90,,,,平成3年,ＲＣ,住宅,,,,,工業地域,60.0,200.0,2011年第３四半期,未改装,,7.2552725051033065
22126520,中古マンション等,,22206,静岡県,三島市,南二日町,三島二日町,3,３ＬＤＫ,70,,,,平成10年,ＳＲＣ,住宅,,,,,工業地域,60.0,200.0,2008年第２四半期,未改装,,7.2552725051033065
22073624,中古マンション等,,22131,静岡県,浜松市中区,和合町,浜松,1H?1H30,３ＬＤＫ,65,,,,平成7年,ＲＣ,住宅,,,,,第１種住居地域,60.0,200.0,2012年第４四半期,未改装,,6.939519252618618
22053638,中古マンション等,,22103,静岡県,静岡市清水区,真砂町,清水(静岡),4,,55,,,,,鉄骨造,店舗,店舗,,,,商業地域,80.0,400.0,2014年第２四半期,,,6.6020599913279625
22087245,中古マンション等,,22103,静岡県,静岡市清水区,辻,清水(静岡),3,４ＬＤＫ,90,,,,,ＳＲＣ,住宅,,,,,商業地域,80.0,500.0,2009年第３四半期,未改装,,7.3222192947339195
22020452,中古マンション等,,22203,静岡県,沼津市,大岡,沼津,30分?60分,３ＬＤＫ,75,,,,平成21年,ＲＣ,住宅,住宅,,,,第２種中高層住居専用地域,60.0,150.0,2016年第１四半期,未改装,,7.361727836017593
22122332,中古マンション等,,22131,静岡県,浜松市中区,佐鳴台,浜松,30分?60分,４ＬＤＫ,90,,,,平成9年,ＲＣ,住宅,,,,,第１種中高層住居専用地域,60.0,200.0,2008年第３四半期,未改装,,7.278753600952829
22122601,中古マンション等,,22131,静岡県,浜松市中区,中央,浜松,9,４ＬＤＫ,85,,,,平成12年,ＲＣ,住宅,,,,,商業地域,80.0,400.0,2007年第３四半期,未改装,,7.556302500767287
22083288,中古マンション等,,22210,静岡県,富士市,宮島,富士,24,３ＬＤＫ,65,,,,,ＲＣ,住宅,,,,,第１種住居地域,60.0,200.0,2011年第１四半期,未改装,,7.2552725051033065
22067741,中古マンション等,,22134,静岡県,浜松市南区,西伝寺町,浜松,30分?60分,３ＬＤＫ,70,,,,平成2年,ＳＲＣ,住宅,住宅,,,,第１種住居地域,60.0,200.0,2015年第１四半期,改装済,,6.968482948553935
22009894,中古マンション等,,22131,静岡県,浜松市中区,高丘北,浜松,1H30?2H,４ＬＤＫ,80,,,,,ＲＣ,住宅,住宅,,,,第１種住居地域,60.0,200.0,2016年第３四半期,未改装,,7.278753600952829
22076049,中古マンション等,,22210,静岡県,富士市,宮島,富士,30分?60分,３ＬＤＫ,75,,,,平成19年,ＲＣ,住宅,住宅,,,,第１種住居地域,60.0,200.0,2014年第２四半期,未改装,,7.204119982655925
22055614,中古マンション等,,22102,静岡県,静岡市駿河区,曲金,静岡,24,４ＤＫ,55,,,,昭和48年,ＳＲＣ,住宅,,,,,工業地域,60.0,200.0,2011年第２四半期,未改装,,6.748188027006201
22094451,中古マンション等,,22203,静岡県,沼津市,志下,沼津,30分?60分,３ＬＤＫ,55,,,,平成5年,ＲＣ,住宅,,,,,第１種住居地域,60.0,200.0,2013年第２四半期,未改装,,6.778151250383644
22123880,中古マンション等,,22133,静岡県,浜松市西区,舞阪町弁天島,弁天島,8,２ＬＤＫ,65,,,,平成3年,ＲＣ,住宅,,,,,第１種住居地域,60.0,200.0,2008年第１四半期,改装済,,6.968482948553935
22051722,中古マンション等,,22102,静岡県,静岡市駿河区,下島,静岡,30分?60分,２ＬＤＫ,50,,,,昭和63年,ＲＣ,住宅,住宅,,,,第２種中高層住居専用地域,60.0,200.0,2014年第３四半期,未改装,,6.518513939877887
22124678,中古マンション等,,22135,静岡県,浜松市北区,三ヶ日町都筑,都筑,25,１Ｋ,25,,,,昭和49年,ＳＲＣ,住宅,,,,,市街化調整区域,60.0,200.0,2008年第２四半期,未改装,,6.113943352306837
22007520,中古マンション等,,22103,静岡県,静岡市清水区,半左衛門新田,狐ケ崎,11,３ＬＤＫ,70,,,,昭和56年,ＳＲＣ,,住宅,,,,準住居地域,60.0,200.0,2019年第３四半期,改装済,,6.832508912706237
22004886,中古マンション等,,22102,静岡県,静岡市駿河区,東静岡,東静岡,10,３ＬＤＫ,85,,,,平成25年,ＲＣ,住宅,住宅,,,,商業地域,80.0,400.0,2019年第３四半期,未改装,,7.6127838567197355
22123278,中古マンション等,,22132,静岡県,浜松市東区,篠ケ瀬町,天竜川,8,３ＬＤＫ,70,,,,平成10年,ＳＲＣ,住宅,,,,,近隣商業地域,80.0,300.0,2007年第４四半期,未改装,,7.2552725051033065
22010214,中古マンション等,,22131,静岡県,浜松市中区,中央,浜松,11,３ＬＤＫ,80,,,,平成24年,ＲＣ,住宅,住宅,,,,商業地域,80.0,400.0,2016年第４四半期,未改装,,7.518513939877887
22070101,中古マンション等,,22135,静岡県,浜松市北区,三ヶ日町都筑,東都筑,23,１ＤＫ,45,,,,昭和49年,ＳＲＣ,住宅,住宅,,,,市街化調整区域,60.0,200.0,2015年第１四半期,未改装,,5.698970004336019
22086093,中古マンション等,,22203,静岡県,沼津市,西椎路,沼津,30分?60分,４ＬＤＫ,70,,,,平成4年,ＲＣ,住宅,,,,,第１種住居地域,60.0,200.0,2012年第４四半期,未改装,,6.968482948553935
22050958,中古マンション等,,22101,静岡県,静岡市葵区,新通,静岡,25,３ＬＤＫ,65,,,,平成11年,ＲＣ,住宅,住宅,,,,近隣商業地域,80.0,300.0,2014年第４四半期,未改装,,7.278753600952829
22126413,中古マンション等,,22206,静岡県,三島市,北沢,大場,2H?,３ＬＤＫ,70,,,,昭和61年,ＲＣ,住宅,,,,,市街化調整区域,60.0,200.0,2008年第３四半期,未改装,,7.079181246047625
22058555,中古マンション等,,22131,静岡県,浜松市中区,板屋町,浜松,4,３ＬＤＫ,75,,,,平成22年,ＲＣ,住宅,,,,,商業地域,80.0,600.0,2011年第２四半期,未改装,,7.518513939877887
22055886,中古マンション等,,22103,静岡県,静岡市清水区,村松,清水(静岡),30分?60分,３ＬＤＫ,65,,,,昭和55年,ＲＣ,住宅,,,,,準工業地域,60.0,200.0,2010年第４四半期,改装済,,6.838849090737256
22059313,中古マンション等,,22132,静岡県,浜松市東区,篠ケ瀬町,浜松,1H?1H30,３ＬＤＫ,65,,,,平成7年,ＲＣ,住宅,,,,,第１種住居地域,60.0,200.0,2010年第１四半期,未改装,,7.0
22053163,中古マンション等,,22103,静岡県,静岡市清水区,庄福町,清水(静岡),30分?60分,３ＤＫ,60,,,,,ＲＣ,住宅,住宅,,,,第１種中高層住居専用地域,60.0,200.0,2014年第３四半期,未改装,,6.113943352306837
22054890,中古マンション等,,22131,静岡県,浜松市中区,住吉,浜松,30分?60分,３ＬＤＫ,70,,,,平成17年,ＲＣ,住宅,,,,,第２種中高層住居専用地域,60.0,200.0,2014年第１四半期,,,7.204119982655925
22093253,中古マンション等,,22203,静岡県,沼津市,江原町,沼津,25,４ＬＤＫ,75,,,,平成8年,ＲＣ,住宅,,,,,第１種住居地域,60.0,200.0,2013年第２四半期,,,7.301029995663981
22083814,中古マンション等,,22102,静岡県,静岡市駿河区,中原,静岡,30分?60分,３ＬＤＫ,65,,,,,ＲＣ,住宅,,,,,準工業地域,60.0,200.0,2009年第１四半期,未改装,,7.204119982655925
22070068,中古マンション等,,22135,静岡県,浜松市北区,三ヶ日町都筑,都筑,30分?60分,１Ｋ,25,,,,昭和49年,ＳＲＣ,住宅,その他,,,,市街化調整区域,60.0,200.0,2015年第３四半期,,,5.204119982655925
22084012,中古マンション等,,22102,静岡県,静岡市駿河区,聖一色,草薙(ＪＲ),30分?60分,３ＬＤＫ,70,,,,昭和50年,ＲＣ,住宅,,,,,第２種中高層住居専用地域,60.0,200.0,2009年第４四半期,改装済,,6.913813852383717
22020353,中古マンション等,,22203,静岡県,沼津市,大岡,沼津,26,３ＬＤＫ,65,,,,昭和59年,ＲＣ,,住宅,,,,準工業地域,60.0,200.0,2017年第４四半期,未改装,,6.301029995663981
22052658,中古マンション等,,22101,静岡県,静岡市葵区,竜南,静岡,30分?60分,３ＬＤＫ,75,,,,平成13年,ＲＣ,住宅,,,,,第２種中高層住居専用地域,60.0,200.0,2010年第４四半期,未改装,,7.230448921378274
22014711,中古マンション等,,22133,静岡県,浜松市西区,舞阪町弁天島,弁天島,3,３ＬＤＫ,95,,,,平成14年,ＳＲＣ,住宅,住宅,,,,商業地域,80.0,400.0,2017年第２四半期,未改装,,7.113943352306837
22052518,中古マンション等,,22103,静岡県,静岡市清水区,入江,清水(静岡),19,３ＬＤＫ,65,,,,,ＲＣ,住宅,住宅,,,,近隣商業地域,80.0,300.0,2014年第２四半期,未改装,調停・競売等,7.079181246047625
22070158,中古マンション等,,22203,静岡県,沼津市,西沢田,沼津,30分?60分,１Ｋ,30,,,,昭和64年,ＲＣ,住宅,,,,,工業地域,60.0,200.0,2011年第３四半期,未改装,,6.230448921378274
22074051,中古マンション等,,22132,静岡県,浜松市東区,植松町,浜松,30分?60分,２ＤＫ,40,,,,昭和60年,ＳＲＣ,住宅,,,,,第１種住居地域,60.0,200.0,2012年第２四半期,未改装,,6.0
22009705,中古マンション等,,22131,静岡県,浜松市中区,住吉,浜松,30分?60分,４ＬＤＫ,95,,,,平成10年,,住宅,住宅,,,,第２種中高層住居専用地域,60.0,200.0,2017年第４四半期,未改装,,7.146128035678238
22008475,中古マンション等,,22131,静岡県,浜松市中区,池町,浜松,14,３ＬＤＫ,75,,,,平成14年,ＳＲＣ,住宅,住宅,,,,商業地域,80.0,600.0,2016年第１四半期,改装済,,7.3979400086720375
22000306,中古マンション等,,22101,静岡県,静岡市葵区,梅屋町,静岡,15,,50,,,,平成10年,鉄骨造,住宅,その他,,,,商業地域,80.0,500.0,2017年第２四半期,未改装,,6.949390006644912
22118425,中古マンション等,,22101,静岡県,静岡市葵区,神明町,静岡,29,２ＬＤＫ,60,,,,昭和54年,ＲＣ,住宅,,,,,準工業地域,60.0,200.0,2008年第２四半期,未改装,,6.903089986991944
22092674,中古マンション等,,22131,静岡県,浜松市中区,龍禅寺町,浜松,,２ＤＫ,50,,,,平成2年,ＳＲＣ,住宅,,,,,近隣商業地域,80.0,300.0,2009年第１四半期,未改装,,6.982271233039568
22017715,中古マンション等,,22135,静岡県,浜松市北区,三ヶ日町都筑,都筑,30分?60分,１ＤＫ,50,,,,平成2年,ＳＲＣ,住宅,その他,,,,市街化調整区域,60.0,200.0,2016年第４四半期,改装済,,6.880813592280791
22023156,中古マンション等,,22206,静岡県,三島市,寿町,三島,6,２ＬＤＫ,55,,,,平成2年,,,住宅,,,,近隣商業地域,80.0,200.0,2019年第２四半期,改装済,,6.903089986991944
22010218,中古マンション等,,22131,静岡県,浜松市中区,中央,浜松,11,２ＬＤＫ,60,,,,,ＲＣ,住宅,住宅,,,,商業地域,80.0,400.0,2016年第３四半期,未改装,,7.4623979978989565
22004186,中古マンション等,,22102,静岡県,静岡市駿河区,高松,静岡,1H?1H30,３ＬＤＫ,65,,,,平成10年,ＲＣ,住宅,住宅,,,,第１種中高層住居専用地域,60.0,150.0,2019年第４四半期,未改装,調停・競売等,6.748188027006201
22014690,中古マンション等,,22133,静岡県,浜松市西区,舞阪町弁天島,浜松,2H?,１ＬＤＫ,70,,,,平成14年,ＳＲＣ,住宅,住宅,,,,商業地域,80.0,400.0,2016年第３四半期,改装済,,7.146128035678238
22097798,中古マンション等,,22134,静岡県,浜松市南区,東若林町,浜松,30分?60分,３ＬＤＫ,65,,,,平成20年,ＲＣ,住宅,,,,,第２種住居地域,60.0,200.0,2009年第４四半期,未改装,,7.2552725051033065
22054169,中古マンション等,,22131,静岡県,浜松市中区,鍛冶町,浜松,10,３ＬＤＫ,75,,,,平成12年,ＳＲＣ,住宅,住宅,,,,商業地域,80.0,500.0,2014年第４四半期,未改装,,7.414973347970818
22020662,中古マンション等,,22203,静岡県,沼津市,岡一色,沼津,30分?60分,４ＬＤＫ,80,,,,,ＲＣ,住宅,住宅,,,,第１種住居地域,60.0,200.0,2016年第２四半期,未改装,,7.176091259055681
22005013,中古マンション等,,22102,静岡県,静岡市駿河区,曲金,静岡,24,２ＤＫ,40,,,,昭和49年,ＳＲＣ,,住宅,,,,工業地域,60.0,200.0,2020年第３四半期,未改装,,6.6127838567197355
22062678,中古マンション等,,22133,静岡県,浜松市西区,入野町,浜松,30分?60分,４ＬＤＫ,85,,,,,ＳＲＣ,住宅,,,,,第１種住居地域,60.0,200.0,2011年第４四半期,改装済,,7.230448921378274
22009544,中古マンション等,,22131,静岡県,浜松市中区,城北,浜松,30分?60分,３ＬＤＫ,70,,,,,ＲＣ,住宅,住宅,,,,第２種中高層住居専用地域,60.0,200.0,2016年第２四半期,未改装,,6.869231719730976
22118884,中古マンション等,,22101,静岡県,静岡市葵区,馬場町,静岡,,４ＬＤＫ,85,,,,平成15年,ＳＲＣ,住宅,,,,,商業地域,80.0,400.0,2006年第２四半期,未改装,,7.518513939877887
22050866,中古マンション等,,22101,静岡県,静岡市葵区,北安東,静岡,30分?60分,３ＬＤＫ,70,,,,平成16年,ＲＣ,住宅,住宅,,,,第２種中高層住居専用地域,60.0,200.0,2014年第２四半期,未改装,,7.301029995663981
22066110,中古マンション等,,22133,静岡県,浜松市西区,入野町,浜松,1H?1H30,４ＬＤＫ,85,,,,平成5年,ＳＲＣ,住宅,住宅,,,,工業地域,60.0,200.0,2015年第４四半期,未改装,,7.041392685158225
22060313,中古マンション等,,22131,静岡県,浜松市中区,布橋,浜松,30分?60分,１Ｋ,15,,,,昭和59年,ＲＣ,住宅,,,,,第２種中高層住居専用地域,60.0,200.0,2011年第１四半期,未改装,調停・競売等,6.4623979978989565
22072547,中古マンション等,,22131,静岡県,浜松市中区,成子町,浜松,16,２ＬＤＫ,70,,,,平成8年,ＳＲＣ,住宅,,,,,近隣商業地域,80.0,300.0,2012年第３四半期,未改装,,7.176091259055681
22118366,中古マンション等,,22101,静岡県,静岡市葵区,昭和町,静岡,7,１Ｋ,30,,,,昭和53年,鉄骨造,住宅,,,,,商業地域,80.0,500.0,2008年第２四半期,未改装,,6.568201724066995
22057054,中古マンション等,,22103,静岡県,静岡市清水区,楠新田,草薙(ＪＲ),6,４ＬＤＫ,80,,,,平成10年,ＲＣ,住宅,,,,,準工業地域,60.0,200.0,2011年第１四半期,未改装,,7.146128035678238
22085574,中古マンション等,,22203,静岡県,沼津市,新沢田町,沼津,30分?60分,３ＬＤＫ,70,,,,平成18年,ＲＣ,住宅,,,,,第１種住居地域,60.0,200.0,2012年第４四半期,未改装,,7.230448921378274
22011788,中古マンション等,,22131,静岡県,浜松市中区,和地山,浜松,30分?60分,３ＤＫ,55,,,,昭和49年,ＳＲＣ,住宅,住宅,,,,近隣商業地域,80.0,200.0,2016年第４四半期,未改装,,5.903089986991944
22023608,中古マンション等,,22206,静岡県,三島市,東本町,三島田町,6,３ＬＤＫ,70,,,,平成8年,,,住宅,,,,第１種住居地域,60.0,200.0,2019年第３四半期,未改装,,7.176091259055681
22011353,中古マンション等,,22131,静岡県,浜松市中区,向宿,浜松,23,２ＬＤＫ,50,,,,平成5年,ＲＣ,住宅,住宅,,,,第１種住居地域,60.0,200.0,2016年第１四半期,改装済,,6.977723605288848
22125757,中古マンション等,,22203,静岡県,沼津市,高島町,沼津,6,,85,,,,平成3年,ＳＲＣ,住宅,,,,,商業地域,80.0,400.0,2007年第４四半期,,,7.278753600952829
22093441,中古マンション等,,22132,静岡県,浜松市東区,大蒲町,浜松,30分?60分,４ＬＤＫ,80,,,,平成15年,ＲＣ,住宅,,,,,第１種住居地域,60.0,200.0,2009年第４四半期,未改装,調停・競売等,6.113943352306837
22120699,中古マンション等,,22103,静岡県,静岡市清水区,入江,清水(静岡),18,３ＬＤＫ,65,,,,平成18年,ＲＣ,住宅,,,,,近隣商業地域,80.0,300.0,2006年第３四半期,未改装,,7.3979400086720375
22021165,中古マンション等,,22203,静岡県,沼津市,新沢田町,沼津,30分?60分,３ＬＤＫ,75,,,,平成18年,ＲＣ,住宅,住宅,,,,第１種住居地域,60.0,200.0,2016年第１四半期,改装済,,7.278753600952829
22020561,中古マンション等,,22203,静岡県,沼津市,大手町,沼津,4,３ＬＤＫ,75,,,,平成18年,ＳＲＣ,住宅,住宅,,,,商業地域,80.0,500.0,2016年第２四半期,未改装,,7.230448921378274
22011074,中古マンション等,,22131,静岡県,浜松市中区,東伊場,浜松,24,４ＬＤＫ,80,,,,昭和62年,ＳＲＣ,住宅,住宅,,,,近隣商業地域,80.0,300.0,2020年第１四半期,未改装,,6.977723605288848
22097889,中古マンション等,,22206,静岡県,三島市,中,三島,30分?60分,４ＬＤＫ,70,,,,平成5年,ＲＣ,住宅,,,,,第１種中高層住居専用地域,60.0,200.0,2013年第２四半期,未改装,,6.845098040014257
22005484,中古マンション等,,22102,静岡県,静岡市駿河区,南町,静岡,1,,60,,,,平成28年,ＲＣ,住宅,,,,,商業地域,80.0,500.0,2016年第２四半期,,,7.633468455579586
22063571,中古マンション等,,22133,静岡県,浜松市西区,雄踏,舞阪,25,３ＬＤＫ,75,,,,平成19年,ＲＣ,住宅,,,,,第１種中高層住居専用地域,60.0,200.0,2011年第１四半期,未改装,関係者間取引,7.342422680822207
22033865,中古マンション等,,22211,静岡県,磐田市,中泉,掛川,5,２ＤＫ,45,,,,,ＲＣ,住宅,住宅,,,,商業地域,80.0,400.0,2017年第１四半期,,,6.544068044350276
22064416,中古マンション等,,22131,静岡県,浜松市中区,和地山,浜松,30分?60分,３ＤＫ,45,,,,昭和49年,ＳＲＣ,住宅,住宅,,,,第２種中高層住居専用地域,60.0,200.0,2015年第３四半期,改装済,,6.544068044350276
22007772,中古マンション等,,22103,静岡県,静岡市清水区,港町,静岡,24,１ＬＤＫ,70,,,,平成7年,ＳＲＣ,住宅,住宅,,,,工業地域,60.0,200.0,2016年第３四半期,未改装,,7.041392685158225
22053393,中古マンション等,,22102,静岡県,静岡市駿河区,豊田,静岡,30分?60分,４ＬＤＫ,80,,,,平成9年,ＲＣ,住宅,,,,,工業地域,60.0,200.0,2010年第２四半期,未改装,,7.278753600952829
22003964,中古マンション等,,22102,静岡県,静岡市駿河区,さつき町,静岡,15,２ＬＤＫ,60,,,,昭和55年,ＳＲＣ,住宅,住宅,,,,準工業地域,60.0,200.0,2017年第１四半期,改装済,,7.176091259055681
22032202,中古マンション等,,22210,静岡県,富士市,吉原,吉原,30分?60分,３ＬＤＫ,60,,,,平成5年,ＳＲＣ,住宅,住宅,,,,商業地域,80.0,400.0,2020年第２四半期,改装済,,7.079181246047625
22061203,中古マンション等,,22132,静岡県,浜松市東区,植松町,浜松,28,,45,,,,昭和49年,ＲＣ,住宅,,,,,第１種住居地域,60.0,200.0,2011年第４四半期,,,6.176091259055681
22029310,中古マンション等,,22210,静岡県,富士市,石坂,富士,1H?1H30,４ＬＤＫ,105,,,,平成5年,ＲＣ,住宅,住宅,,,,第２種中高層住居専用地域,60.0,150.0,2016年第４四半期,改装済,,7.113943352306837
22035439,中古マンション等,,22212,静岡県,焼津市,栄町,焼津,3,４ＬＤＫ,85,,,,,ＳＲＣ,住宅,住宅,,,,商業地域,80.0,400.0,2019年第２四半期,未改装,,7.342422680822207
22100519,中古マンション等,,22210,静岡県,富士市,吉原,富士,30分?60分,３ＬＤＫ,60,,,,平成5年,ＳＲＣ,住宅,,,,,商業地域,80.0,400.0,2012年第１四半期,,,6.977723605288848
22088910,中古マンション等,,22214,静岡県,藤枝市,田沼,,,２ＬＤＫ,85,,,,平成16年,ＳＲＣ,住宅,,,,,,,,2010年第３四半期,改装済,,7.477121254719663
22010595,中古マンション等,,22131,静岡県,浜松市中区,中沢町,浜松,30分?60分,１Ｋ,15,,,,昭和60年,ＲＣ,住宅,住宅,,,,近隣商業地域,80.0,300.0,2017年第１四半期,未改装,,6.204119982655925
22129076,中古マンション等,,22210,静岡県,富士市,水戸島,富士,11,４ＬＤＫ,90,,,,昭和63年,ＳＲＣ,住宅,,,,,第２種住居地域,60.0,200.0,2007年第２四半期,改装済,,7.146128035678238
22111679,中古マンション等,,22210,静岡県,富士市,南町,富士,30分?60分,３ＬＤＫ,75,,,,平成11年,ＲＣ,住宅,,,,,商業地域,80.0,400.0,2009年第２四半期,未改装,,7.2552725051033065
22070064,中古マンション等,,22135,静岡県,浜松市北区,三ヶ日町都筑,都筑,20,１ＬＤＫ,50,,,,,ＳＲＣ,住宅,住宅,,,,市街化調整区域,60.0,200.0,2015年第３四半期,未改装,,6.5910646070264995
22086305,中古マンション等,,22214,静岡県,藤枝市,前島,藤枝,6,１ＬＤＫ,60,,,,,ＲＣ,住宅,住宅,,,,第２種住居地域,60.0,200.0,2014年第３四半期,未改装,,7.2552725051033065
22061493,中古マンション等,,22131,静岡県,浜松市中区,上島,浜松,30分?60分,２ＬＤＫ,70,,,,平成15年,ＳＲＣ,住宅,住宅,,,,第１種住居地域,60.0,200.0,2015年第３四半期,改装済,,7.230448921378274
22020902,中古マンション等,,22203,静岡県,沼津市,西条町,沼津,8,３ＬＤＫ,60,,,,昭和64年,,住宅,住宅,,,,商業地域,80.0,400.0,2018年第２四半期,改装済,,7.079181246047625
22005070,中古マンション等,,22102,静岡県,静岡市駿河区,曲金,東静岡,6,２ＬＤＫ,65,,,,平成26年,ＲＣ,,住宅,,,,商業地域,80.0,400.0,2019年第２四半期,改装済,,7.4623979978989565
22062015,中古マンション等,,22131,静岡県,浜松市中区,佐藤,浜松,20,２ＬＤＫ,60,,,,平成21年,ＲＣ,住宅,住宅,,,,商業地域,80.0,400.0,2015年第４四半期,未改装,,7.342422680822207
22023755,中古マンション等,,22206,静岡県,三島市,文教町,三島,18,３ＬＤＫ,75,,,,平成25年,ＲＣ,住宅,住宅,,,,第１種中高層住居専用地域,60.0,200.0,2016年第４四半期,,,7.491361693834273
22056262,中古マンション等,,22131,静岡県,浜松市中区,葵東,浜松,1H30?2H,３ＬＤＫ,80,,,,平成15年,ＲＣ,住宅,,,,,近隣商業地域,80.0,300.0,2010年第４四半期,,,7.361727836017593
22058597,中古マンション等,,22133,静岡県,浜松市西区,舞阪町弁天島,弁天島,18,３ＬＤＫ,85,,,,平成21年,ＲＣ,住宅,住宅,,,,第１種住居地域,60.0,200.0,2014年第３四半期,未改装,,7.230448921378274
22076442,中古マンション等,,22103,静岡県,静岡市清水区,千歳町,入江岡,8,３ＬＤＫ,65,,,,平成19年,ＲＣ,住宅,,,,,商業地域,80.0,400.0,2013年第２四半期,未改装,,7.146128035678238
22031271,中古マンション等,,22210,静岡県,富士市,平垣町,富士,11,２ＬＤＫ,115,,,,平成20年,ＲＣ,住宅,住宅,,,,近隣商業地域,80.0,200.0,2016年第３四半期,未改装,調停・競売等,7.380211241711606
22010720,中古マンション等,,22131,静岡県,浜松市中区,成子町,浜松,14,３ＬＤＫ,70,,,,平成8年,ＳＲＣ,住宅,住宅,,,,近隣商業地域,80.0,300.0,2017年第１四半期,,,7.176091259055681
22094908,中古マンション等,,22203,静岡県,沼津市,高沢町,沼津,6,,75,,,,平成11年,ＲＣ,住宅,,,,,商業地域,80.0,400.0,2013年第２四半期,未改装,,7.2552725051033065
22077264,中古マンション等,,22134,静岡県,浜松市南区,飯田町,浜松,30分?60分,２ＬＤＫ,70,,,,平成13年,ＲＣ,住宅,,,,,第１種住居地域,60.0,200.0,2012年第３四半期,未改装,,7.176091259055681
22008384,中古マンション等,,22131,静岡県,浜松市中区,葵東,浜松,1H?1H30,３ＬＤＫ,65,,,,昭和64年,ＲＣ,,住宅,,,,近隣商業地域,80.0,300.0,2017年第３四半期,未改装,,7.146128035678238
22126736,中古マンション等,,22207,静岡県,富士宮市,小泉,富士宮,30分?60分,２ＬＤＫ,65,,,,平成4年,ＲＣ,住宅,,,,,第１種住居地域,60.0,200.0,2008年第３四半期,未改装,調停・競売等,6.544068044350276
22055459,中古マンション等,,22131,静岡県,浜松市中区,中沢町,浜松,30分?60分,１Ｋ,15,,,,,ＲＣ,住宅,住宅,,,,近隣商業地域,80.0,300.0,2014年第３四半期,,,6.2552725051033065
22076856,中古マンション等,,22133,静岡県,浜松市西区,舞阪町弁天島,浜松,2H?,１ＬＤＫ,50,,,,昭和51年,ＳＲＣ,住宅,,,,,商業地域,80.0,400.0,2012年第４四半期,改装済,,6.845098040014257
22076303,中古マンション等,,22206,静岡県,三島市,一番町,三島,4,３ＬＤＫ,80,,,,昭和61年,ＳＲＣ,住宅,住宅,,,,商業地域,80.0,400.0,2015年第４四半期,改装済,,7.301029995663981
22060602,中古マンション等,,22131,静岡県,浜松市中区,元浜町,遠州病院,6,１Ｋ,50,,,,平成9年,ＳＲＣ,住宅,,,,,商業地域,80.0,500.0,2011年第３四半期,未改装,,6.903089986991944
22078939,中古マンション等,,22210,静岡県,富士市,水戸島,富士,10,３ＬＤＫ,70,,,,平成2年,ＳＲＣ,住宅,,,,,第２種住居地域,60.0,200.0,2010年第１四半期,改装済,,6.8750612633917
22009694,中古マンション等,,22131,静岡県,浜松市中区,住吉,浜松,30分?60分,,75,,,,平成10年,,住宅,住宅,,,,第２種中高層住居専用地域,60.0,200.0,2018年第３四半期,,,6.944482672150168
22095679,中古マンション等,,22203,静岡県,沼津市,平町,沼津,15,２ＬＤＫ,60,,,,,ＲＣ,住宅,,,,,近隣商業地域,80.0,300.0,2013年第３四半期,未改装,,7.113943352306837
22006032,中古マンション等,,22103,静岡県,静岡市清水区,江尻台町,清水(静岡),14,３ＬＤＫ,70,,,,平成13年,ＲＣ,住宅,住宅,,,,近隣商業地域,80.0,300.0,2016年第４四半期,未改装,,7.204119982655925
22122953,中古マンション等,,22131,静岡県,浜松市中区,山手町,浜松,30分?60分,４ＬＤＫ,95,,,,昭和60年,ＲＣ,住宅,,,,,第１種中高層住居専用地域,60.0,200.0,2007年第２四半期,未改装,,7.361727836017593
22011502,中古マンション等,,22131,静岡県,浜松市中区,龍禅寺町,浜松,14,３ＤＫ,55,,,,平成2年,ＳＲＣ,住宅,住宅,,,,近隣商業地域,80.0,300.0,2017年第２四半期,,,6.778151250383644
22011078,中古マンション等,,22131,静岡県,浜松市中区,東伊場,浜松,18,３ＬＤＫ,80,,,,昭和61年,,,,,,,近隣商業地域,80.0,300.0,2019年第３四半期,未改装,,5.812913356642856
22121780,中古マンション等,,22103,静岡県,静岡市清水区,港町,清水(静岡),,３ＬＤＫ,85,,,,平成18年,ＲＣ,住宅,,,,,商業地域,80.0,400.0,2006年第３四半期,未改装,,7.477121254719663
22010716,中古マンション等,,22131,静岡県,浜松市中区,成子町,浜松,13,,75,,,,平成8年,,,住宅,,,,近隣商業地域,80.0,300.0,2017年第３四半期,未改装,,7.113943352306837
22053166,中古マンション等,,22103,静岡県,静岡市清水区,庄福町,清水(静岡),30分?60分,２ＬＤＫ,55,,,,昭和49年,ＲＣ,住宅,その他,,,,第１種中高層住居専用地域,60.0,200.0,2014年第２四半期,未改装,,6.146128035678238
22009858,中古マンション等,,22131,静岡県,浜松市中区,高丘北,浜松,1H30?2H,４ＬＤＫ,80,,,,平成20年,ＲＣ,,住宅,,,,第１種住居地域,60.0,200.0,2018年第１四半期,未改装,,7.113943352306837
22000553,中古マンション等,,22101,静岡県,静岡市葵区,春日町,静岡,20,３ＬＤＫ,45,,,,昭和60年,ＲＣ,住宅,住宅,,,,第２種中高層住居専用地域,60.0,200.0,2016年第２四半期,改装済,,6.477121254719663
22122815,中古マンション等,,22131,静岡県,浜松市中区,東伊場,浜松,16,３ＬＤＫ,65,,,,昭和61年,ＳＲＣ,住宅,,,,,近隣商業地域,80.0,300.0,2007年第４四半期,改装済,,7.146128035678238
22050759,中古マンション等,,22101,静岡県,静岡市葵区,大岩,静岡,30分?60分,４ＬＤＫ,95,,,,平成14年,ＲＣ,住宅,住宅,,,,第１種中高層住居専用地域,60.0,200.0,2014年第３四半期,未改装,,7.4623979978989565
22010722,中古マンション等,,22131,静岡県,浜松市中区,成子町,浜松,14,３ＬＤＫ,70,,,,平成8年,ＳＲＣ,住宅,,,,,近隣商業地域,80.0,300.0,2016年第２四半期,未改装,,7.0
22057733,中古マンション等,,22102,静岡県,静岡市駿河区,下島,静岡,30分?60分,２ＬＤＫ,75,,,,昭和51年,ＲＣ,住宅,住宅,,,,第２種中高層住居専用地域,60.0,200.0,2015年第２四半期,改装済,,6.732393759822968
22070920,中古マンション等,,22203,静岡県,沼津市,三園町,沼津,23,４ＬＤＫ,80,,,,平成4年,ＲＣ,住宅,,,,,近隣商業地域,80.0,300.0,2011年第２四半期,改装済,,7.113943352306837
22093405,中古マンション等,,22132,静岡県,浜松市東区,植松町,浜松,30分?60分,２ＤＫ,40,,,,昭和49年,ＲＣ,住宅,,,,,第１種住居地域,60.0,200.0,2009年第４四半期,未改装,,6.079181246047625
22010172,中古マンション等,,22131,静岡県,浜松市中区,中央,浜松,11,２ＬＤＫ,70,,,,平成12年,ＲＣ,住宅,住宅,,,,近隣商業地域,80.0,300.0,2019年第４四半期,未改装,,7.361727836017593
22055394,中古マンション等,,22101,静岡県,静岡市葵区,駒形通,静岡,15,３ＬＤＫ,80,,,,,ＲＣ,住宅,住宅,,,,,,,2015年第２四半期,未改装,,7.3979400086720375
22077055,中古マンション等,,22133,静岡県,浜松市西区,雄踏,浜松,1H30?2H,４ＬＤＫ,85,,,,平成19年,ＲＣ,住宅,,,,,準住居地域,60.0,200.0,2012年第２四半期,未改装,,7.230448921378274
22089452,中古マンション等,,22131,静岡県,浜松市中区,上島,浜松,30分?60分,３ＬＤＫ,65,,,,平成6年,ＲＣ,住宅,,,,,第１種住居地域,60.0,200.0,2009年第４四半期,未改装,瑕疵有りの可能性,6.832508912706237
22031290,中古マンション等,,22210,静岡県,富士市,本町,富士,5,３ＬＤＫ,70,,,,平成15年,ＲＣ,住宅,住宅,,,,商業地域,80.0,400.0,2016年第４四半期,未改装,,7.146128035678238
22064421,中古マンション等,,22131,静岡県,浜松市中区,和地山,浜松,30分?60分,２ＤＫ,55,,,,昭和49年,ＳＲＣ,住宅,住宅,,,,第２種中高層住居専用地域,60.0,200.0,2015年第２四半期,未改装,,6.477121254719663
22062468,中古マンション等,,22101,静岡県,静岡市葵区,昭和町,静岡,10,１ＤＫ,20,,,,昭和53年,ＳＲＣ,住宅,,,,,商業地域,80.0,600.0,2012年第４四半期,改装済,,6.698970004336019
22129579,中古マンション等,,22211,静岡県,磐田市,中泉,磐田,3,４ＬＤＫ,100,,,,平成19年,ＲＣ,住宅,,,,,商業地域,80.0,400.0,2007年第３四半期,未改装,,7.544068044350276
22099876,中古マンション等,,22210,静岡県,富士市,水戸島本町,富士,6,１Ｋ,15,,,,平成4年,ＳＲＣ,住宅,,,,,近隣商業地域,80.0,300.0,2012年第２四半期,,,6.301029995663981
22123140,中古マンション等,,22132,静岡県,浜松市東区,大蒲町,浜松,30分?60分,３ＬＤＫ,65,,,,平成15年,ＲＣ,住宅,,,,,第１種住居地域,60.0,200.0,2007年第３四半期,未改装,,7.204119982655925
22039286,中古マンション等,,22214,静岡県,藤枝市,高洲,藤枝,23,３ＬＤＫ,65,,,,平成10年,,,その他,,,,第２種中高層住居専用地域,60.0,150.0,2020年第２四半期,未改装,,7.079181246047625
22074590,中古マンション等,,22203,静岡県,沼津市,高沢町,沼津,5,２ＬＤＫ,70,,,,平成14年,ＲＣ,住宅,住宅,,,,商業地域,80.0,400.0,2015年第２四半期,改装済,,7.278753600952829
22084779,中古マンション等,,22203,静岡県,沼津市,大手町,沼津,4,３ＬＤＫ,75,,,,平成18年,ＳＲＣ,住宅,,,,,商業地域,80.0,500.0,2012年第４四半期,未改装,,7.3979400086720375
22004379,中古マンション等,,22102,静岡県,静岡市駿河区,豊田,静岡,30分?60分,３ＬＤＫ,90,,,,平成24年,ＲＣ,,住宅,,,,工業地域,60.0,200.0,2019年第２四半期,,,7.4623979978989565
22021307,中古マンション等,,22203,静岡県,沼津市,高沢町,沼津,10,３ＬＤＫ,75,,,,平成22年,ＲＣ,住宅,住宅,,,,近隣商業地域,80.0,200.0,2019年第３四半期,未改装,,7.447158031342219
22054315,中古マンション等,,22131,静岡県,浜松市中区,上島,浜松,30分?60分,４ＬＤＫ,95,,,,平成16年,ＲＣ,住宅,住宅,,,,第１種住居地域,60.0,200.0,2014年第１四半期,未改装,,7.431363764158987
22085785,中古マンション等,,22214,静岡県,藤枝市,田沼,藤枝,4,３ＬＤＫ,70,,,,平成16年,ＲＣ,住宅,住宅,,,,近隣商業地域,80.0,300.0,2014年第２四半期,未改装,,7.2552725051033065
22023784,中古マンション等,,22206,静岡県,三島市,本町,三島広小路,1,３ＬＤＫ,65,,,,平成23年,ＲＣ,住宅,住宅,,,,商業地域,80.0,400.0,2016年第２四半期,未改装,,7.447158031342219
22028833,中古マンション等,,22209,静岡県,島田市,本通,島田(静岡),4,３ＬＤＫ,75,,,,平成16年,ＳＲＣ,,住宅,,,,商業地域,80.0,400.0,2017年第４四半期,改装済,,7.342422680822207
22055688,中古マンション等,,22103,静岡県,静岡市清水区,松原町,清水(静岡),19,４ＬＤＫ,80,,,,平成18年,ＲＣ,住宅,,,,,商業地域,80.0,400.0,2010年第４四半期,未改装,,7.3222192947339195
22014230,中古マンション等,,22133,静岡県,浜松市西区,志都呂,浜松,1H?1H30,３ＬＤＫ,75,,,,平成20年,ＲＣ,住宅,住宅,,,,第１種住居地域,60.0,200.0,2018年第２四半期,未改装,,7.301029995663981
22031921,中古マンション等,,22210,静岡県,富士市,御幸町,吉原本町,7,４ＬＤＫ,85,,,,平成31年,ＲＣ,住宅,住宅,,,,近隣商業地域,80.0,300.0,2019年第３四半期,,,7.643452676486188
22098931,中古マンション等,,22207,静岡県,富士宮市,朝日町,西富士宮,15,２ＬＤＫ,55,,,,,ＲＣ,住宅,,,,,,,,2013年第１四半期,,,6.845098040014257
22079166,中古マンション等,,22101,静岡県,静岡市葵区,昭和町,静岡,8,１Ｋ,25,,,,昭和53年,ＳＲＣ,住宅,,,,,商業地域,80.0,600.0,2009年第２四半期,未改装,,6.57978359661681
22120700,中古マンション等,,22103,静岡県,静岡市清水区,入江,清水(静岡),,３ＬＤＫ,65,,,,平成18年,ＲＣ,住宅,,,,,近隣商業地域,80.0,300.0,2006年第３四半期,改装済,,7.414973347970818
22118718,中古マンション等,,22101,静岡県,静岡市葵区,常磐町,静岡,10,３ＬＤＫ,60,,,,平成10年,ＲＣ,住宅,,,,,商業地域,80.0,500.0,2007年第２四半期,改装済,,7.3979400086720375
22021188,中古マンション等,,22203,静岡県,沼津市,新宿町,沼津,7,３ＬＤＫ,65,,,,昭和59年,ＳＲＣ,住宅,住宅,,,,商業地域,80.0,400.0,2017年第２四半期,改装済,,7.113943352306837
22079373,中古マンション等,,22131,静岡県,浜松市中区,佐鳴台,浜松,30分?60分,２ＬＤＫ,75,,,,平成16年,ＲＣ,住宅,,,,,第１種中高層住居専用地域,60.0,200.0,2013年第１四半期,改装済,,7.477121254719663
22086832,中古マンション等,,22212,静岡県,焼津市,駅北,焼津,1,１Ｋ,25,,,,平成4年,ＲＣ,住宅,,,,,商業地域,80.0,400.0,2011年第２四半期,未改装,,6.623249290397901
22058434,中古マンション等,,22131,静岡県,浜松市中区,葵東,浜松,1H?1H30,,70,,,,平成11年,ＲＣ,住宅,,,,,近隣商業地域,80.0,300.0,2011年第１四半期,未改装,調停・競売等,7.079181246047625
22017710,中古マンション等,,22135,静岡県,浜松市北区,三ヶ日町都筑,都筑,30分?60分,１ＬＤＫ,50,,,,平成2年,ＳＲＣ,住宅,その他,,,,市街化調整区域,60.0,200.0,2016年第４四半期,未改装,,6.301029995663981
22123986,中古マンション等,,22133,静岡県,浜松市西区,雄踏町宇布見,舞阪,30分?60分,３ＬＤＫ,70,,,,平成6年,ＳＲＣ,住宅,,,,,第２種中高層住居専用地域,60.0,200.0,2008年第４四半期,未改装,,7.0
22009718,中古マンション等,,22131,静岡県,浜松市中区,住吉,浜松,30分?60分,３ＬＤＫ,70,,,,平成10年,ＳＲＣ,住宅,住宅,,,,第２種中高層住居専用地域,60.0,200.0,2016年第４四半期,,,7.380211241711606
22022131,中古マンション等,,22203,静岡県,沼津市,桃里,原(静岡),30分?60分,３ＬＤＫ,60,,,,平成6年,ＲＣ,,住宅,,,,市街化調整区域,60.0,200.0,2017年第３四半期,未改装,,6.698970004336019
22066722,中古マンション等,,22206,静岡県,三島市,本町,三島広小路,2,３ＬＤＫ,70,,,,平成23年,ＲＣ,住宅,住宅,,,,商業地域,80.0,400.0,2014年第２四半期,未改装,,7.531478917042255
22122744,中古マンション等,,22131,静岡県,浜松市中区,西伊場町,浜松,30分?60分,２ＤＫ,45,,,,昭和49年,ＲＣ,住宅,,,,,第１種住居地域,60.0,200.0,2008年第１四半期,未改装,,6.3979400086720375
22011425,中古マンション等,,22131,静岡県,浜松市中区,山下町,浜松,18,４ＬＤＫ,85,,,,昭和61年,,住宅,住宅,,,,商業地域,80.0,500.0,2018年第３四半期,未改装,,7.0
22020661,中古マンション等,,22203,静岡県,沼津市,岡一色,沼津,30分?60分,３ＬＤＫ,85,,,,平成11年,ＲＣ,住宅,住宅,,,,第２種中高層住居専用地域,60.0,150.0,2016年第２四半期,未改装,,7.342422680822207
22069461,中古マンション等,,22101,静岡県,静岡市葵区,神明町,静岡,30分?60分,２ＬＤＫ,60,,,,昭和54年,ＲＣ,住宅,,,,,準工業地域,60.0,200.0,2013年第２四半期,未改装,,6.763427993562937
22021157,中古マンション等,,22203,静岡県,沼津市,新沢田町,沼津,30分?60分,３ＬＤＫ,70,,,,平成19年,ＲＣ,,住宅,,,,第１種住居地域,60.0,200.0,2017年第４四半期,改装済,,7.3979400086720375
22011549,中古マンション等,,22131,静岡県,浜松市中区,連尺町,浜松,13,２ＬＤＫ,45,,,,昭和56年,,住宅,住宅,,,,商業地域,80.0,600.0,2020年第３四半期,未改装,,6.698970004336019
22001440,中古マンション等,,22101,静岡県,静岡市葵区,新通,静岡,25,３ＬＤＫ,65,,,,平成11年,ＲＣ,住宅,住宅,,,,近隣商業地域,80.0,300.0,2017年第１四半期,未改装,,7.2552725051033065
22065090,中古マンション等,,22102,静岡県,静岡市駿河区,さつき町,静岡,13,４ＬＤＫ,95,,,,昭和57年,ＲＣ,住宅,,,,,準工業地域,60.0,200.0,2012年第３四半期,未改装,,7.146128035678238
22063667,中古マンション等,,22203,静岡県,沼津市,大岡,沼津,19,３ＬＤＫ,70,,,,平成7年,ＲＣ,住宅,住宅,,,,第２種住居地域,60.0,200.0,2014年第３四半期,未改装,,7.0
22070867,中古マンション等,,22101,静岡県,静岡市葵区,日出町,静岡,10,４ＬＤＫ,85,,,,平成3年,ＳＲＣ,住宅,,,,,商業地域,80.0,400.0,2013年第２四半期,未改装,,7.3222192947339195
22130421,中古マンション等,,22212,静岡県,焼津市,,焼津,2,３ＬＤＫ,80,,,,平成16年,ＳＲＣ,住宅,,,,,商業地域,80.0,400.0,2008年第３四半期,未改装,,7.3222192947339195
22086699,中古マンション等,,22134,静岡県,浜松市南区,飯田町,浜松,30分?60分,３ＬＤＫ,80,,,,,ＲＣ,住宅,,,,,第１種住居地域,60.0,200.0,2013年第１四半期,,,7.176091259055681
22070321,中古マンション等,,22101,静岡県,静岡市葵区,長沼,静岡,30分?60分,３ＬＤＫ,70,,,,平成13年,ＲＣ,住宅,,,,,準工業地域,60.0,200.0,2013年第３四半期,未改装,,7.301029995663981
22010176,中古マンション等,,22131,静岡県,浜松市中区,中央,浜松,10,１ＬＤＫ,75,,,,平成26年,ＲＣ,住宅,住宅,,,,商業地域,80.0,400.0,2019年第３四半期,,,7.505149978319906
22007122,中古マンション等,,22103,静岡県,静岡市清水区,千歳町,清水(静岡),16,３ＬＤＫ,60,,,,,ＲＣ,住宅,,,,,近隣商業地域,,,2016年第３四半期,,,6.8750612633917
22063497,中古マンション等,,22101,静岡県,静岡市葵区,二番町,静岡,19,４ＬＤＫ,145,,,,平成16年,木造,住宅,,,,,近隣商業地域,80.0,300.0,2012年第２四半期,未改装,,7.491361693834273
22033864,中古マンション等,,22211,静岡県,磐田市,中泉,磐田,2,３ＬＤＫ,75,,,,平成19年,ＲＣ,住宅,住宅,,,,商業地域,80.0,400.0,2016年第１四半期,未改装,,7.3979400086720375
22073927,中古マンション等,,22132,静岡県,浜松市東区,安間町,浜松,1H?1H30,３ＬＤＫ,70,,,,平成4年,ＲＣ,住宅,,,,,第１種住居地域,60.0,200.0,2012年第３四半期,改装済,,6.763427993562937
22069046,中古マンション等,,22103,静岡県,静岡市清水区,宮下町,清水(静岡),19,,50,,,,,ＲＣ,住宅,,,,,第２種住居地域,60.0,200.0,2012年第４四半期,,,6.301029995663981
22089924,中古マンション等,,22211,静岡県,磐田市,立野,豊田町,4,４ＬＤＫ,70,,,,平成11年,ＳＲＣ,住宅,住宅,,,,近隣商業地域,80.0,200.0,2015年第３四半期,未改装,,7.230448921378274
22083364,中古マンション等,,22102,静岡県,静岡市駿河区,東新田,安倍川,14,４ＬＤＫ,75,,,,平成10年,ＲＣ,住宅,,,,,第１種中高層住居専用地域,60.0,200.0,2009年第２四半期,改装済,,7.3222192947339195
22005463,中古マンション等,,22102,静岡県,静岡市駿河区,南町,静岡,1,２ＬＤＫ,60,,,,平成28年,,,その他,,,,商業地域,80.0,500.0,2018年第４四半期,未改装,,7.544068044350276
22119114,中古マンション等,,22101,静岡県,静岡市葵区,御幸町,静岡,7,３ＬＤＫ,110,,,,平成16年,ＲＣ,住宅,,,,,商業地域,80.0,600.0,2007年第４四半期,未改装,,7.832508912706237
22063165,中古マンション等,,22203,静岡県,沼津市,足高,沼津,1H30?2H,３ＬＤＫ,60,,,,平成4年,ＲＣ,住宅,住宅,,,,工業地域,60.0,200.0,2014年第３四半期,改装済,,6.770852011642144
22003445,中古マンション等,,22102,静岡県,静岡市駿河区,稲川,静岡,6,１ＬＤＫ,35,,,,平成12年,ＲＣ,住宅,その他,,,,商業地域,80.0,500.0,2017年第１四半期,未改装,,7.113943352306837
22009910,中古マンション等,,22131,静岡県,浜松市中区,高丘北,浜松,1H30?2H,３ＬＤＫ,90,,,,平成3年,ＲＣ,住宅,住宅,,,,第１種住居地域,60.0,200.0,2016年第１四半期,未改装,,7.041392685158225
22052533,中古マンション等,,22101,静岡県,静岡市葵区,追手町,静岡,13,オープンフロア,90,,,,昭和54年,ＳＲＣ,店舗,,,,,商業地域,80.0,600.0,2011年第３四半期,未改装,,7.146128035678238
22006634,中古マンション等,,22103,静岡県,静岡市清水区,草薙,草薙(ＪＲ),1,２ＬＤＫ,70,,,,平成28年,,住宅,住宅,,,,近隣商業地域,80.0,300.0,2019年第４四半期,未改装,,7.505149978319906
22020939,中古マンション等,,22203,静岡県,沼津市,三枚橋町,沼津,5,２ＬＤＫ,60,,,,平成21年,ＲＣ,住宅,住宅,,,,近隣商業地域,80.0,300.0,2018年第３四半期,未改装,,7.146128035678238
22121773,中古マンション等,,22103,静岡県,静岡市清水区,港町,清水(静岡),25,３ＬＤＫ,85,,,,平成18年,ＲＣ,住宅,,,,,商業地域,80.0,400.0,2007年第１四半期,改装済,,6.431363764158987
22013822,中古マンション等,,22133,静岡県,浜松市西区,入野町,浜松,1H?1H30,３ＬＤＫ,80,,,,平成15年,ＲＣ,住宅,住宅,,,,第２種住居地域,60.0,200.0,2016年第２四半期,改装済,,7.278753600952829
22120763,中古マンション等,,22103,静岡県,静岡市清水区,永楽町,清水(静岡),16,４ＬＤＫ,85,,,,平成16年,ＲＣ,住宅,,,,,工業地域,60.0,200.0,2006年第４四半期,未改装,,7.3979400086720375
22070069,中古マンション等,,22135,静岡県,浜松市北区,三ヶ日町都筑,都筑,25,１ＬＤＫ,45,,,,平成2年,ＳＲＣ,住宅,住宅,,,,市街化調整区域,60.0,200.0,2015年第２四半期,未改装,,6.6020599913279625
22059564,中古マンション等,,22131,静岡県,浜松市中区,高丘北,浜松,1H30?2H,３ＬＤＫ,70,,,,平成4年,ＲＣ,住宅,,,,,第１種住居地域,60.0,200.0,2011年第３四半期,未改装,,6.819543935541868
22069242,中古マンション等,,22206,静岡県,三島市,本町,三島広小路,3,２ＬＤＫ,90,,,,平成17年,ＲＣ,住宅,,,,,近隣商業地域,80.0,200.0,2010年第３四半期,,,7.518513939877887
22103722,中古マンション等,,22203,静岡県,沼津市,下香貫,沼津,30分?60分,３ＬＤＫ,65,,,,平成2年,ＲＣ,住宅,,,,,第２種中高層住居専用地域,60.0,200.0,2009年第１四半期,改装済,,6.949390006644912
22001889,中古マンション等,,22101,静岡県,静岡市葵区,鷹匠,静岡,19,１Ｋ,20,,,,平成2年,,,住宅,,,,商業地域,80.0,400.0,2019年第２四半期,未改装,,6.556302500767287
22011390,中古マンション等,,22131,静岡県,浜松市中区,元浜町,浜松,16,１ＬＤＫ,50,,,,,ＳＲＣ,住宅,住宅,,,,商業地域,80.0,500.0,2018年第２四半期,,,6.991226075692495
22129643,中古マンション等,,22211,静岡県,磐田市,一言,磐田,29,３ＬＤＫ,55,,,,平成5年,ＳＲＣ,住宅,,,,,市街化調整区域,60.0,200.0,2007年第４四半期,未改装,調停・競売等,6.5910646070264995
22063405,中古マンション等,,22131,静岡県,浜松市中区,西伊場町,浜松,30分?60分,１ＬＤＫ,45,,,,昭和49年,ＳＲＣ,住宅,住宅,,,,第２種住居地域,60.0,200.0,2015年第１四半期,改装済,,6.146128035678238
22063380,中古マンション等,,22101,静岡県,静岡市葵区,長沼,東静岡,8,３ＬＤＫ,80,,,,平成14年,ＲＣ,住宅,,,,,第１種住居地域,60.0,200.0,2012年第３四半期,改装済,,7.342422680822207
22075081,中古マンション等,,22103,静岡県,静岡市清水区,江尻台町,入江岡,15,１Ｋ,15,,,,平成4年,ＲＣ,住宅,,,,,工業地域,60.0,200.0,2013年第４四半期,,,7.204119982655925
22017711,中古マンション等,,22135,静岡県,浜松市北区,三ヶ日町都筑,都筑,30分?60分,１ＬＤＫ,45,,,,平成2年,ＳＲＣ,住宅,その他,,,,市街化調整区域,60.0,200.0,2016年第４四半期,,,6.113943352306837
22007664,中古マンション等,,22103,静岡県,静岡市清水区,本郷町,清水(静岡),8,１ＤＫ,30,,,,昭和49年,ＳＲＣ,,その他,,,,商業地域,80.0,400.0,2019年第１四半期,,,6.477121254719663
22094382,中古マンション等,,22132,静岡県,浜松市東区,天王町,浜松,1H?1H30,３ＬＤＫ,70,,,,平成4年,ＳＲＣ,住宅,,,,,第１種住居地域,60.0,200.0,2009年第１四半期,未改装,,7.113943352306837
22074838,中古マンション等,,22210,静岡県,富士市,永田町,富士,30分?60分,３ＬＤＫ,70,,,,平成17年,ＲＣ,住宅,,,,,商業地域,80.0,400.0,2014年第１四半期,未改装,,7.278753600952829
22004887,中古マンション等,,22102,静岡県,静岡市駿河区,東静岡,東静岡,8,３ＬＤＫ,70,,,,平成25年,ＲＣ,住宅,,,,,商業地域,80.0,400.0,2018年第４四半期,未改装,,7.491361693834273
22118663,中古マンション等,,22101,静岡県,静岡市葵区,千代田,静岡,30分?60分,３ＬＤＫ,70,,,,平成16年,ＲＣ,住宅,,,,,第２種中高層住居専用地域,60.0,200.0,2008年第１四半期,未改装,,7.361727836017593
22000814,中古マンション等,,22101,静岡県,静岡市葵区,川辺町,静岡,13,３ＬＤＫ,60,,,,平成7年,,住宅,住宅,,,,商業地域,80.0,400.0,2018年第２四半期,未改装,,7.079181246047625
22009066,中古マンション等,,22131,静岡県,浜松市中区,北寺島町,浜松,15,１Ｋ,25,,,,,,,その他,,,,商業地域,80.0,500.0,2020年第３四半期,未改装,,6.431363764158987
22068951,中古マンション等,,22203,静岡県,沼津市,大岡,沼津,29,３ＬＤＫ,65,,,,平成6年,ＲＣ,住宅,,,,,第２種中高層住居専用地域,60.0,200.0,2011年第１四半期,改装済,,7.0
22004121,中古マンション等,,22102,静岡県,静岡市駿河区,下島,静岡,30分?60分,３ＬＤＫ,75,,,,昭和51年,ＲＣ,住宅,住宅,,,,第２種中高層住居専用地域,60.0,200.0,2017年第１四半期,未改装,調停・競売等,6.653212513775344
22102140,中古マンション等,,22211,静岡県,磐田市,中泉,磐田,16,３ＬＤＫ,70,,,,平成23年,ＲＣ,住宅,,,,,工業地域,60.0,200.0,2012年第４四半期,未改装,,7.278753600952829
22012225,中古マンション等,,22132,静岡県,浜松市東区,大瀬町,浜松,1H?1H30,３ＬＤＫ,75,,,,平成10年,ＲＣ,住宅,住宅,,,,市街化調整区域,60.0,200.0,2019年第３四半期,未改装,,7.176091259055681
22023676,中古マンション等,,22206,静岡県,三島市,広小路町,三島広小路,1,３ＬＤＫ,70,,,,平成20年,,,住宅,,,,商業地域,80.0,400.0,2017年第４四半期,改装済,,7.447158031342219
22064064,中古マンション等,,22203,静岡県,沼津市,上香貫,沼津,30分?60分,,65,,,,平成7年,ＲＣ,住宅,住宅,,,,準工業地域,60.0,200.0,2014年第２四半期,,,6.968482948553935
22070761,中古マンション等,,22131,静岡県,浜松市中区,佐藤,浜松,28,３ＬＤＫ,75,,,,平成14年,ＳＲＣ,住宅,,,,,準住居地域,60.0,200.0,2012年第１四半期,未改装,,7.301029995663981
22074401,中古マンション等,,22203,静岡県,沼津市,新沢田町,沼津,29,３ＬＤＫ,70,,,,平成8年,ＲＣ,住宅,住宅,,,,準工業地域,60.0,200.0,2015年第４四半期,未改装,,7.3979400086720375
22120602,中古マンション等,,22102,静岡県,静岡市駿河区,八幡,静岡,,３ＬＤＫ,70,,,,平成9年,,住宅,,,,,,,,2007年第１四半期,未改装,,7.3222192947339195
22122917,中古マンション等,,22131,静岡県,浜松市中区,元浜町,浜松,18,１Ｋ,15,,,,平成3年,ＲＣ,住宅,,,,,商業地域,80.0,400.0,2008年第４四半期,改装済,,6.491361693834273
22057195,中古マンション等,,22102,静岡県,静岡市駿河区,稲川,静岡,6,４ＬＤＫ,85,,,,平成13年,ＲＣ,住宅,住宅,,,,商業地域,80.0,500.0,2015年第１四半期,未改装,,7.414973347970818
22009603,中古マンション等,,22131,静岡県,浜松市中区,助信町,浜松,30分?60分,３ＬＤＫ,70,,,,平成11年,,,住宅,,,,第１種住居地域,60.0,200.0,2018年第３四半期,未改装,,7.041392685158225
22064427,中古マンション等,,22131,静岡県,浜松市中区,和地山,浜松,30分?60分,３ＬＤＫ,45,,,,昭和49年,ＳＲＣ,住宅,住宅,,,,第２種中高層住居専用地域,60.0,200.0,2015年第１四半期,改装済,,6.6020599913279625
22030854,中古マンション等,,22210,静岡県,富士市,中島,富士,18,２ＬＤＫ,45,,,,平成2年,ＲＣ,住宅,住宅,,,,第１種住居地域,60.0,200.0,2016年第１四半期,未改装,,6.812913356642856
22071596,中古マンション等,,22131,静岡県,浜松市中区,高丘北,浜松,1H30?2H,３ＬＤＫ,75,,,,平成20年,ＲＣ,住宅,,,,,第１種住居地域,60.0,200.0,2012年第４四半期,未改装,調停・競売等,7.146128035678238
22065351,中古マンション等,,22203,静岡県,沼津市,若葉町,沼津,28,,65,,,,昭和63年,ＳＲＣ,住宅,住宅,,,,第１種住居地域,60.0,200.0,2014年第３四半期,改装済,,7.113943352306837
22075810,中古マンション等,,22210,静岡県,富士市,水戸島本町,富士,5,１Ｋ,15,,,,平成4年,ＳＲＣ,住宅,住宅,,,,近隣商業地域,80.0,300.0,2014年第３四半期,,,6.477121254719663
22069615,中古マンション等,,22131,静岡県,浜松市中区,葵西,浜松,1H30?2H,３ＤＫ,55,,,,,ＲＣ,住宅,,,,,第１種住居地域,60.0,200.0,2012年第３四半期,改装済,,6.919078092376074
22011771,中古マンション等,,22131,静岡県,浜松市中区,和地山,浜松,30分?60分,２ＤＫ,40,,,,昭和49年,ＳＲＣ,,住宅,,,,第２種中高層住居専用地域,60.0,200.0,2019年第１四半期,改装済,,6.724275869600789
22119240,中古マンション等,,22101,静岡県,静岡市葵区,竜南,静岡,30分?60分,３ＬＤＫ,60,,,,平成19年,ＲＣ,住宅,,,,,第２種中高層住居専用地域,60.0,200.0,2008年第１四半期,改装済,,7.342422680822207
22057841,中古マンション等,,22133,静岡県,浜松市西区,入野町,高塚,20,３ＬＤＫ,75,,,,平成15年,ＲＣ,住宅,住宅,,,,第２種住居地域,60.0,200.0,2014年第１四半期,未改装,,7.3979400086720375
22000968,中古マンション等,,22101,静岡県,静岡市葵区,北安東,静岡,30分?60分,３ＬＤＫ,70,,,,平成14年,ＲＣ,,住宅,,,,第２種中高層住居専用地域,60.0,200.0,2018年第３四半期,,,7.3979400086720375
22070244,中古マンション等,,22203,静岡県,沼津市,西椎路,沼津,1H?1H30,３ＬＤＫ,65,,,,平成4年,ＲＣ,住宅,,,,,第１種住居地域,60.0,200.0,2011年第４四半期,未改装,調停・競売等,6.544068044350276
22124648,中古マンション等,,22135,静岡県,浜松市北区,三ヶ日町大崎,東都筑,30分?60分,１ＤＫ,45,,,,昭和63年,ＳＲＣ,住宅,,,,,市街化調整区域,60.0,200.0,2007年第４四半期,未改装,,6.505149978319906
22073379,中古マンション等,,22131,静岡県,浜松市中区,龍禅寺町,浜松,13,３ＤＫ,55,,,,平成2年,ＳＲＣ,住宅,,,,,近隣商業地域,80.0,300.0,2012年第１四半期,未改装,,6.799340549453582
22120462,中古マンション等,,22102,静岡県,静岡市駿河区,南町,静岡,8,２ＬＤＫ,60,,,,平成8年,鉄骨造,住宅,,,,,商業地域,80.0,400.0,2007年第３四半期,未改装,,7.204119982655925
22058578,中古マンション等,,22131,静岡県,浜松市中区,海老塚,浜松,9,１Ｒ,15,,,,平成4年,ＳＲＣ,住宅,,,,,商業地域,80.0,500.0,2011年第２四半期,,,6.3979400086720375
22060113,中古マンション等,,22133,静岡県,浜松市西区,入野町,浜松,30分?60分,２ＬＤＫ,75,,,,平成12年,ＲＣ,住宅,,,,,第２種住居地域,60.0,200.0,2010年第４四半期,改装済,,7.2552725051033065
22011478,中古マンション等,,22131,静岡県,浜松市中区,龍禅寺町,浜松,18,３ＬＤＫ,60,,,,平成2年,,,住宅,,,,第２種住居地域,60.0,200.0,2020年第１四半期,未改装,,6.845098040014257
22017723,中古マンション等,,22135,静岡県,浜松市北区,三ヶ日町都筑,都筑,15,１ＬＤＫ,40,,,,昭和59年,ＲＣ,住宅,住宅,,,,市街化調整区域,60.0,200.0,2016年第２四半期,改装済,,6.477121254719663
22009127,中古マンション等,,22131,静岡県,浜松市中区,紺屋町,浜松,12,３ＬＤＫ,75,,,,平成26年,ＲＣ,住宅,住宅,,,,商業地域,80.0,500.0,2020年第３四半期,未改装,,7.3979400086720375
22052111,中古マンション等,,22102,静岡県,静岡市駿河区,曲金,東静岡,15,２ＬＤＫ,60,,,,平成7年,ＲＣ,住宅,住宅,,,,近隣商業地域,80.0,300.0,2014年第３四半期,未改装,,7.079181246047625
22030477,中古マンション等,,22210,静岡県,富士市,中央町,富士,30分?60分,３ＬＤＫ,60,,,,昭和49年,ＳＲＣ,住宅,住宅,,,,近隣商業地域,80.0,300.0,2019年第３四半期,改装済,,6.838849090737256
22004816,中古マンション等,,22102,静岡県,静岡市駿河区,西中原,静岡,30分?60分,３ＬＤＫ,75,,,,平成3年,ＲＣ,住宅,住宅,,,,工業地域,60.0,200.0,2016年第３四半期,改装済,,7.113943352306837
22051939,中古マンション等,,22102,静岡県,静岡市駿河区,中田,静岡,15,,60,,,,,ＳＲＣ,住宅,住宅,,,,近隣商業地域,80.0,300.0,2014年第４四半期,未改装,,7.079181246047625
22008782,中古マンション等,,22131,静岡県,浜松市中区,上島,浜松,30分?60分,３ＬＤＫ,70,,,,平成6年,ＲＣ,,住宅,,,,第１種住居地域,60.0,200.0,2017年第４四半期,,,7.079181246047625
22009602,中古マンション等,,22131,静岡県,浜松市中区,助信町,浜松,25,,80,,,,平成21年,,,,,,,商業地域,80.0,400.0,2018年第３四半期,,,7.342422680822207
22123988,中古マンション等,,22133,静岡県,浜松市西区,雄踏町宇布見,舞阪,30分?60分,３ＬＤＫ,70,,,,平成6年,ＳＲＣ,住宅,,,,,第２種中高層住居専用地域,60.0,200.0,2008年第１四半期,未改装,,7.079181246047625
22008810,中古マンション等,,22131,静岡県,浜松市中区,上島,浜松,30分?60分,３ＬＤＫ,75,,,,,ＲＣ,住宅,,,,,第１種住居地域,60.0,200.0,2016年第４四半期,,,7.2552725051033065
22021311,中古マンション等,,22203,静岡県,沼津市,高沢町,沼津,7,３ＬＤＫ,75,,,,平成14年,ＲＣ,住宅,,,,,商業地域,80.0,400.0,2018年第１四半期,未改装,,7.230448921378274
22063780,中古マンション等,,22203,静岡県,沼津市,大手町,沼津,5,３ＬＤＫ,75,,,,,ＳＲＣ,住宅,住宅,,,,商業地域,80.0,500.0,2014年第２四半期,未改装,,7.447158031342219
22058713,中古マンション等,,22131,静岡県,浜松市中区,上島,浜松,30分?60分,３ＬＤＫ,70,,,,平成6年,ＲＣ,住宅,,,,,第１種住居地域,60.0,200.0,2011年第４四半期,未改装,,6.778151250383644
22076511,中古マンション等,,22206,静岡県,三島市,加茂川町,三島,17,３ＬＤＫ,70,,,,平成8年,ＳＲＣ,住宅,住宅,,,,第２種住居地域,60.0,200.0,2015年第１四半期,未改装,,7.204119982655925
22084889,中古マンション等,,22212,静岡県,焼津市,,焼津,1,３ＬＤＫ,80,,,,平成16年,ＳＲＣ,住宅,,,,,商業地域,80.0,400.0,2010年第１四半期,未改装,,7.447158031342219
22010401,中古マンション等,,22131,静岡県,浜松市中区,富塚町,浜松,30分?60分,５ＬＤＫ,135,,,,平成9年,ＲＣ,住宅,住宅,,,,第１種中高層住居専用地域,60.0,200.0,2019年第３四半期,未改装,,7.301029995663981
22008602,中古マンション等,,22131,静岡県,浜松市中区,海老塚,浜松,10,１Ｋ,15,,,,,,住宅,住宅,,,,商業地域,80.0,500.0,2019年第３四半期,,,6.361727836017593
22007463,中古マンション等,,22103,静岡県,静岡市清水区,二の丸町,清水(静岡),10,２ＬＤＫ,80,,,,平成18年,ＲＣ,住宅,住宅,,,,近隣商業地域,80.0,300.0,2017年第２四半期,未改装,,7.342422680822207
22030441,中古マンション等,,22210,静岡県,富士市,蓼原,富士,25,,65,,,,平成3年,ＲＣ,店舗,事務所,,,,工業地域,60.0,200.0,2018年第４四半期,未改装,,6.57978359661681
22069969,中古マンション等,,22101,静岡県,静岡市葵区,鷹匠,静岡,10,３ＬＤＫ,65,,,,平成9年,ＳＲＣ,住宅,,,,,商業地域,80.0,400.0,2013年第３四半期,未改装,,7.531478917042255
22009686,中古マンション等,,22131,静岡県,浜松市中区,住吉,浜松,30分?60分,３ＬＤＫ,75,,,,平成10年,ＳＲＣ,住宅,住宅,,,,第２種中高層住居専用地域,60.0,200.0,2019年第１四半期,改装済,,7.230448921378274
22128666,中古マンション等,,22210,静岡県,富士市,蓼原,富士,16,３ＬＤＫ,65,,,,平成19年,ＲＣ,住宅,,,,,工業地域,60.0,200.0,2008年第２四半期,未改装,,7.278753600952829
22123284,中古マンション等,,22132,静岡県,浜松市東区,篠ケ瀬町,浜松,1H?1H30,３ＬＤＫ,70,,,,平成7年,ＲＣ,住宅,,,,,第１種住居地域,60.0,200.0,2008年第４四半期,未改装,,7.113943352306837
22001296,中古マンション等,,22101,静岡県,静岡市葵区,七間町,静岡,13,３ＬＤＫ,115,,,,平成27年,ＲＣ,住宅,住宅,,,,商業地域,80.0,600.0,2018年第３四半期,改装済,,7.869231719730976
22092964,中古マンション等,,22131,静岡県,浜松市中区,和地山,浜松,30分?60分,オープンフロア,45,,,,昭和49年,ＳＲＣ,事務所,,,,,第２種中高層住居専用地域,60.0,200.0,2009年第２四半期,未改装,,6.0
22064098,中古マンション等,,22101,静岡県,静岡市葵区,南安倍,静岡,24,３ＬＤＫ,70,,,,平成12年,ＲＣ,住宅,,,,,近隣商業地域,80.0,300.0,2012年第４四半期,改装済,,7.301029995663981
22008794,中古マンション等,,22131,静岡県,浜松市中区,上島,浜松,1H?1H30,３ＬＤＫ,70,,,,平成10年,ＳＲＣ,住宅,住宅,,,,第１種住居地域,60.0,200.0,2017年第２四半期,未改装,,7.176091259055681
22081248,中古マンション等,,22131,静岡県,浜松市中区,布橋,浜松,30分?60分,１Ｋ,15,,,,昭和61年,ＲＣ,住宅,,,,,第１種住居地域,60.0,200.0,2013年第２四半期,未改装,,6.041392685158225
22011006,中古マンション等,,22131,静岡県,浜松市中区,八幡町,浜松,20,３ＬＤＫ,90,,,,平成12年,ＳＲＣ,,住宅,,,,近隣商業地域,80.0,300.0,2017年第４四半期,未改装,,7.380211241711606
22003627,中古マンション等,,22102,静岡県,静岡市駿河区,小黒,静岡,24,３ＬＤＫ,75,,,,,ＲＣ,住宅,住宅,,,,近隣商業地域,80.0,200.0,2016年第３四半期,,,7.361727836017593
22069039,中古マンション等,,22203,静岡県,沼津市,大手町,沼津,4,３ＬＤＫ,75,,,,平成18年,ＳＲＣ,住宅,,,,,商業地域,80.0,500.0,2011年第２四半期,未改装,,7.477121254719663
22058817,中古マンション等,,22102,静岡県,静岡市駿河区,用宗,用宗,9,３ＬＤＫ,75,,,,平成10年,ＲＣ,住宅,住宅,,,,第１種住居地域,60.0,200.0,2015年第１四半期,改装済,,6.929418925714293
22007715,中古マンション等,,22103,静岡県,静岡市清水区,馬走北,狐ケ崎,8,３ＬＤＫ,65,,,,昭和52年,ＳＲＣ,,住宅,,,,第２種住居地域,60.0,200.0,2020年第２四半期,改装済,,6.8061799739838875
22103319,中古マンション等,,22203,静岡県,沼津市,岡一色,沼津,30分?60分,３ＬＤＫ,60,,,,平成7年,ＲＣ,住宅,,,,,第１種住居地域,60.0,200.0,2009年第１四半期,改装済,,7.079181246047625
22058037,中古マンション等,,22131,静岡県,浜松市中区,西浅田,浜松,23,３ＬＤＫ,60,,,,,ＳＲＣ,住宅,,,,,工業地域,60.0,200.0,2010年第２四半期,未改装,,6.892094602690481
22005468,中古マンション等,,22102,静岡県,静岡市駿河区,南町,静岡,3,３ＬＤＫ,90,,,,,,,住宅,,,,商業地域,80.0,500.0,2018年第３四半期,未改装,,7.477121254719663
22010262,中古マンション等,,22131,静岡県,浜松市中区,寺島町,浜松,11,１Ｋ,20,,,,平成3年,ＳＲＣ,,住宅,,,,近隣商業地域,80.0,300.0,2017年第４四半期,未改装,,6.230448921378274
22070739,中古マンション等,,22101,静岡県,静岡市葵区,馬場町,静岡,16,２ＬＤＫ,85,,,,平成16年,ＳＲＣ,住宅,,,,,商業地域,80.0,600.0,2013年第１四半期,改装済,,7.531478917042255
22005194,中古マンション等,,22102,静岡県,静岡市駿河区,馬渕,静岡,11,３ＬＤＫ,75,,,,平成14年,ＲＣ,住宅,住宅,,,,近隣商業地域,80.0,200.0,2016年第２四半期,未改装,,7.3222192947339195
22022058,中古マンション等,,22203,静岡県,沼津市,三園町,沼津,21,４ＬＤＫ,80,,,,平成21年,ＲＣ,,住宅,,,,近隣商業地域,80.0,200.0,2020年第３四半期,改装済,,7.3222192947339195
22001897,中古マンション等,,22101,静岡県,静岡市葵区,鷹匠,静岡,9,３ＬＤＫ,90,,,,平成17年,ＳＲＣ,住宅,,,,,商業地域,80.0,400.0,2018年第３四半期,未改装,,7.819543935541868
22073435,中古マンション等,,22102,静岡県,静岡市駿河区,中原,静岡,30分?60分,４ＬＤＫ,75,,,,,ＲＣ,住宅,,,,,準工業地域,60.0,200.0,2013年第３四半期,,,7.278753600952829
22069188,中古マンション等,,22203,静岡県,沼津市,岡一色,大岡(静岡),16,３ＬＤＫ,65,,,,,ＲＣ,住宅,,,,,第２種中高層住居専用地域,60.0,150.0,2011年第３四半期,,,7.204119982655925
22052642,中古マンション等,,22101,静岡県,静岡市葵区,吉野町,静岡,18,４ＬＤＫ,85,,,,平成15年,ＳＲＣ,住宅,,,,,近隣商業地域,80.0,300.0,2010年第４四半期,改装済,,7.4623979978989565
22065544,中古マンション等,,22203,静岡県,沼津市,内浦小海,沼津,2H?,１ＬＤＫ,55,,,,平成2年,ＳＲＣ,住宅,,,,,市街化調整区域,60.0,200.0,2010年第３四半期,未改装,,6.8512583487190755
22009281,中古マンション等,,22131,静岡県,浜松市中区,佐藤,浜松,19,,75,,,,平成21年,ＲＣ,住宅,,,,,商業地域,80.0,400.0,2016年第１四半期,,,7.2552725051033065
22009547,中古マンション等,,22131,静岡県,浜松市中区,新津町,助信,3,４ＬＤＫ,95,,,,平成13年,ＲＣ,,住宅,,,,第１種住居地域,60.0,200.0,2017年第３四半期,未改装,,7.380211241711606
22079191,中古マンション等,,22131,静岡県,浜松市中区,佐藤,浜松,16,４ＬＤＫ,110,,,,平成15年,ＲＣ,住宅,,,,,近隣商業地域,80.0,200.0,2013年第２四半期,未改装,,7.380211241711606
22013739,中古マンション等,,22133,静岡県,浜松市西区,入野町,浜松,1H?1H30,１Ｋ,15,,,,平成2年,ＲＣ,住宅,住宅,,,,工業地域,60.0,200.0,2018年第４四半期,改装済,,6.146128035678238
22068513,中古マンション等,,22101,静岡県,静岡市葵区,上足洗,静岡,30分?60分,３ＬＤＫ,70,,,,平成10年,ＲＣ,住宅,,,,,第２種中高層住居専用地域,60.0,200.0,2013年第４四半期,未改装,,7.230448921378274
22080359,中古マンション等,,22135,静岡県,浜松市北区,三ヶ日町都筑,都筑,19,１ＬＤＫ,120,,,,平成2年,ＳＲＣ,住宅,,,,,市街化調整区域,60.0,200.0,2012年第２四半期,改装済,,6.991226075692495
22023756,中古マンション等,,22206,静岡県,三島市,文教町,三島,18,３ＬＤＫ,75,,,,平成20年,ＲＣ,住宅,住宅,,,,第１種中高層住居専用地域,60.0,200.0,2016年第４四半期,,,7.477121254719663
22120977,中古マンション等,,22103,静岡県,静岡市清水区,神田町,清水(静岡),30分?60分,３ＬＤＫ,70,,,,平成10年,ＲＣ,住宅,,,,,第１種住居地域,60.0,200.0,2007年第４四半期,改装済,,7.230448921378274
22050739,中古マンション等,,22101,静岡県,静岡市葵区,梅屋町,静岡,15,オープンフロア,50,,,,平成4年,ＲＣ,事務所,事務所,,,,商業地域,80.0,400.0,2014年第４四半期,未改装,調停・競売等,6.662757831681574
22013787,中古マンション等,,22133,静岡県,浜松市西区,入野町,浜松,1H?1H30,３ＬＤＫ,70,,,,平成21年,ＲＣ,住宅,住宅,,,,第１種中高層住居専用地域,60.0,200.0,2017年第２四半期,,,7.2552725051033065
22061820,中古マンション等,,22131,静岡県,浜松市中区,北寺島町,浜松,10,４ＬＤＫ,90,,,,平成15年,ＲＣ,住宅,その他,,,,第２種住居地域,60.0,200.0,2015年第４四半期,未改装,調停・競売等,7.230448921378274
22061033,中古マンション等,,22131,静岡県,浜松市中区,葵西,浜松,1H30?2H,４ＬＤＫ,80,,,,平成9年,ＲＣ,住宅,住宅,,,,第１種住居地域,60.0,200.0,2015年第４四半期,改装済,,7.2552725051033065
22006630,中古マンション等,,22103,静岡県,静岡市清水区,草薙,草薙(ＪＲ),1,３ＬＤＫ,70,,,,平成28年,ＲＣ,,住宅,,,,近隣商業地域,80.0,300.0,2020年第１四半期,,,7.57978359661681
22073939,中古マンション等,,22102,静岡県,静岡市駿河区,曲金,東静岡,8,４ＬＤＫ,80,,,,平成17年,ＲＣ,住宅,,,,,工業地域,60.0,200.0,2013年第１四半期,未改装,,7.342422680822207
22013028,中古マンション等,,22132,静岡県,浜松市東区,天龍川町,天竜川,3,３ＬＤＫ,80,,,,平成5年,ＳＲＣ,住宅,住宅,,,,近隣商業地域,80.0,300.0,2020年第２四半期,未改装,,7.204119982655925
22068410,中古マンション等,,22101,静岡県,静岡市葵区,春日,静岡,20,３Ｋ,50,,,,昭和47年,ＲＣ,住宅,,,,,第１種住居地域,60.0,150.0,2013年第４四半期,,,6.698970004336019
22009303,中古マンション等,,22131,静岡県,浜松市中区,佐鳴台,浜松,30分?60分,４ＬＤＫ,85,,,,平成2年,ＲＣ,住宅,住宅,,,,第１種中高層住居専用地域,60.0,200.0,2020年第１四半期,未改装,,7.146128035678238
22020256,中古マンション等,,22203,静岡県,沼津市,大岡,沼津,20,３ＬＤＫ,70,,,,平成28年,,住宅,住宅,,,,準工業地域,60.0,200.0,2019年第４四半期,未改装,,7.3222192947339195
22060879,中古マンション等,,22135,静岡県,浜松市北区,三ヶ日町都筑,都筑,30分?60分,１Ｋ,25,,,,,ＳＲＣ,住宅,その他,,,,市街化調整区域,60.0,200.0,2014年第３四半期,,,6.0
22016805,中古マンション等,,22135,静岡県,浜松市北区,初生町,浜松,1H30?2H,３ＬＤＫ,60,,,,平成3年,ＲＣ,住宅,住宅,,,,第１種住居地域,60.0,200.0,2018年第４四半期,未改装,,6.903089986991944
22121775,中古マンション等,,22103,静岡県,静岡市清水区,港町,清水(静岡),,３ＬＤＫ,80,,,,平成18年,ＲＣ,住宅,,,,,商業地域,80.0,400.0,2006年第４四半期,未改装,,7.3979400086720375
22032904,中古マンション等,,22211,静岡県,磐田市,上本郷,豊田町,1,３ＬＤＫ,70,,,,平成9年,ＳＲＣ,住宅,住宅,,,,近隣商業地域,80.0,200.0,2019年第１四半期,未改装,,7.2552725051033065
22098069,中古マンション等,,22210,静岡県,富士市,蓼原,富士,18,３ＬＤＫ,65,,,,,ＲＣ,住宅,,,,,工業地域,60.0,200.0,2012年第２四半期,未改装,調停・競売等,7.041392685158225
22034033,中古マンション等,,22211,静岡県,磐田市,一言,磐田,30分?60分,３ＬＤＫ,55,,,,平成5年,ＳＲＣ,住宅,,,,,市街化調整区域,60.0,200.0,2016年第２四半期,改装済,,6.7558748556724915
22038388,中古マンション等,,22214,静岡県,藤枝市,駅前,藤枝,1,３ＬＤＫ,70,,,,平成14年,,,住宅,,,,商業地域,80.0,400.0,2017年第４四半期,改装済,,7.301029995663981
22015968,中古マンション等,,22134,静岡県,浜松市南区,東若林町,浜松,30分?60分,３ＬＤＫ,65,,,,平成20年,ＲＣ,住宅,住宅,,,,第２種住居地域,60.0,200.0,2019年第１四半期,未改装,,7.230448921378274
22004565,中古マンション等,,22102,静岡県,静岡市駿河区,中島,静岡,1H?1H30,３ＬＤＫ,85,,,,平成10年,ＲＣ,住宅,住宅,,,,第２種中高層住居専用地域,60.0,200.0,2016年第１四半期,未改装,,7.0
22096735,中古マンション等,,22134,静岡県,浜松市南区,飯田町,浜松,30分?60分,４ＬＤＫ,80,,,,平成13年,ＲＣ,住宅,,,,,第１種住居地域,60.0,200.0,2009年第４四半期,改装済,,7.342422680822207
22054558,中古マンション等,,22131,静岡県,浜松市中区,佐藤,浜松,28,３ＬＤＫ,75,,,,平成15年,ＳＲＣ,住宅,住宅,,,,第２種住居地域,60.0,200.0,2014年第２四半期,未改装,,7.230448921378274
22078129,中古マンション等,,22134,静岡県,浜松市南区,東若林町,浜松,30分?60分,３ＬＤＫ,65,,,,平成20年,ＲＣ,住宅,,,,,第２種住居地域,60.0,200.0,2012年第４四半期,未改装,,7.278753600952829
22050922,中古マンション等,,22101,静岡県,静岡市葵区,七間町,静岡,11,４ＬＤＫ,80,,,,昭和63年,ＳＲＣ,住宅,住宅,,,,商業地域,80.0,600.0,2014年第４四半期,未改装,,7.361727836017593
22025216,中古マンション等,,22207,静岡県,富士宮市,東町,富士宮,3,４ＬＤＫ,100,,,,平成18年,ＳＲＣ,住宅,住宅,,,,近隣商業地域,80.0,200.0,2016年第２四半期,未改装,,7.361727836017593
22064148,中古マンション等,,22203,静岡県,沼津市,西条町,沼津,9,４ＬＤＫ,80,,,,平成14年,ＳＲＣ,住宅,住宅,,,,商業地域,80.0,400.0,2014年第２四半期,改装済,,7.230448921378274
22078979,中古マンション等,,22210,静岡県,富士市,水戸島元町,富士,5,３ＤＫ,55,,,,昭和56年,ＳＲＣ,住宅,,,,,商業地域,80.0,400.0,2010年第１四半期,改装済,,6.903089986991944
22093868,中古マンション等,,22203,静岡県,沼津市,大手町,沼津,4,２ＬＤＫ,80,,,,,ＲＣ,住宅,,,,,商業地域,80.0,500.0,2013年第２四半期,改装済,,7.568201724066995
22078391,中古マンション等,,22131,静岡県,浜松市中区,海老塚,浜松,9,２ＬＤＫ,65,,,,平成7年,ＳＲＣ,住宅,,,,,商業地域,80.0,500.0,2013年第２四半期,未改装,,7.041392685158225
22080341,中古マンション等,,22135,静岡県,浜松市北区,三ヶ日町都筑,都筑,19,１ＬＤＫ,70,,,,,ＳＲＣ,住宅,,,,,市街化調整区域,60.0,200.0,2012年第３四半期,未改装,,6.770852011642144
22033975,中古マンション等,,22211,静岡県,磐田市,二之宮東,磐田,9,３ＬＤＫ,80,,,,,,,住宅,,,,第２種住居地域,60.0,200.0,2018年第２四半期,未改装,,7.3222192947339195
22118580,中古マンション等,,22101,静岡県,静岡市葵区,鷹匠,静岡,9,３ＬＤＫ,80,,,,平成17年,ＳＲＣ,住宅,,,,,商業地域,80.0,400.0,2008年第４四半期,未改装,,7.5910646070264995
22054819,中古マンション等,,22131,静岡県,浜松市中区,助信町,浜松,30分?60分,３ＬＤＫ,70,,,,平成11年,ＲＣ,住宅,住宅,,,,第１種住居地域,60.0,200.0,2014年第１四半期,改装済,,7.2552725051033065
22084717,中古マンション等,,22132,静岡県,浜松市東区,宮竹町,浜松,30分?60分,４ＬＤＫ,85,,,,平成20年,ＲＣ,住宅,,,,,第１種住居地域,60.0,200.0,2013年第２四半期,未改装,,7.477121254719663
22002160,中古マンション等,,22101,静岡県,静岡市葵区,常磐町,静岡,12,２ＬＤＫ,80,,,,平成18年,ＲＣ,住宅,住宅,,,,商業地域,80.0,400.0,2019年第３四半期,未改装,,7.414973347970818
22009860,中古マンション等,,22131,静岡県,浜松市中区,高丘北,浜松,1H30?2H,３ＬＤＫ,80,,,,平成4年,ＲＣ,住宅,住宅,,,,第１種住居地域,60.0,200.0,2018年第１四半期,未改装,,7.079181246047625
22064361,中古マンション等,,22203,静岡県,沼津市,庄栄町,沼津,10,,60,,,,,ＳＲＣ,住宅,,,,,準住居地域,60.0,200.0,2014年第１四半期,未改装,,6.929418925714293
22082030,中古マンション等,,22131,静岡県,浜松市中区,山手町,浜松,30分?60分,３ＬＤＫ,105,,,,平成12年,ＲＣ,住宅,,,,,第１種中高層住居専用地域,60.0,200.0,2013年第２四半期,未改装,,7.544068044350276
22004237,中古マンション等,,22102,静岡県,静岡市駿河区,津島町,静岡,21,２ＤＫ,35,,,,昭和49年,ＳＲＣ,住宅,住宅,,,,近隣商業地域,80.0,200.0,2018年第３四半期,未改装,,6.204119982655925
22008579,中古マンション等,,22131,静岡県,浜松市中区,瓜内町,浜松,29,３ＬＤＫ,70,,,,平成4年,ＳＲＣ,住宅,住宅,,,,市街化調整区域,60.0,200.0,2020年第１四半期,未改装,,6.845098040014257
22004928,中古マンション等,,22102,静岡県,静岡市駿河区,聖一色,東静岡,18,３ＬＤＫ,75,,,,平成13年,ＲＣ,住宅,住宅,,,,第２種中高層住居専用地域,60.0,200.0,2016年第１四半期,,,7.3222192947339195
22128669,中古マンション等,,22210,静岡県,富士市,蓼原,富士,14,３ＬＤＫ,70,,,,平成19年,ＲＣ,住宅,,,,,工業地域,60.0,200.0,2008年第１四半期,未改装,,7.301029995663981
22004374,中古マンション等,,22102,静岡県,静岡市駿河区,豊田,静岡,29,３ＬＤＫ,80,,,,平成20年,ＲＣ,住宅,住宅,,,,工業地域,60.0,200.0,2019年第４四半期,,,7.361727836017593
22000827,中古マンション等,,22101,静岡県,静岡市葵区,川辺町,東静岡,15,１ＤＫ,25,,,,,ＲＣ,,住宅,,,,商業地域,80.0,400.0,2018年第１四半期,未改装,,6.819543935541868
22083384,中古マンション等,,22212,静岡県,焼津市,栄町,,,３ＬＤＫ,90,,,,平成15年,ＳＲＣ,住宅,,,,,,,,2010年第４四半期,未改装,,7.414973347970818
22060896,中古マンション等,,22135,静岡県,浜松市北区,三ヶ日町都筑,都筑,23,１ＬＤＫ,50,,,,,ＳＲＣ,住宅,,,,,市街化調整区域,60.0,200.0,2014年第１四半期,未改装,,6.653212513775344
22077109,中古マンション等,,22133,静岡県,浜松市西区,雄踏町宇布見,浜松,1H30?2H,３ＬＤＫ,75,,,,平成6年,ＳＲＣ,住宅,,,,,第２種中高層住居専用地域,60.0,200.0,2012年第２四半期,未改装,,7.041392685158225
22119238,中古マンション等,,22101,静岡県,静岡市葵区,竜南,静岡,30分?60分,３ＬＤＫ,65,,,,平成19年,ＲＣ,住宅,,,,,第２種中高層住居専用地域,60.0,200.0,2008年第１四半期,,,7.3979400086720375
22011200,中古マンション等,,22131,静岡県,浜松市中区,曳馬,浜松,30分?60分,３ＬＤＫ,70,,,,平成19年,ＲＣ,住宅,住宅,,,,第１種住居地域,60.0,200.0,2016年第１四半期,未改装,,7.301029995663981
22081388,中古マンション等,,22212,静岡県,焼津市,本町,焼津,8,３ＬＤＫ,65,,,,平成19年,ＲＣ,住宅,住宅,,,,商業地域,80.0,400.0,2014年第１四半期,改装済,,7.079181246047625
22121378,中古マンション等,,22103,静岡県,静岡市清水区,庄福町,清水(静岡),30分?60分,３ＬＤＫ,60,,,,昭和49年,ＲＣ,住宅,,,,,第１種中高層住居専用地域,60.0,200.0,2008年第１四半期,未改装,,6.505149978319906
22014724,中古マンション等,,22133,静岡県,浜松市西区,舞阪町弁天島,弁天島,3,３ＬＤＫ,80,,,,平成14年,ＳＲＣ,住宅,住宅,,,,商業地域,80.0,400.0,2016年第１四半期,未改装,,7.278753600952829
22005071,中古マンション等,,22102,静岡県,静岡市駿河区,曲金,東静岡,6,２ＬＤＫ,75,,,,平成22年,ＲＣ,,住宅,,,,商業地域,80.0,400.0,2019年第２四半期,未改装,,7.4623979978989565
22093971,中古マンション等,,22203,静岡県,沼津市,岡一色,大岡(静岡),14,３ＬＤＫ,65,,,,平成9年,ＲＣ,住宅,,,,,第１種住居地域,60.0,200.0,2013年第２四半期,未改装,,7.146128035678238
22023794,中古マンション等,,22206,静岡県,三島市,松が丘,三島,30分?60分,３ＬＤＫ,75,,,,,ＲＣ,,住宅,,,,第２種住居地域,60.0,200.0,2017年第４四半期,未改装,,7.146128035678238
22074819,中古マンション等,,22210,静岡県,富士市,中島,富士,15,２ＬＤＫ,45,,,,平成2年,ＲＣ,住宅,住宅,,,,第１種住居地域,60.0,200.0,2014年第３四半期,改装済,,6.812913356642856
22005413,中古マンション等,,22102,静岡県,静岡市駿河区,見瀬,静岡,24,３ＬＤＫ,70,,,,平成2年,,,住宅,,,,第２種住居地域,60.0,200.0,2017年第４四半期,未改装,,7.041392685158225
22034416,中古マンション等,,22211,静岡県,磐田市,見付,磐田,30分?60分,３ＬＤＫ,65,,,,平成8年,ＲＣ,,住宅,,,,第１種中高層住居専用地域,60.0,150.0,2018年第１四半期,改装済,,7.079181246047625
22125708,中古マンション等,,22203,静岡県,沼津市,杉崎町,沼津,15,３ＬＤＫ,70,,,,昭和64年,ＳＲＣ,住宅,,,,,第２種住居地域,60.0,200.0,2007年第３四半期,改装済,,7.041392685158225
22011733,中古マンション等,,22131,静岡県,浜松市中区,和合町,浜松,1H?1H30,３ＬＤＫ,65,,,,平成7年,ＲＣ,住宅,住宅,,,,第１種住居地域,60.0,200.0,2016年第２四半期,改装済,,6.869231719730976
22017636,中古マンション等,,22135,静岡県,浜松市北区,三ヶ日町都筑,都筑,19,２ＬＤＫ,120,,,,平成2年,ＳＲＣ,住宅,住宅,,,,市街化調整区域,60.0,200.0,2020年第２四半期,改装済,,6.845098040014257
22032219,中古マンション等,,22210,静岡県,富士市,吉原,吉原,30分?60分,３ＬＤＫ,75,,,,昭和60年,ＲＣ,,住宅,,,,第１種住居地域,60.0,200.0,2017年第４四半期,,,6.892094602690481
22010193,中古マンション等,,22131,静岡県,浜松市中区,中央,浜松,10,３ＬＤＫ,85,,,,平成12年,ＳＲＣ,,住宅,,,,商業地域,80.0,400.0,2018年第２四半期,未改装,,7.301029995663981
22123990,中古マンション等,,22133,静岡県,浜松市西区,雄踏町宇布見,舞阪,30分?60分,,75,,,,平成6年,ＳＲＣ,住宅,,,,,第２種中高層住居専用地域,60.0,200.0,2007年第３四半期,改装済,,7.146128035678238
22005685,中古マンション等,,22102,静岡県,静岡市駿河区,谷田,草薙(ＪＲ),15,２ＬＤＫ,60,,,,平成14年,ＲＣ,,住宅,,,,第１種中高層住居専用地域,60.0,200.0,2019年第３四半期,未改装,,7.301029995663981
22133808,中古マンション等,,22429,静岡県,榛原郡川根本町,下泉,下泉,,２Ｋ,35,,,,平成2年,,住宅,,,,,,,,2006年第２四半期,改装済,,6.380211241711606
22063375,中古マンション等,,22203,静岡県,沼津市,大岡,下土狩,9,３ＬＤＫ,65,,,,平成11年,ＲＣ,住宅,その他,,,,第２種中高層住居専用地域,60.0,150.0,2014年第３四半期,未改装,調停・競売等,6.982271233039568
22054877,中古マンション等,,22131,静岡県,浜松市中区,住吉,浜松,30分?60分,２ＬＤＫ,70,,,,昭和50年,ＲＣ,住宅,住宅,,,,第２種住居地域,60.0,200.0,2014年第３四半期,改装済,,6.740362689494244
22120983,中古マンション等,,22103,静岡県,静岡市清水区,神田町,清水(静岡),,３ＬＤＫ,85,,,,平成2年,ＲＣ,住宅,,,,,第２種中高層住居専用地域,60.0,200.0,2006年第３四半期,未改装,,7.278753600952829
22030431,中古マンション等,,22210,静岡県,富士市,蓼原,富士,18,３ＬＤＫ,75,,,,平成19年,ＲＣ,住宅,住宅,,,,工業地域,60.0,200.0,2019年第３四半期,改装済,,7.431363764158987
22005309,中古マンション等,,22102,静岡県,静岡市駿河区,丸子新田,安倍川,20,,90,,,,平成16年,,住宅,住宅,,,,準工業地域,60.0,200.0,2018年第３四半期,未改装,調停・競売等,7.146128035678238
22053392,中古マンション等,,22102,静岡県,静岡市駿河区,豊田,静岡,29,２ＬＤＫ,80,,,,平成20年,ＲＣ,住宅,,,,,工業地域,60.0,200.0,2010年第４四半期,改装済,,7.4623979978989565
22033416,中古マンション等,,22211,静岡県,磐田市,立野,豊田町,4,３ＬＤＫ,70,,,,平成11年,ＳＲＣ,住宅,住宅,,,,近隣商業地域,80.0,200.0,2016年第４四半期,,,7.230448921378274
22014687,中古マンション等,,22133,静岡県,浜松市西区,舞阪町弁天島,浜松,2H?,１ＤＫ,35,,,,昭和51年,ＳＲＣ,住宅,その他,,,,商業地域,80.0,400.0,2017年第１四半期,未改装,,6.301029995663981
22003142,中古マンション等,,22101,静岡県,静岡市葵区,竜南,静岡,30分?60分,３ＬＤＫ,60,,,,昭和52年,ＲＣ,,住宅,,,,第２種中高層住居専用地域,60.0,200.0,2019年第３四半期,未改装,,6.698970004336019
22058424,中古マンション等,,22102,静岡県,静岡市駿河区,曲金,静岡,24,２ＬＤＫ,65,,,,昭和48年,ＳＲＣ,住宅,,,,,工業地域,60.0,200.0,2015年第２四半期,,,6.431363764158987
22072931,中古マンション等,,22131,静岡県,浜松市中区,東伊場,浜松,16,３ＬＤＫ,80,,,,昭和61年,ＳＲＣ,住宅,,,,,近隣商業地域,,,2012年第２四半期,改装済,,7.079181246047625
22055249,中古マンション等,,22101,静岡県,静岡市葵区,北安東,静岡,30分?60分,４ＬＤＫ,85,,,,,ＲＣ,住宅,住宅,,,,第２種中高層住居専用地域,60.0,200.0,2015年第３四半期,改装済,,7.342422680822207
22010575,中古マンション等,,22131,静岡県,浜松市中区,中沢町,浜松,29,４ＬＤＫ,90,,,,平成10年,ＳＲＣ,住宅、事務所,住宅,,,,近隣商業地域,80.0,300.0,2019年第３四半期,改装済,,7.301029995663981
22122121,中古マンション等,,22131,静岡県,浜松市中区,板屋町,浜松,7,３ＬＤＫ,70,,,,平成16年,ＳＲＣ,住宅,,,,,商業地域,80.0,400.0,2008年第２四半期,未改装,,7.531478917042255
22011372,中古マンション等,,22131,静岡県,浜松市中区,元浜町,浜松,18,３ＬＤＫ,70,,,,平成24年,,住宅,住宅,,,,商業地域,80.0,400.0,2020年第１四半期,未改装,,7.414973347970818
22022196,中古マンション等,,22203,静岡県,沼津市,吉田町,沼津,22,２ＬＤＫ,70,,,,昭和63年,ＲＣ,住宅,住宅,,,,準工業地域,60.0,150.0,2018年第３四半期,,,6.845098040014257
22083721,中古マンション等,,22132,静岡県,浜松市東区,篠ケ瀬町,浜松,1H?1H30,１Ｋ,15,,,,昭和59年,ＲＣ,住宅,,,,,第１種住居地域,60.0,200.0,2013年第１四半期,未改装,,5.929418925714293
22080390,中古マンション等,,22135,静岡県,浜松市北区,三ヶ日町都筑,東都筑,23,,25,,,,,ＳＲＣ,住宅,,,,,市街化調整区域,60.0,200.0,2012年第４四半期,未改装,,5.6020599913279625
22065860,中古マンション等,,22203,静岡県,沼津市,大岡,沼津,14,２ＬＤＫ,60,,,,平成15年,ＳＲＣ,住宅,,,,,近隣商業地域,80.0,300.0,2010年第３四半期,未改装,,7.113943352306837
22051583,中古マンション等,,22101,静岡県,静岡市葵区,北安東,静岡,30分?60分,３ＬＤＫ,80,,,,平成22年,ＲＣ,住宅,,,,,第１種中高層住居専用地域,60.0,200.0,2010年第４四半期,未改装,,7.491361693834273
22106807,中古マンション等,,22210,静岡県,富士市,水戸島,富士,14,２ＬＤＫ,70,,,,昭和64年,ＳＲＣ,住宅,,,,,第２種住居地域,60.0,200.0,2013年第３四半期,未改装,,6.633468455579586
22009318,中古マンション等,,22131,静岡県,浜松市中区,佐鳴台,浜松,30分?60分,３ＬＤＫ,70,,,,平成9年,ＲＣ,住宅,住宅,,,,第１種中高層住居専用地域,60.0,200.0,2019年第１四半期,未改装,,7.079181246047625
22088819,中古マンション等,,22206,静岡県,三島市,東本町,三島,21,３ＬＤＫ,65,,,,平成8年,ＲＣ,住宅,,,,,第１種住居地域,60.0,200.0,2012年第２四半期,未改装,,7.230448921378274
22010202,中古マンション等,,22131,静岡県,浜松市中区,中央,浜松,10,４ＬＤＫ,150,,,,,ＲＣ,住宅,住宅,,,,商業地域,80.0,400.0,2017年第４四半期,未改装,,7.477121254719663
22021954,中古マンション等,,22203,静岡県,沼津市,本,沼津,9,１Ｋ,20,,,,昭和60年,ＲＣ,,住宅,,,,近隣商業地域,80.0,200.0,2018年第１四半期,未改装,,6.230448921378274
22118949,中古マンション等,,22101,静岡県,静岡市葵区,古庄,静岡,30分?60分,２ＬＤＫ,50,,,,昭和54年,ＲＣ,住宅,,,,,第１種住居地域,60.0,200.0,2007年第４四半期,未改装,,6.698970004336019
22079451,中古マンション等,,22101,静岡県,静岡市葵区,瀬名,草薙(ＪＲ),30分?60分,３ＬＤＫ,45,,,,昭和49年,ＲＣ,住宅,,,,,第１種中高層住居専用地域,60.0,150.0,2009年第４四半期,未改装,,6.544068044350276
22099922,中古マンション等,,22135,静岡県,浜松市北区,三ヶ日町都筑,都筑,16,１ＬＤＫ,50,,,,平成2年,ＳＲＣ,住宅,,,,,市街化調整区域,60.0,200.0,2009年第３四半期,未改装,,6.698970004336019
22105782,中古マンション等,,22210,静岡県,富士市,中央町,富士,30分?60分,３ＬＤＫ,60,,,,昭和49年,ＳＲＣ,住宅,,,,,近隣商業地域,80.0,300.0,2013年第４四半期,未改装,調停・競売等,6.361727836017593
22073951,中古マンション等,,22203,静岡県,沼津市,上香貫,沼津,30分?60分,３ＬＤＫ,70,,,,,ＲＣ,住宅,,,,,準工業地域,60.0,200.0,2015年第１四半期,,調停・競売等,6.892094602690481
22009455,中古マンション等,,22131,静岡県,浜松市中区,蜆塚,浜松,4,４ＬＤＫ,115,,,,平成15年,ＲＣ,住宅,住宅,,,,第１種住居地域,60.0,200.0,2017年第１四半期,未改装,,7.633468455579586
22121470,中古マンション等,,22103,静岡県,静岡市清水区,千歳町,清水(静岡),18,３ＬＤＫ,65,,,,平成19年,ＲＣ,住宅,,,,,商業地域,80.0,400.0,2007年第２四半期,,,7.278753600952829
22058547,中古マンション等,,22131,静岡県,浜松市中区,板屋町,浜松,5,２ＬＤＫ,65,,,,平成18年,ＲＣ,住宅,,,,,商業地域,80.0,400.0,2011年第４四半期,未改装,,7.361727836017593
22002136,中古マンション等,,22101,静岡県,静岡市葵区,伝馬町,静岡,10,２ＬＤＫ,90,,,,,ＲＣ,住宅,住宅,,,,商業地域,80.0,500.0,2017年第４四半期,未改装,,7.7923916894982534
22007686,中古マンション等,,22103,静岡県,静岡市清水区,真砂町,清水(静岡),3,２ＬＤＫ,70,,,,平成19年,ＲＣ,住宅,住宅,,,,商業地域,80.0,400.0,2017年第３四半期,,,7.301029995663981
22062404,中古マンション等,,22131,静岡県,浜松市中区,住吉,浜松,30分?60分,３ＬＤＫ,70,,,,平成10年,ＳＲＣ,住宅,住宅,,,,第２種中高層住居専用地域,60.0,200.0,2015年第４四半期,改装済,,7.204119982655925
22050823,中古マンション等,,22101,静岡県,静岡市葵区,唐瀬,静岡,30分?60分,３ＬＤＫ,65,,,,平成7年,ＲＣ,住宅,その他,,,,第１種住居地域,60.0,200.0,2014年第３四半期,改装済,,7.0
22032188,中古マンション等,,22210,静岡県,富士市,吉原,富士,30分?60分,４ＬＤＫ,70,,,,平成5年,ＳＲＣ,住宅,住宅,,,,商業地域,80.0,400.0,2017年第３四半期,未改装,,6.8750612633917
22085010,中古マンション等,,22211,静岡県,磐田市,立野,豊田町,2,４ＬＤＫ,75,,,,平成11年,ＳＲＣ,住宅,,,,,近隣商業地域,80.0,200.0,2011年第４四半期,改装済,,7.2552725051033065
22053610,中古マンション等,,22103,静岡県,静岡市清水区,本郷町,清水(静岡),5,,55,,,,昭和49年,ＳＲＣ,住宅,,,,,商業地域,80.0,400.0,2014年第１四半期,未改装,,6.6020599913279625
22012967,中古マンション等,,22132,静岡県,浜松市東区,天王町,浜松,1H?1H30,２ＬＤＫ,45,,,,,,,住宅,,,,第１種住居地域,60.0,200.0,2020年第１四半期,未改装,,5.491361693834273
22000525,中古マンション等,,22101,静岡県,静岡市葵区,春日,静岡,24,２ＬＤＫ＋Ｓ,60,,,,平成12年,ＲＣ,住宅,住宅,,,,第１種住居地域,60.0,200.0,2018年第４四半期,改装済,,7.278753600952829
22070304,中古マンション等,,22101,静岡県,静岡市葵区,常磐町,静岡,9,３ＬＤＫ,75,,,,平成10年,ＲＣ,住宅,,,,,商業地域,80.0,500.0,2013年第１四半期,未改装,,7.301029995663981
22075185,中古マンション等,,22203,静岡県,沼津市,東間門,沼津,16,３ＬＤＫ,75,,,,平成9年,ＲＣ,住宅,住宅,,,,準工業地域,60.0,200.0,2015年第２四半期,未改装,,7.079181246047625
22106477,中古マンション等,,22206,静岡県,三島市,,三島,19,２ＬＤＫ,45,,,,平成3年,ＲＣ,住宅,,,,,第２種住居地域,60.0,200.0,2009年第３四半期,未改装,調停・競売等,6.707570176097937
22057123,中古マンション等,,22102,静岡県,静岡市駿河区,池田,東静岡,25,３ＬＤＫ,65,,,,平成9年,ＲＣ,住宅,住宅,,,,第１種中高層住居専用地域,60.0,150.0,2015年第１四半期,改装済,,7.361727836017593
22119824,中古マンション等,,22102,静岡県,静岡市駿河区,津島町,静岡,26,３ＬＤＫ,70,,,,平成9年,,住宅,,,,,,,,2006年第２四半期,未改装,,7.146128035678238
22069527,中古マンション等,,22203,静岡県,沼津市,西条町,沼津,8,３ＬＤＫ,65,,,,昭和64年,ＳＲＣ,住宅,,,,,商業地域,80.0,400.0,2011年第３四半期,改装済,,7.041392685158225
22051736,中古マンション等,,22102,静岡県,静岡市駿河区,新川,静岡,23,４ＬＤＫ,70,,,,平成5年,ＲＣ,住宅,住宅,,,,準工業地域,60.0,100.0,2014年第２四半期,,,7.176091259055681
22072217,中古マンション等,,22131,静岡県,浜松市中区,富塚町,浜松,30分?60分,３ＬＤＫ,95,,,,平成9年,ＲＣ,住宅,,,,,第１種中高層住居専用地域,60.0,200.0,2012年第４四半期,未改装,,7.3979400086720375
22017600,中古マンション等,,22135,静岡県,浜松市北区,三ヶ日町都筑,尾奈,26,１Ｋ,25,,,,昭和49年,ＳＲＣ,住宅,その他,,,,市街化調整区域,60.0,200.0,2016年第２四半期,,,5.845098040014257
22010983,中古マンション等,,22131,静岡県,浜松市中区,八幡町,八幡(静岡),3,２ＬＤＫ＋Ｓ,70,,,,平成10年,ＳＲＣ,住宅,住宅,,,,近隣商業地域,80.0,300.0,2018年第３四半期,未改装,,7.301029995663981
22010080,中古マンション等,,22131,静岡県,浜松市中区,高丘東,浜松,1H?1H30,２ＬＤＫ＋Ｓ,65,,,,平成4年,ＲＣ,住宅,住宅,,,,工業地域,60.0,200.0,2016年第３四半期,改装済,,6.977723605288848
22034018,中古マンション等,,22211,静岡県,磐田市,一言,磐田,30分?60分,４ＬＤＫ,70,,,,,ＳＲＣ,,住宅,,,,市街化調整区域,60.0,200.0,2018年第４四半期,,,6.8750612633917
22017562,中古マンション等,,22135,静岡県,浜松市北区,三ヶ日町下尾奈,三ケ日,30分?60分,１Ｒ,25,,,,,ＲＣ,その他,その他,,,,市街化調整区域,60.0,200.0,2017年第１四半期,未改装,,5.0
22002121,中古マンション等,,22101,静岡県,静岡市葵区,天王町,静岡,14,,20,,,,昭和59年,ＲＣ,住宅,住宅,,,,商業地域,80.0,400.0,2017年第１四半期,,,6.477121254719663
22094457,中古マンション等,,22203,静岡県,沼津市,志下,沼津,30分?60分,３ＬＤＫ,65,,,,平成5年,ＲＣ,住宅,,,,,第１種住居地域,60.0,200.0,2013年第１四半期,未改装,,6.812913356642856
22081107,中古マンション等,,22131,静岡県,浜松市中区,西伊場町,浜松,30分?60分,オープンフロア,80,,,,昭和49年,ＳＲＣ,住宅、店舗,,,,,第２種住居地域,60.0,200.0,2013年第４四半期,未改装,,6.477121254719663
22013139,中古マンション等,,22132,静岡県,浜松市東区,中郡町,浜松,2H?,３ＬＤＫ,70,,,,平成7年,ＳＲＣ,住宅,,,,,市街化調整区域,60.0,200.0,2016年第４四半期,,,6.903089986991944
22068846,中古マンション等,,22206,静岡県,三島市,長伏,大場,30分?60分,３ＬＤＫ,75,,,,平成12年,ＲＣ,住宅,,,,,準工業地域,60.0,200.0,2010年第１四半期,未改装,,7.041392685158225
22017687,中古マンション等,,22135,静岡県,浜松市北区,三ヶ日町都筑,都筑,23,,60,,,,平成2年,,,,,,,市街化調整区域,60.0,200.0,2018年第１四半期,未改装,,6.079181246047625
22003670,中古マンション等,,22102,静岡県,静岡市駿河区,小鹿,東静岡,16,３ＬＤＫ,80,,,,平成13年,,住宅,住宅,,,,近隣商業地域,80.0,200.0,2020年第３四半期,未改装,,7.342422680822207
22057050,中古マンション等,,22103,静岡県,静岡市清水区,楠新田,草薙(ＪＲ),7,４ＬＤＫ,75,,,,平成8年,ＳＲＣ,住宅,,,,,準工業地域,60.0,200.0,2011年第２四半期,未改装,,7.230448921378274
22020545,中古マンション等,,22203,静岡県,沼津市,大手町,沼津,4,３ＬＤＫ,90,,,,平成18年,ＳＲＣ,住宅,住宅,,,,商業地域,80.0,500.0,2018年第３四半期,未改装,,7.518513939877887
22077575,中古マンション等,,22206,静岡県,三島市,南二日町,三島二日町,3,５ＬＤＫ,80,,,,平成26年,ＲＣ,住宅,住宅,,,,工業地域,60.0,200.0,2015年第３四半期,未改装,,7.4623979978989565
22005103,中古マンション等,,22102,静岡県,静岡市駿河区,曲金,東静岡,6,３ＬＤＫ,75,,,,平成26年,ＲＣ,,住宅,,,,商業地域,80.0,400.0,2017年第４四半期,未改装,,7.477121254719663
22010197,中古マンション等,,22131,静岡県,浜松市中区,中央,浜松,11,２ＬＤＫ,80,,,,平成26年,,,住宅,,,,商業地域,80.0,400.0,2018年第１四半期,未改装,,7.623249290397901
22125594,中古マンション等,,22203,静岡県,沼津市,西条町,沼津,9,３ＬＤＫ,65,,,,昭和64年,ＳＲＣ,住宅,,,,,商業地域,80.0,500.0,2008年第３四半期,改装済,,7.146128035678238
22001167,中古マンション等,,22101,静岡県,静岡市葵区,駒形通,静岡,15,２ＬＤＫ,80,,,,平成13年,ＲＣ,,住宅,,,,商業地域,80.0,500.0,2018年第１四半期,改装済,,7.431363764158987
22125704,中古マンション等,,22203,静岡県,沼津市,杉崎町,沼津,11,２ＬＤＫ,65,,,,昭和64年,ＳＲＣ,住宅,,,,,第２種住居地域,60.0,200.0,2008年第１四半期,改装済,,7.079181246047625
22009154,中古マンション等,,22131,静岡県,浜松市中区,幸,浜松,1H?1H30,３ＬＤＫ,65,,,,昭和50年,ＳＲＣ,住宅,住宅,,,,第２種住居地域,60.0,200.0,2020年第１四半期,未改装,,6.176091259055681
22058298,中古マンション等,,22102,静岡県,静岡市駿河区,聖一色,静岡,18,,75,,,,平成13年,ＲＣ,住宅,,,,,第２種中高層住居専用地域,60.0,200.0,2015年第３四半期,,,7.230448921378274
22124702,中古マンション等,,22135,静岡県,浜松市北区,三ヶ日町都筑,東都筑,21,１ＤＫ,50,,,,平成2年,ＳＲＣ,住宅,,,,,市街化調整区域,60.0,200.0,2008年第１四半期,未改装,,6.633468455579586
22119755,中古マンション等,,22102,静岡県,静岡市駿河区,石部,用宗,15,オープンフロア,105,,,,平成6年,ＲＣ,店舗,,,,,第１種住居地域,60.0,200.0,2007年第２四半期,未改装,,7.2552725051033065
22094747,中古マンション等,,22203,静岡県,沼津市,末広町,沼津,13,２ＬＤＫ,65,,,,昭和62年,ＳＲＣ,住宅,,,,,商業地域,80.0,400.0,2013年第３四半期,改装済,,7.041392685158225
22055597,中古マンション等,,22131,静岡県,浜松市中区,成子町,浜松,16,２ＬＤＫ＋Ｓ,70,,,,,ＳＲＣ,住宅,,,,,近隣商業地域,80.0,300.0,2014年第１四半期,改装済,,7.146128035678238
22009586,中古マンション等,,22131,静岡県,浜松市中区,菅原町,浜松,16,４ＬＤＫ,95,,,,平成10年,ＲＣ,,住宅,,,,近隣商業地域,80.0,300.0,2018年第１四半期,未改装,,7.079181246047625
22103594,中古マンション等,,22203,静岡県,沼津市,志下,沼津,30分?60分,,50,,,,平成5年,ＲＣ,住宅,,,,,第１種住居地域,60.0,200.0,2009年第３四半期,,,6.778151250383644
22023529,中古マンション等,,22206,静岡県,三島市,西若町,三島,10,４ＬＤＫ,75,,,,昭和64年,,,住宅,,,,第１種住居地域,,,2018年第４四半期,改装済,,7.176091259055681
22013789,中古マンション等,,22133,静岡県,浜松市西区,入野町,浜松,30分?60分,３ＬＤＫ,75,,,,平成12年,ＲＣ,住宅,住宅,,,,第２種住居地域,60.0,200.0,2017年第２四半期,,,7.113943352306837
22056119,中古マンション等,,22131,静岡県,浜松市中区,元浜町,浜松,14,３ＬＤＫ,65,,,,平成20年,ＲＣ,住宅,,,,,商業地域,80.0,500.0,2014年第１四半期,改装済,,7.342422680822207
22074996,中古マンション等,,22132,静岡県,浜松市東区,天龍川町,天竜川,2,３ＬＤＫ,70,,,,平成17年,ＲＣ,住宅,,,,,工業地域,60.0,200.0,2012年第３四半期,未改装,,7.3222192947339195
22011405,中古マンション等,,22131,静岡県,浜松市中区,元浜町,浜松,16,２ＤＫ,65,,,,平成20年,ＲＣ,住宅,,,,,商業地域,80.0,500.0,2016年第４四半期,,,7.301029995663981
22023118,中古マンション等,,22206,静岡県,三島市,北田町,三島田町,3,３ＬＤＫ,65,,,,平成10年,,,住宅,,,,近隣商業地域,80.0,200.0,2019年第４四半期,未改装,,7.2552725051033065
22001306,中古マンション等,,22101,静岡県,静岡市葵区,七間町,静岡,10,３ＬＤＫ,90,,,,,ＲＣ,住宅,住宅,,,,商業地域,80.0,600.0,2016年第２四半期,未改装,,7.643452676486188
22005141,中古マンション等,,22102,静岡県,静岡市駿河区,馬渕,静岡,9,３ＬＤＫ,90,,,,平成19年,,,住宅,,,,近隣商業地域,80.0,300.0,2020年第１四半期,未改装,,7.57978359661681
22003339,中古マンション等,,22102,静岡県,静岡市駿河区,池田,東静岡,30分?60分,３ＤＫ,65,,,,,ＲＣ,住宅,住宅,,,,第１種中高層住居専用地域,60.0,150.0,2016年第４四半期,,,6.770852011642144
22079493,中古マンション等,,22131,静岡県,浜松市中区,蜆塚,浜松,30分?60分,３ＬＤＫ,70,,,,昭和61年,ＲＣ,住宅,,,,,第１種中高層住居専用地域,60.0,200.0,2013年第２四半期,未改装,,6.939519252618618
22023915,中古マンション等,,22206,静岡県,三島市,南本町,三島田町,5,３ＬＤＫ,70,,,,平成13年,,,住宅,,,,近隣商業地域,80.0,200.0,2019年第１四半期,未改装,,7.447158031342219
22011251,中古マンション等,,22131,静岡県,浜松市中区,広沢,浜松,30分?60分,２ＬＤＫ,90,,,,平成13年,ＲＣ,住宅,住宅,,,,第１種中高層住居専用地域,60.0,200.0,2016年第４四半期,改装済,,6.477121254719663
22008413,中古マンション等,,22131,静岡県,浜松市中区,旭町,浜松,3,２ＬＤＫ,80,,,,令和2年,ＲＣ,住宅,住宅,,,,商業地域,80.0,600.0,2019年第１四半期,,,7.643452676486188
22052536,中古マンション等,,22101,静岡県,静岡市葵区,追手町,静岡,13,２ＬＤＫ,55,,,,,ＳＲＣ,住宅,,,,,商業地域,80.0,600.0,2011年第２四半期,未改装,,6.845098040014257
22126512,中古マンション等,,22206,静岡県,三島市,松が丘,三島,30分?60分,３ＬＤＫ,70,,,,平成13年,ＲＣ,住宅,,,,,第２種住居地域,60.0,200.0,2008年第４四半期,改装済,,7.230448921378274
22086811,中古マンション等,,22203,静岡県,沼津市,三園町,沼津,23,３ＬＤＫ,70,,,,平成13年,ＳＲＣ,住宅,,,,,第２種住居地域,60.0,200.0,2012年第２四半期,未改装,,7.113943352306837
22009176,中古マンション等,,22131,静岡県,浜松市中区,幸,浜松,1H?1H30,,75,,,,昭和50年,ＳＲＣ,住宅,住宅,,,,第２種住居地域,60.0,200.0,2018年第２四半期,,,6.380211241711606
22057051,中古マンション等,,22103,静岡県,静岡市清水区,楠新田,草薙(ＪＲ),6,４ＬＤＫ,80,,,,平成10年,ＲＣ,住宅,,,,,準工業地域,60.0,200.0,2011年第２四半期,改装済,,7.301029995663981
22009266,中古マンション等,,22131,静岡県,浜松市中区,佐藤,浜松,19,２ＬＤＫ,65,,,,平成21年,ＲＣ,住宅,住宅,,,,商業地域,80.0,400.0,2017年第２四半期,改装済,,7.414973347970818
22011508,中古マンション等,,22131,静岡県,浜松市中区,龍禅寺町,浜松,18,３ＬＤＫ,65,,,,平成9年,ＲＣ,住宅,住宅,,,,準住居地域,60.0,200.0,2017年第１四半期,未改装,,6.845098040014257
22057049,中古マンション等,,22103,静岡県,静岡市清水区,楠新田,草薙(ＪＲ),11,３ＬＤＫ,65,,,,平成4年,ＲＣ,住宅,,,,,準工業地域,60.0,200.0,2011年第２四半期,未改装,,7.176091259055681
22061930,中古マンション等,,22131,静岡県,浜松市中区,幸,浜松,1H?1H30,２ＬＤＫ,70,,,,平成8年,ＲＣ,住宅,住宅,,,,第１種中高層住居専用地域,60.0,200.0,2015年第３四半期,未改装,,7.079181246047625
22032255,中古マンション等,,22210,静岡県,富士市,米之宮町,富士,21,２ＬＤＫ,60,,,,平成21年,ＲＣ,住宅,住宅,,,,第２種中高層住居専用地域,60.0,200.0,2020年第１四半期,未改装,,7.2552725051033065
22097817,中古マンション等,,22206,静岡県,三島市,徳倉,三島,29,５ＬＤＫ,145,,,,平成3年,ＳＲＣ,住宅,,,,,第１種中高層住居専用地域,60.0,200.0,2013年第４四半期,未改装,,7.301029995663981
22058255,中古マンション等,,22131,静岡県,浜松市中区,曳馬,浜松,30分?60分,３ＬＤＫ,65,,,,平成4年,ＲＣ,住宅,,,,,第１種住居地域,60.0,200.0,2010年第４四半期,未改装,,6.778151250383644
22002718,中古マンション等,,22101,静岡県,静岡市葵区,古庄,東静岡,19,４ＬＤＫ,95,,,,平成13年,木造,,住宅,,,,第１種住居地域,60.0,200.0,2019年第１四半期,未改装,,7.146128035678238
22060395,中古マンション等,,22131,静岡県,浜松市中区,東伊場,浜松,18,２ＤＫ,60,,,,昭和61年,ＲＣ,住宅,,,,,近隣商業地域,60.0,300.0,2011年第４四半期,未改装,,6.903089986991944
22038221,中古マンション等,,22213,静岡県,掛川市,連雀,掛川,5,３ＬＤＫ,70,,,,平成9年,ＳＲＣ,住宅,住宅,,,,商業地域,80.0,400.0,2017年第３四半期,未改装,,7.204119982655925
22093876,中古マンション等,,22203,静岡県,沼津市,大手町,沼津,4,１ＬＤＫ,50,,,,,ＲＣ,住宅,,,,,商業地域,80.0,500.0,2013年第１四半期,未改装,,7.361727836017593
22092506,中古マンション等,,22212,静岡県,焼津市,栄町,焼津,5,４ＬＤＫ,60,,,,平成9年,ＲＣ,住宅,住宅,,,,準工業地域,60.0,200.0,2015年第２四半期,改装済,,7.146128035678238
22021461,中古マンション等,,22203,静岡県,沼津市,西浦平沢,沼津,2H?,３ＬＤＫ,95,,,,,ＲＣ,住宅,その他,,,,市街化調整区域,60.0,200.0,2019年第１四半期,未改装,,6.845098040014257
22057485,中古マンション等,,22132,静岡県,浜松市東区,西ケ崎町,遠州西ケ崎,11,,75,,,,,鉄骨造,住宅,その他,,,,市街化調整区域,60.0,200.0,2014年第３四半期,未改装,調停・競売等,6.672097857935717
22020933,中古マンション等,,22203,静岡県,沼津市,三枚橋町,沼津,8,１ＬＤＫ,40,,,,平成2年,ＲＣ,,住宅,,,,近隣商業地域,80.0,300.0,2020年第２四半期,改装済,,7.230448921378274
22062956,中古マンション等,,22135,静岡県,浜松市北区,三ヶ日町大崎,都筑,30分?60分,１ＤＫ,45,,,,昭和63年,ＳＲＣ,住宅,,,,,市街化調整区域,60.0,200.0,2010年第３四半期,未改装,,6.447158031342219
22065440,中古マンション等,,22102,静岡県,静岡市駿河区,豊田,草薙(ＪＲ),30分?60分,２ＬＤＫ,55,,,,平成6年,ＲＣ,住宅,,,,,工業地域,60.0,200.0,2012年第４四半期,未改装,,7.113943352306837
22083609,中古マンション等,,22102,静岡県,静岡市駿河区,中島,静岡,1H?1H30,４ＬＤＫ,80,,,,,ＲＣ,住宅,,,,,第２種中高層住居専用地域,60.0,200.0,2009年第１四半期,改装済,,6.977723605288848
22007523,中古マンション等,,22103,静岡県,静岡市清水区,半左衛門新田,草薙(ＪＲ),26,３ＤＫ＋Ｓ,70,,,,昭和56年,ＳＲＣ,住宅,住宅,,,,準住居地域,60.0,200.0,2017年第４四半期,未改装,,6.812913356642856
22059820,中古マンション等,,22131,静岡県,浜松市中区,寺島町,浜松,11,２ＬＤＫ,55,,,,平成3年,ＳＲＣ,住宅,,,,,近隣商業地域,80.0,300.0,2011年第４四半期,未改装,,6.7160033436347994
22055360,中古マンション等,,22101,静岡県,静岡市葵区,呉服町,静岡,11,１ＬＤＫ,80,,,,平成26年,ＲＣ,住宅,住宅,,,,商業地域,80.0,600.0,2015年第３四半期,改装済,,7.9344984512435675
22122227,中古マンション等,,22131,静岡県,浜松市中区,鴨江,浜松,30分?60分,３ＤＫ,55,,,,昭和50年,ＲＣ,住宅,,,,,第１種中高層住居専用地域,60.0,200.0,2008年第１四半期,改装済,,6.778151250383644
22122415,中古マンション等,,22131,静岡県,浜松市中区,新津町,浜松,30分?60分,４ＬＤＫ,95,,,,平成11年,ＲＣ,住宅,,,,,第１種住居地域,60.0,200.0,2008年第３四半期,未改装,,7.342422680822207
22000464,中古マンション等,,22101,静岡県,静岡市葵区,太田町,静岡,21,１ＬＤＫ,50,,,,平成19年,ＲＣ,住宅,その他,,,,近隣商業地域,80.0,300.0,2019年第２四半期,未改装,,7.113943352306837
22130839,中古マンション等,,22214,静岡県,藤枝市,駅前,藤枝,4,３ＬＤＫ,70,,,,平成10年,ＳＲＣ,住宅,,,,,商業地域,80.0,400.0,2008年第４四半期,未改装,,7.204119982655925
22000785,中古マンション等,,22101,静岡県,静岡市葵区,川合,静岡,1H?1H30,３ＬＤＫ,75,,,,平成3年,ＲＣ,住宅,住宅,,,,第２種中高層住居専用地域,60.0,200.0,2016年第３四半期,改装済,,7.113943352306837
22013771,中古マンション等,,22133,静岡県,浜松市西区,入野町,浜松,1H?1H30,３ＬＤＫ,65,,,,平成21年,,住宅,住宅,,,,第１種中高層住居専用地域,60.0,200.0,2017年第４四半期,未改装,,7.2552725051033065
22021190,中古マンション等,,22203,静岡県,沼津市,新宿町,沼津,7,３ＬＤＫ,75,,,,昭和59年,ＳＲＣ,住宅,住宅,,,,商業地域,80.0,400.0,2016年第３四半期,未改装,,6.977723605288848
22079786,中古マンション等,,22211,静岡県,磐田市,今之浦,磐田,23,３ＬＤＫ,65,,,,平成20年,ＲＣ,住宅,,,,,第１種住居地域,60.0,200.0,2010年第２四半期,未改装,,7.079181246047625
22025209,中古マンション等,,22207,静岡県,富士宮市,東町,富士宮,4,３ＬＤＫ,95,,,,平成18年,ＳＲＣ,,住宅,,,,近隣商業地域,80.0,200.0,2017年第４四半期,未改装,,7.301029995663981
22023776,中古マンション等,,22206,静岡県,三島市,本町,三島広小路,3,２ＬＤＫ,55,,,,平成13年,,,住宅,,,,商業地域,80.0,400.0,2017年第３四半期,未改装,,7.301029995663981
22093820,中古マンション等,,22212,静岡県,焼津市,,焼津,1,４ＬＤＫ,90,,,,平成16年,ＳＲＣ,住宅,住宅,,,,商業地域,80.0,600.0,2015年第１四半期,未改装,,7.2552725051033065
22084081,中古マンション等,,22132,静岡県,浜松市東区,天龍川町,浜松,1H?1H30,３ＬＤＫ,60,,,,平成5年,ＳＲＣ,住宅,,,,,近隣商業地域,80.0,300.0,2013年第１四半期,未改装,,6.963787827345556
22119474,中古マンション等,,22102,静岡県,静岡市駿河区,小鹿,東静岡,15,３ＬＤＫ,75,,,,平成13年,ＲＣ,住宅,,,,,近隣商業地域,80.0,200.0,2007年第２四半期,未改装,,7.380211241711606
22009163,中古マンション等,,22131,静岡県,浜松市中区,幸,浜松,30分?60分,３ＬＤＫ,75,,,,平成6年,ＲＣ,住宅,住宅,,,,第１種中高層住居専用地域,60.0,200.0,2019年第１四半期,改装済,,7.079181246047625
22086082,中古マンション等,,22103,静岡県,静岡市清水区,神田町,清水(静岡),30分?60分,３ＬＤＫ,75,,,,平成17年,ＲＣ,住宅,,,,,第２種中高層住居専用地域,60.0,200.0,2009年第３四半期,未改装,,7.361727836017593
22063075,中古マンション等,,22135,静岡県,浜松市北区,三ヶ日町都筑,都筑,20,１ＬＤＫ,50,,,,平成2年,ＳＲＣ,住宅,,,,,市街化調整区域,60.0,200.0,2010年第３四半期,未改装,,6.7160033436347994
22011387,中古マンション等,,22131,静岡県,浜松市中区,元浜町,浜松,20,１Ｋ,15,,,,平成3年,,住宅,住宅,,,,商業地域,80.0,400.0,2018年第３四半期,未改装,,6.278753600952829
22066097,中古マンション等,,22102,静岡県,静岡市駿河区,馬渕,静岡,9,２ＬＤＫ,65,,,,平成19年,ＳＲＣ,住宅,,,,,近隣商業地域,80.0,300.0,2012年第１四半期,未改装,,7.4623979978989565
22123219,中古マンション等,,22132,静岡県,浜松市東区,北島町,天竜川,25,３ＤＫ,50,,,,昭和49年,ＲＣ,住宅,,,,,第１種住居地域,60.0,200.0,2008年第３四半期,未改装,,6.662757831681574
22091185,中古マンション等,,22214,静岡県,藤枝市,駅前,藤枝,4,３ＬＤＫ,80,,,,平成10年,ＳＲＣ,住宅,,,,,商業地域,80.0,400.0,2011年第４四半期,未改装,,7.204119982655925
22050947,中古マンション等,,22101,静岡県,静岡市葵区,昭和町,静岡,6,１Ｋ,20,,,,昭和53年,ＳＲＣ,住宅,住宅,,,,商業地域,80.0,600.0,2014年第２四半期,改装済,,6.477121254719663
22065861,中古マンション等,,22203,静岡県,沼津市,大岡,沼津,30分?60分,４ＬＤＫ,70,,,,平成9年,ＲＣ,住宅,,,,,第２種中高層住居専用地域,60.0,150.0,2010年第３四半期,改装済,,7.176091259055681
22017725,中古マンション等,,22135,静岡県,浜松市北区,三ヶ日町都筑,都筑,26,１Ｋ,25,,,,昭和49年,ＳＲＣ,住宅,住宅,,,,市街化調整区域,60.0,200.0,2016年第２四半期,未改装,,5.477121254719663
22071404,中古マンション等,,22131,静岡県,浜松市中区,住吉,浜松,30分?60分,４ＬＤＫ,95,,,,平成17年,ＲＣ,住宅,,,,,第２種中高層住居専用地域,60.0,200.0,2012年第１四半期,未改装,,7.3979400086720375
22021205,中古マンション等,,22203,静岡県,沼津市,杉崎町,沼津,9,２ＬＤＫ,70,,,,平成28年,ＲＣ,住宅,住宅,,,,近隣商業地域,80.0,300.0,2019年第２四半期,改装済,,7.3222192947339195
22081766,中古マンション等,,22131,静岡県,浜松市中区,三組町,浜松,20,３ＬＤＫ,70,,,,平成17年,ＲＣ,住宅,,,,,第１種住居地域,60.0,200.0,2013年第３四半期,未改装,,7.230448921378274
22058895,中古マンション等,,22131,静岡県,浜松市中区,北寺島町,浜松,11,１Ｋ,20,,,,平成2年,ＳＲＣ,住宅,,,,,商業地域,80.0,500.0,2011年第１四半期,未改装,,6.477121254719663
22008695,中古マンション等,,22131,静岡県,浜松市中区,上島,上島,4,３ＬＤＫ,80,,,,平成21年,ＲＣ,,住宅,,,,第１種住居地域,60.0,200.0,2018年第１四半期,未改装,,7.414973347970818
22009129,中古マンション等,,22131,静岡県,浜松市中区,紺屋町,浜松,14,３ＬＤＫ,65,,,,平成18年,ＲＣ,住宅,住宅,,,,近隣商業地域,80.0,300.0,2020年第１四半期,未改装,,7.3222192947339195
22013793,中古マンション等,,22133,静岡県,浜松市西区,入野町,浜松,1H?1H30,３ＬＤＫ,55,,,,平成7年,ＲＣ,住宅,住宅,,,,市街化調整区域,60.0,200.0,2017年第１四半期,未改装,調停・競売等,6.707570176097937
22020965,中古マンション等,,22203,静岡県,沼津市,志下,沼津,30分?60分,３ＬＤＫ,50,,,,平成5年,ＲＣ,,住宅,,,,第１種住居地域,60.0,200.0,2018年第２四半期,,,5.832508912706237
22063737,中古マンション等,,22131,静岡県,浜松市中区,東伊場,浜松,19,３ＬＤＫ,80,,,,昭和61年,ＲＣ,住宅,住宅,,,,近隣商業地域,80.0,300.0,2015年第１四半期,改装済,,7.079181246047625
22112736,中古マンション等,,22211,静岡県,磐田市,一言,磐田,30分?60分,３ＬＤＫ,55,,,,平成5年,ＳＲＣ,住宅,,,,,市街化調整区域,60.0,200.0,2009年第２四半期,未改装,調停・競売等,6.5910646070264995
22028824,中古マンション等,,22209,静岡県,島田市,本通,島田(静岡),7,２ＬＤＫ＋Ｓ,65,,,,,,,住宅,,,,商業地域,80.0,400.0,2019年第４四半期,未改装,,7.342422680822207
22075320,中古マンション等,,22203,静岡県,沼津市,本,沼津,9,２ＤＫ,35,,,,昭和60年,ＲＣ,住宅,住宅,,,,近隣商業地域,80.0,200.0,2015年第１四半期,未改装,,6.447158031342219
22023623,中古マンション等,,22206,静岡県,三島市,東本町,三島田町,5,３ＬＤＫ,70,,,,平成8年,,,住宅,,,,第１種住居地域,60.0,200.0,2018年第３四半期,未改装,,7.176091259055681
22060654,中古マンション等,,22131,静岡県,浜松市中区,山下町,八幡(静岡),6,３ＬＤＫ,65,,,,平成11年,ＲＣ,住宅,,,,,商業地域,80.0,400.0,2011年第４四半期,未改装,,7.278753600952829
22113440,中古マンション等,,22212,静岡県,焼津市,栄町,焼津,2,２ＬＤＫ,55,,,,平成9年,ＳＲＣ,住宅,,,,,商業地域,80.0,400.0,2009年第３四半期,改装済,,7.113943352306837
22126546,中古マンション等,,22207,静岡県,富士宮市,朝日町,富士宮,23,３ＬＤＫ,60,,,,平成5年,ＲＣ,住宅,,,,,第２種住居地域,60.0,200.0,2007年第３四半期,未改装,,6.929418925714293
22122130,中古マンション等,,22131,静岡県,浜松市中区,海老塚,浜松,8,１Ｋ,20,,,,平成4年,ＳＲＣ,住宅,,,,,商業地域,80.0,500.0,2008年第４四半期,未改装,,6.505149978319906
22062419,中古マンション等,,22131,静岡県,浜松市中区,住吉,浜松,30分?60分,２ＬＤＫ,55,,,,昭和50年,ＳＲＣ,住宅,住宅,,,,第２種住居地域,60.0,200.0,2015年第２四半期,未改装,,6.556302500767287
22080343,中古マンション等,,22135,静岡県,浜松市北区,三ヶ日町都筑,都筑,20,２ＬＤＫ,120,,,,平成2年,ＳＲＣ,住宅,,,,,市街化調整区域,60.0,200.0,2012年第３四半期,未改装,,6.698970004336019
22018400,中古マンション等,,22136,静岡県,浜松市浜北区,小松,遠州小松,6,３ＬＤＫ,75,,,,平成11年,ＲＣ,住宅,住宅,,,,第１種住居地域,60.0,200.0,2020年第３四半期,未改装,,7.079181246047625
22008736,中古マンション等,,22131,静岡県,浜松市中区,上島,浜松,1H?1H30,３ＬＤＫ,65,,,,平成10年,ＳＲＣ,住宅,住宅,,,,第１種住居地域,60.0,200.0,2019年第２四半期,改装済,,7.146128035678238
22061616,中古マンション等,,22101,静岡県,静岡市葵区,春日,春日町,3,３Ｋ,50,,,,昭和47年,ＲＣ,住宅,,,,,第１種住居地域,60.0,200.0,2012年第４四半期,未改装,,6.6020599913279625
22076281,中古マンション等,,22206,静岡県,三島市,青木,三島二日町,8,３ＬＤＫ,75,,,,平成19年,ＲＣ,住宅,住宅,,,,第１種住居地域,60.0,200.0,2015年第２四半期,未改装,,7.414973347970818
22055109,中古マンション等,,22131,静岡県,浜松市中区,高丘東,浜松,1H30?2H,３ＬＤＫ,65,,,,平成5年,ＳＲＣ,住宅,住宅,,,,工業地域,60.0,200.0,2014年第４四半期,未改装,,7.0
22120073,中古マンション等,,22102,静岡県,静岡市駿河区,中原,静岡,29,３ＬＤＫ,65,,,,平成8年,ＲＣ,住宅,,,,,準工業地域,60.0,200.0,2008年第１四半期,未改装,,7.176091259055681
22013052,中古マンション等,,22132,静岡県,浜松市東区,天龍川町,浜松,1H?1H30,３ＬＤＫ,65,,,,平成5年,ＳＲＣ,住宅,住宅,,,,近隣商業地域,80.0,300.0,2018年第４四半期,改装済,,7.079181246047625
22122432,中古マンション等,,22131,静岡県,浜松市中区,助信町,助信,4,３ＬＤＫ,70,,,,平成11年,ＲＣ,住宅,,,,,第１種住居地域,60.0,200.0,2008年第１四半期,未改装,,7.278753600952829
22053649,中古マンション等,,22102,静岡県,静岡市駿河区,西中原,静岡,25,１ＤＫ,30,,,,,ＳＲＣ,住宅,,,,,近隣商業地域,80.0,200.0,2010年第２四半期,未改装,,6.3979400086720375
22008466,中古マンション等,,22131,静岡県,浜松市中区,小豆餅,浜松,1H?1H30,,70,,,,,ＲＣ,住宅,,,,,準工業地域,60.0,200.0,2016年第２四半期,,,7.3222192947339195
22099901,中古マンション等,,22135,静岡県,浜松市北区,三ヶ日町都筑,都筑,23,１ＬＤＫ,50,,,,平成2年,ＳＲＣ,住宅,,,,,市街化調整区域,60.0,200.0,2009年第４四半期,未改装,,6.690196080028514
22089295,中古マンション等,,22206,静岡県,三島市,谷田,三島,30分?60分,３ＬＤＫ,65,,,,平成14年,ＲＣ,住宅,,,,,第１種低層住居専用地域,50.0,80.0,2012年第３四半期,未改装,,7.041392685158225
22051620,中古マンション等,,22101,静岡県,静岡市葵区,北安東,静岡,30分?60分,３ＬＤＫ,80,,,,平成22年,ＲＣ,住宅,,,,,第１種中高層住居専用地域,60.0,200.0,2010年第２四半期,未改装,,7.491361693834273
22001082,中古マンション等,,22101,静岡県,静岡市葵区,沓谷,静岡,30分?60分,３ＬＤＫ,70,,,,平成8年,ＲＣ,,住宅,,,,第１種中高層住居専用地域,60.0,200.0,2017年第４四半期,改装済,,7.204119982655925
22129236,中古マンション等,,22210,静岡県,富士市,吉原,富士,30分?60分,３ＬＤＫ,60,,,,平成5年,ＳＲＣ,住宅,,,,,商業地域,80.0,400.0,2007年第３四半期,未改装,,6.991226075692495
22003152,中古マンション等,,22101,静岡県,静岡市葵区,竜南,静岡,30分?60分,３ＬＤＫ,65,,,,平成5年,ＲＣ,住宅,住宅,,,,第２種中高層住居専用地域,60.0,200.0,2018年第２四半期,未改装,,7.146128035678238
22062137,中古マンション等,,22131,静岡県,浜松市中区,佐鳴台,浜松,30分?60分,１Ｋ,15,,,,昭和64年,ＲＣ,住宅,その他,,,,第１種中高層住居専用地域,60.0,200.0,2015年第２四半期,未改装,,6.505149978319906
22076639,中古マンション等,,22206,静岡県,三島市,寿町,三島,6,２ＬＤＫ,65,,,,平成2年,ＲＣ,その他,住宅,,,,近隣商業地域,80.0,200.0,2015年第３四半期,,,7.079181246047625
22053075,中古マンション等,,22103,静岡県,静岡市清水区,幸町,清水(静岡),30分?60分,３ＬＤＫ,75,,,,平成13年,ＲＣ,住宅,住宅,,,,準工業地域,60.0,200.0,2014年第１四半期,改装済,,7.041392685158225
22039065,中古マンション等,,22214,静岡県,藤枝市,駿河台,藤枝,29,３ＬＤＫ,70,,,,,ＲＣ,,住宅,,,,第１種中高層住居専用地域,60.0,200.0,2018年第２四半期,未改装,,7.113943352306837
22053205,中古マンション等,,22101,静岡県,静岡市葵区,昭和町,静岡,8,オープンフロア,55,,,,昭和53年,ＳＲＣ,住宅,,,,,商業地域,80.0,600.0,2011年第２四半期,未改装,,6.845098040014257
22064191,中古マンション等,,22203,静岡県,沼津市,志下,沼津,1H?1H30,３ＬＤＫ,70,,,,,ＲＣ,住宅,住宅,,,,準工業地域,60.0,200.0,2014年第３四半期,未改装,,7.146128035678238
22000934,中古マンション等,,22101,静岡県,静岡市葵区,北安東,静岡,30分?60分,３ＬＤＫ,75,,,,,,,住宅,,,,第２種中高層住居専用地域,60.0,200.0,2019年第４四半期,未改装,,7.230448921378274
22010243,中古マンション等,,22131,静岡県,浜松市中区,寺島町,浜松,13,１Ｋ,20,,,,昭和64年,ＲＣ,住宅,住宅,,,,近隣商業地域,80.0,300.0,2019年第４四半期,未改装,,6.230448921378274
22005028,中古マンション等,,22102,静岡県,静岡市駿河区,曲金,静岡,23,４ＤＫ,55,,,,昭和48年,ＳＲＣ,住宅,住宅,,,,工業地域,60.0,200.0,2018年第３四半期,未改装,,6.505149978319906
22065532,中古マンション等,,22132,静岡県,浜松市東区,中郡町,遠州西ケ崎,2,３ＬＤＫ,70,,,,平成7年,ＳＲＣ,住宅,住宅,,,,市街化調整区域,60.0,200.0,2015年第１四半期,未改装,調停・競売等,6.903089986991944
22010213,中古マンション等,,22131,静岡県,浜松市中区,中央,浜松,9,４ＬＤＫ,85,,,,平成12年,ＲＣ,住宅,,,,,商業地域,80.0,400.0,2016年第４四半期,,,7.3222192947339195
22123123,中古マンション等,,22132,静岡県,浜松市東区,植松町,浜松,,２ＤＫ,40,,,,昭和49年,ＳＲＣ,住宅,,,,,第１種住居地域,60.0,200.0,2008年第２四半期,未改装,,6.505149978319906
22063061,中古マンション等,,22135,静岡県,浜松市北区,三ヶ日町都筑,都筑,19,１ＬＤＫ,50,,,,平成2年,ＳＲＣ,住宅,,,,,市街化調整区域,60.0,200.0,2010年第４四半期,未改装,,6.690196080028514
22017673,中古マンション等,,22135,静岡県,浜松市北区,三ヶ日町都筑,都筑,20,２ＬＤＫ,120,,,,平成2年,ＳＲＣ,住宅,住宅,,,,市街化調整区域,60.0,200.0,2018年第４四半期,未改装,,6.3979400086720375
22056804,中古マンション等,,22131,静岡県,浜松市中区,北寺島町,浜松,11,４ＬＤＫ,90,,,,平成15年,ＲＣ,住宅,,,,,第２種住居地域,60.0,200.0,2010年第２四半期,未改装,,7.361727836017593
22120696,中古マンション等,,22103,静岡県,静岡市清水区,入江,清水(静岡),,３ＬＤＫ,80,,,,平成18年,ＲＣ,住宅,,,,,近隣商業地域,80.0,300.0,2006年第３四半期,未改装,,7.447158031342219
22115217,中古マンション等,,22214,静岡県,藤枝市,藤枝,藤枝,30分?60分,３ＬＤＫ,65,,,,平成7年,ＲＣ,住宅,,,,,近隣商業地域,80.0,300.0,2009年第１四半期,未改装,,7.113943352306837
22075809,中古マンション等,,22210,静岡県,富士市,水戸島本町,富士,5,１ＤＫ,30,,,,平成2年,ＳＲＣ,住宅,住宅,,,,近隣商業地域,80.0,300.0,2014年第３四半期,改装済,,6.5910646070264995
22021214,中古マンション等,,22203,静岡県,沼津市,杉崎町,沼津,14,３ＬＤＫ,65,,,,平成9年,ＳＲＣ,住宅,住宅,,,,第２種住居地域,60.0,200.0,2017年第１四半期,未改装,,6.977723605288848
22078172,中古マンション等,,22101,静岡県,静岡市葵区,春日,静岡,21,３ＤＫ,55,,,,昭和47年,ＳＲＣ,住宅,,,,,第２種住居地域,60.0,200.0,2009年第４四半期,未改装,,6.7160033436347994
22073657,中古マンション等,,22203,静岡県,沼津市,大手町,沼津,3,１ＬＤＫ,55,,,,,ＲＣ,住宅,住宅,,,,商業地域,80.0,500.0,2015年第２四半期,未改装,,7.230448921378274
22009098,中古マンション等,,22131,静岡県,浜松市中区,北寺島町,浜松,11,１Ｋ,20,,,,平成2年,ＳＲＣ,住宅,住宅,,,,商業地域,80.0,500.0,2017年第２四半期,未改装,,6.477121254719663
22060871,中古マンション等,,22135,静岡県,浜松市北区,三ヶ日町都筑,都筑,20,１ＬＤＫ,50,,,,平成2年,ＳＲＣ,住宅,住宅,,,,市街化調整区域,60.0,200.0,2014年第４四半期,改装済,,6.698970004336019
22078659,中古マンション等,,22131,静岡県,浜松市中区,上島,浜松,30分?60分,３ＬＤＫ,80,,,,平成15年,ＳＲＣ,住宅,,,,,第１種住居地域,60.0,200.0,2013年第１四半期,未改装,,7.3222192947339195
22121764,中古マンション等,,22103,静岡県,静岡市清水区,港町,清水(静岡),25,３ＬＤＫ,80,,,,平成18年,ＲＣ,住宅,,,,,準工業地域,60.0,200.0,2008年第１四半期,未改装,,7.414973347970818
22058605,中古マンション等,,22133,静岡県,浜松市西区,舞阪町弁天島,弁天島,2,２ＬＤＫ,50,,,,昭和51年,ＳＲＣ,住宅,,,,,商業地域,80.0,400.0,2014年第１四半期,改装済,,6.623249290397901
22069916,中古マンション等,,22131,静岡県,浜松市中区,板屋町,浜松,6,３ＬＤＫ,75,,,,平成20年,ＲＣ,住宅,,,,,商業地域,80.0,400.0,2012年第３四半期,未改装,,7.4623979978989565
22051258,中古マンション等,,22101,静岡県,静岡市葵区,緑町,静岡,30分?60分,２ＬＤＫ,65,,,,平成3年,ＲＣ,住宅,住宅,,,,第１種中高層住居専用地域,60.0,200.0,2014年第４四半期,未改装,,7.176091259055681
22066431,中古マンション等,,22136,静岡県,浜松市浜北区,貴布祢,浜北,2,１Ｋ,15,,,,平成3年,ＲＣ,住宅,,,,,商業地域,80.0,400.0,2011年第４四半期,未改装,調停・競売等,5.929418925714293
22057527,中古マンション等,,22131,静岡県,浜松市中区,高丘西,浜松,1H30?2H,３ＬＤＫ,60,,,,昭和64年,ＲＣ,住宅,,,,,第１種住居地域,60.0,200.0,2010年第３四半期,未改装,,5.886490725172482
22083811,中古マンション等,,22102,静岡県,静岡市駿河区,中原,静岡,30分?60分,２ＬＤＫ,60,,,,平成8年,ＲＣ,住宅,,,,,準工業地域,60.0,200.0,2009年第１四半期,未改装,,7.204119982655925
22092201,中古マンション等,,22131,静岡県,浜松市中区,曳馬,浜松,30分?60分,３ＬＤＫ,75,,,,平成19年,ＲＣ,住宅,,,,,第１種住居地域,60.0,200.0,2009年第２四半期,未改装,,7.3222192947339195
22011530,中古マンション等,,22131,静岡県,浜松市中区,領家,浜松,24,３ＬＤＫ,65,,,,平成20年,ＲＣ,住宅,住宅,,,,第１種住居地域,60.0,200.0,2019年第３四半期,未改装,,7.146128035678238
22056213,中古マンション等,,22131,静岡県,浜松市中区,龍禅寺町,浜松,17,３ＬＤＫ,80,,,,平成9年,ＲＣ,住宅,,,,,第２種住居地域,60.0,200.0,2014年第１四半期,,,7.113943352306837
22005380,中古マンション等,,22102,静岡県,静岡市駿河区,みずほ,安倍川,4,３ＬＤＫ,60,,,,昭和62年,ＲＣ,住宅,その他,,,,第２種中高層住居専用地域,60.0,200.0,2018年第１四半期,未改装,,6.954242509439325
22120067,中古マンション等,,22102,静岡県,静岡市駿河区,中原,静岡,25,３ＬＤＫ,80,,,,平成18年,ＲＣ,住宅,,,,,準工業地域,60.0,200.0,2008年第３四半期,未改装,,7.505149978319906
22038386,中古マンション等,,22214,静岡県,藤枝市,駅前,藤枝,4,３ＬＤＫ,80,,,,平成24年,ＲＣ,,住宅,,,,商業地域,80.0,400.0,2018年第２四半期,未改装,,7.380211241711606
22031722,中古マンション等,,22210,静岡県,富士市,水戸島本町,富士,8,,15,,,,平成4年,ＳＲＣ,住宅,住宅,,,,近隣商業地域,80.0,300.0,2018年第３四半期,,,6.380211241711606
22057593,中古マンション等,,22102,静岡県,静岡市駿河区,さつき町,静岡,11,３ＬＤＫ,75,,,,昭和57年,ＲＣ,住宅,住宅,,,,準工業地域,60.0,200.0,2015年第３四半期,未改装,,6.8750612633917
22093866,中古マンション等,,22203,静岡県,沼津市,大手町,沼津,9,２ＬＤＫ,65,,,,平成15年,ＳＲＣ,住宅,,,,,商業地域,80.0,500.0,2013年第３四半期,改装済,,7.176091259055681
22023040,中古マンション等,,22206,静岡県,三島市,加茂川町,三島,30分?60分,２ＬＤＫ,60,,,,平成8年,,,住宅,,,,第２種住居地域,60.0,200.0,2018年第１四半期,未改装,,7.113943352306837
22081185,中古マンション等,,22136,静岡県,浜松市浜北区,貴布祢,浜北,4,１ＤＫ,15,,,,平成4年,ＲＣ,住宅,,,,,商業地域,80.0,400.0,2012年第２四半期,未改装,,6.176091259055681
22118967,中古マンション等,,22101,静岡県,静岡市葵区,古庄,東静岡,16,２ＬＤＫ,65,,,,昭和54年,ＲＣ,住宅,,,,,第１種住居地域,60.0,200.0,2007年第３四半期,未改装,調停・競売等,6.748188027006201
22017704,中古マンション等,,22135,静岡県,浜松市北区,三ヶ日町都筑,都筑,19,１ＬＤＫ,50,,,,平成2年,ＳＲＣ,住宅,,,,,市街化調整区域,60.0,200.0,2017年第２四半期,未改装,,6.57978359661681
22129281,中古マンション等,,22211,静岡県,磐田市,今之浦,磐田,23,３ＬＤＫ,65,,,,平成20年,ＲＣ,住宅,,,,,第１種住居地域,60.0,200.0,2008年第４四半期,,,7.3979400086720375
22085129,中古マンション等,,22211,静岡県,磐田市,東新町,磐田,30分?60分,３ＬＤＫ,60,,,,平成8年,ＳＲＣ,住宅,,,,,市街化調整区域,,,2011年第４四半期,未改装,,6.812913356642856
22124849,中古マンション等,,22136,静岡県,浜松市浜北区,貴布祢,浜北,4,１Ｋ,15,,,,平成3年,ＲＣ,住宅,,,,,商業地域,80.0,400.0,2008年第４四半期,未改装,,6.3979400086720375
22106125,中古マンション等,,22210,静岡県,富士市,永田町,富士,30分?60分,４ＬＤＫ,85,,,,平成15年,ＲＣ,住宅,,,,,商業地域,80.0,400.0,2013年第３四半期,未改装,,7.342422680822207
22005483,中古マンション等,,22102,静岡県,静岡市駿河区,南町,静岡,4,１ＬＤＫ,60,,,,平成8年,鉄骨造,住宅,住宅,,,,商業地域,80.0,400.0,2016年第２四半期,未改装,,7.176091259055681
22081671,中古マンション等,,22101,静岡県,静岡市葵区,吉野町,静岡,15,１Ｋ,20,,,,昭和60年,ＲＣ,住宅,,,,,商業地域,80.0,400.0,2009年第１四半期,改装済,,6.301029995663981
22062960,中古マンション等,,22135,静岡県,浜松市北区,三ヶ日町大崎,都筑,30分?60分,２ＤＫ,45,,,,昭和63年,ＳＲＣ,住宅,,,,,市街化調整区域,60.0,200.0,2010年第２四半期,未改装,,6.477121254719663
22013379,中古マンション等,,22132,静岡県,浜松市東区,半田山,浜松,1H30?2H,２ＬＤＫ,60,,,,平成14年,ＲＣ,住宅,住宅,,,,第２種中高層住居専用地域,60.0,200.0,2018年第２四半期,未改装,,7.079181246047625
22030933,中古マンション等,,22210,静岡県,富士市,中之郷,富士川,9,２ＬＤＫ,70,,,,平成14年,ＲＣ,住宅,住宅,,,,第１種住居地域,60.0,200.0,2018年第１四半期,未改装,,7.0
22011230,中古マンション等,,22131,静岡県,浜松市中区,広沢,浜松,30分?60分,３ＬＤＫ,65,,,,平成9年,,,住宅,,,,第１種中高層住居専用地域,60.0,200.0,2018年第４四半期,未改装,,7.278753600952829
22123349,中古マンション等,,22132,静岡県,浜松市東区,天王町,浜松,1H?1H30,２ＬＤＫ,55,,,,平成2年,ＲＣ,住宅,,,,,第１種住居地域,60.0,200.0,2008年第３四半期,改装済,,6.8750612633917
22030453,中古マンション等,,22210,静岡県,富士市,蓼原,富士,16,３ＬＤＫ,70,,,,平成19年,ＲＣ,住宅,住宅,,,,工業地域,60.0,200.0,2017年第１四半期,未改装,,7.146128035678238
22058969,中古マンション等,,22131,静岡県,浜松市中区,幸,浜松,30分?60分,３ＬＤＫ,85,,,,平成19年,ＲＣ,住宅,,,,,第２種住居地域,60.0,200.0,2011年第３四半期,未改装,調停・競売等,7.176091259055681
22070160,中古マンション等,,22131,静岡県,浜松市中区,上島,浜松,30分?60分,２ＬＤＫ,60,,,,平成5年,ＲＣ,住宅,,,,,第１種住居地域,60.0,200.0,2012年第３四半期,未改装,,7.0
22122522,中古マンション等,,22131,静岡県,浜松市中区,高丘北,浜松,1H30?2H,３ＬＤＫ,65,,,,平成20年,ＲＣ,住宅,,,,,第１種住居地域,60.0,200.0,2008年第１四半期,改装済,,7.278753600952829
22030489,中古マンション等,,22210,静岡県,富士市,中央町,吉原,30分?60分,２ＬＤＫ,45,,,,昭和49年,ＳＲＣ,住宅,,,,,近隣商業地域,80.0,300.0,2017年第３四半期,未改装,,6.556302500767287
22072990,中古マンション等,,22131,静岡県,浜松市中区,曳馬,浜松,30分?60分,３ＬＤＫ,80,,,,平成16年,ＲＣ,住宅,,,,,第１種住居地域,60.0,200.0,2012年第４四半期,未改装,,7.301029995663981
22076306,中古マンション等,,22206,静岡県,三島市,一番町,三島,4,４ＬＤＫ,85,,,,昭和61年,ＳＲＣ,住宅,住宅,,,,商業地域,80.0,400.0,2015年第３四半期,未改装,,7.176091259055681
22020547,中古マンション等,,22203,静岡県,沼津市,大手町,沼津,1,１ＤＫ,50,,,,平成20年,,住宅,住宅,,,,商業地域,80.0,600.0,2018年第２四半期,未改装,,7.477121254719663
22032207,中古マンション等,,22210,静岡県,富士市,吉原,吉原,30分?60分,３ＬＤＫ,70,,,,平成5年,ＳＲＣ,住宅,住宅,,,,商業地域,80.0,400.0,2019年第１四半期,,,7.079181246047625
22033464,中古マンション等,,22211,静岡県,磐田市,東新町,磐田,30分?60分,３ＬＤＫ,60,,,,平成8年,ＳＲＣ,住宅,住宅,,,,市街化調整区域,60.0,200.0,2017年第２四半期,,調停・競売等,6.544068044350276
22072884,中古マンション等,,22206,静岡県,三島市,広小路町,,,１ＬＤＫ,40,,,,平成20年,ＲＣ,住宅,,,,,,,,2011年第１四半期,,,7.230448921378274
22014721,中古マンション等,,22133,静岡県,浜松市西区,舞阪町弁天島,弁天島,12,３ＤＫ,60,,,,昭和49年,ＲＣ,住宅,住宅,,,,第１種住居地域,60.0,200.0,2016年第２四半期,未改装,,6.6127838567197355
22011306,中古マンション等,,22131,静岡県,浜松市中区,松城町,浜松,19,３ＬＤＫ,75,,,,平成25年,ＲＣ,,住宅,,,,近隣商業地域,80.0,300.0,2018年第３四半期,,,7.518513939877887
22125339,中古マンション等,,22203,静岡県,沼津市,内浦小海,沼津,2H?,１ＬＤＫ,45,,,,平成2年,ＳＲＣ,住宅,,,,,市街化調整区域,60.0,200.0,2008年第３四半期,改装済,,6.8750612633917
22020291,中古マンション等,,22203,静岡県,沼津市,大岡,沼津,13,３ＬＤＫ,75,,,,平成15年,ＳＲＣ,住宅,,,,,近隣商業地域,80.0,300.0,2019年第１四半期,,調停・競売等,7.146128035678238
22054742,中古マンション等,,22101,静岡県,静岡市葵区,追手町,静岡,14,２ＬＤＫ,55,,,,昭和54年,ＳＲＣ,住宅,住宅,,,,商業地域,80.0,600.0,2015年第２四半期,,,6.8750612633917
22130852,中古マンション等,,22214,静岡県,藤枝市,駅前,藤枝,4,２ＬＤＫ,70,,,,平成19年,ＲＣ,住宅,,,,,商業地域,80.0,400.0,2007年第２四半期,,,7.4623979978989565
22125989,中古マンション等,,22203,静岡県,沼津市,三園町,沼津,16,４ＬＤＫ,80,,,,平成4年,ＲＣ,住宅,,,,,近隣商業地域,80.0,300.0,2008年第３四半期,未改装,,7.204119982655925
22022821,中古マンション等,,22206,静岡県,三島市,青木,三島,30分?60分,３ＬＤＫ,65,,,,平成16年,,,住宅,,,,第１種住居地域,60.0,200.0,2020年第１四半期,改装済,,7.230448921378274
22020604,中古マンション等,,22203,静岡県,沼津市,岡一色,大岡(静岡),13,３ＬＤＫ,65,,,,,ＲＣ,住宅,住宅,,,,第１種住居地域,60.0,200.0,2019年第１四半期,未改装,,7.079181246047625
22083713,中古マンション等,,22132,静岡県,浜松市東区,篠ケ瀬町,浜松,1H?1H30,３ＬＤＫ,70,,,,平成10年,ＳＲＣ,住宅,,,,,近隣商業地域,80.0,300.0,2013年第３四半期,未改装,,7.176091259055681
22054869,中古マンション等,,22103,静岡県,静岡市清水区,楠新田,草薙(ＪＲ),6,４ＬＤＫ,75,,,,平成10年,ＲＣ,住宅,,,,,準工業地域,60.0,200.0,2010年第３四半期,未改装,,7.204119982655925
22004616,中古マンション等,,22102,静岡県,静岡市駿河区,中田,静岡,24,３ＬＤＫ,75,,,,平成15年,ＲＣ,住宅,住宅,,,,第２種中高層住居専用地域,60.0,200.0,2016年第１四半期,未改装,,7.278753600952829
22020549,中古マンション等,,22203,静岡県,沼津市,大手町,沼津,1,２ＬＤＫ,65,,,,平成20年,ＳＲＣ,住宅,住宅,,,,商業地域,80.0,600.0,2018年第２四半期,未改装,,7.653212513775344
22068900,中古マンション等,,22203,静岡県,沼津市,大岡,沼津,1H?1H30,２ＬＤＫ,60,,,,平成11年,ＲＣ,住宅,,,,,第２種中高層住居専用地域,60.0,150.0,2011年第４四半期,未改装,調停・競売等,6.9084850188786495
22063841,中古マンション等,,22203,静岡県,沼津市,岡一色,大岡(静岡),15,３ＬＤＫ,60,,,,平成7年,ＲＣ,住宅,住宅,,,,第１種住居地域,60.0,200.0,2014年第２四半期,未改装,,6.863322860120456
22057723,中古マンション等,,22132,静岡県,浜松市東区,宮竹町,浜松,30分?60分,３ＬＤＫ,80,,,,平成20年,ＲＣ,住宅,,,,,第１種住居地域,60.0,200.0,2014年第１四半期,未改装,,7.3222192947339195
22129228,中古マンション等,,22210,静岡県,富士市,吉原,富士,30分?60分,４ＬＤＫ,90,,,,平成17年,ＳＲＣ,住宅,,,,,商業地域,80.0,400.0,2008年第１四半期,未改装,,7.447158031342219
22088813,中古マンション等,,22206,静岡県,三島市,東本町,三島,21,３ＬＤＫ,65,,,,平成8年,ＲＣ,住宅,,,,,第１種住居地域,60.0,200.0,2012年第４四半期,未改装,,7.230448921378274
22122168,中古マンション等,,22131,静岡県,浜松市中区,上島,浜松,30分?60分,３ＬＤＫ,75,,,,平成16年,ＲＣ,住宅,,,,,第１種住居地域,60.0,200.0,2008年第２四半期,未改装,,7.3222192947339195
22001902,中古マンション等,,22101,静岡県,静岡市葵区,鷹匠,静岡,11,２ＬＤＫ,60,,,,平成17年,ＳＲＣ,,住宅,,,,商業地域,80.0,400.0,2018年第１四半期,未改装,,7.5910646070264995
22122570,中古マンション等,,22131,静岡県,浜松市中区,高林,浜松,30分?60分,２ＬＤＫ,70,,,,昭和60年,ＲＣ,住宅,,,,,第１種住居地域,60.0,200.0,2008年第１四半期,未改装,,6.886490725172482
22094733,中古マンション等,,22203,静岡県,沼津市,新宿町,沼津,6,３ＬＤＫ,75,,,,,ＳＲＣ,住宅,,,,,商業地域,80.0,400.0,2013年第４四半期,改装済,,6.924279286061882
22036497,中古マンション等,,22212,静岡県,焼津市,,焼津,0,３ＬＤＫ,70,,,,平成16年,ＳＲＣ,住宅,住宅,,,,商業地域,80.0,400.0,2019年第１四半期,未改装,,7.342422680822207
22062528,中古マンション等,,22101,静岡県,静岡市葵区,新通,静岡,24,３ＬＤＫ,65,,,,平成11年,ＲＣ,住宅,,,,,近隣商業地域,80.0,300.0,2012年第３四半期,未改装,,7.278753600952829
22122816,中古マンション等,,22131,静岡県,浜松市中区,東伊場,浜松,18,３ＬＤＫ,65,,,,平成7年,ＲＣ,住宅,,,,,近隣商業地域,80.0,300.0,2007年第４四半期,未改装,,7.113943352306837
22073353,中古マンション等,,22102,静岡県,静岡市駿河区,中田,静岡,15,３ＬＤＫ,70,,,,平成3年,ＳＲＣ,住宅,,,,,近隣商業地域,80.0,300.0,2013年第３四半期,改装済,,7.113943352306837
22010205,中古マンション等,,22131,静岡県,浜松市中区,中央,浜松,12,２ＤＫ,75,,,,平成19年,,,住宅,,,,商業地域,80.0,400.0,2017年第３四半期,未改装,,7.4623979978989565
22086932,中古マンション等,,22203,静岡県,沼津市,米山町,沼津,9,,70,,,,平成9年,ＲＣ,住宅,,,,,第２種住居地域,60.0,200.0,2012年第２四半期,未改装,,7.146128035678238
22122812,中古マンション等,,22131,静岡県,浜松市中区,東伊場,浜松,16,２ＬＤＫ,80,,,,昭和61年,ＲＣ,住宅,,,,,近隣商業地域,80.0,300.0,2008年第１四半期,改装済,,7.176091259055681
22070150,中古マンション等,,22203,静岡県,沼津市,西沢田,沼津,30分?60分,３ＬＤＫ,80,,,,,ＲＣ,住宅,,,,,第２種中高層住居専用地域,60.0,200.0,2011年第４四半期,未改装,調停・競売等,7.041392685158225
22108437,中古マンション等,,22211,静岡県,磐田市,中泉,磐田,18,３ＬＤＫ,70,,,,平成24年,ＲＣ,住宅,,,,,工業地域,60.0,200.0,2013年第１四半期,未改装,,7.361727836017593
22117928,中古マンション等,,22101,静岡県,静岡市葵区,音羽町,静岡,9,５ＬＤＫ,125,,,,平成11年,ＲＣ,住宅,,,,,第２種住居地域,60.0,200.0,2007年第１四半期,未改装,調停・競売等,7.544068044350276
22055014,中古マンション等,,22131,静岡県,浜松市中区,高丘北,浜松,1H30?2H,３ＬＤＫ,70,,,,,ＲＣ,住宅,,,,,第１種住居地域,60.0,200.0,2014年第１四半期,未改装,,6.954242509439325
22060742,中古マンション等,,22131,静岡県,浜松市中区,龍禅寺町,浜松,13,３ＤＫ,50,,,,平成2年,ＳＲＣ,住宅,,,,,近隣商業地域,80.0,300.0,2011年第２四半期,未改装,,6.7923916894982534
22096258,中古マンション等,,22210,静岡県,富士市,厚原,富士,1H?1H30,３ＬＤＫ,65,,,,平成5年,ＲＣ,住宅,,,,,第１種住居地域,60.0,200.0,2012年第４四半期,,調停・競売等,6.653212513775344
22122828,中古マンション等,,22131,静岡県,浜松市中区,曳馬,浜松,30分?60分,３ＬＤＫ,75,,,,平成19年,ＲＣ,住宅,,,,,第１種住居地域,60.0,200.0,2008年第４四半期,未改装,,7.431363764158987
22004590,中古マンション等,,22102,静岡県,静岡市駿河区,中田,静岡,13,３ＤＫ,50,,,,昭和56年,,住宅,住宅,,,,第２種住居地域,60.0,200.0,2019年第１四半期,未改装,,6.681241237375588
22008809,中古マンション等,,22131,静岡県,浜松市中区,上島,浜松,1H?1H30,２ＬＤＫ,70,,,,平成10年,ＳＲＣ,住宅,住宅,,,,第１種住居地域,60.0,200.0,2016年第４四半期,未改装,,7.301029995663981
22092294,中古マンション等,,22131,静岡県,浜松市中区,広沢,浜松,27,２ＬＤＫ,70,,,,平成14年,ＲＣ,住宅,,,,,第１種中高層住居専用地域,60.0,200.0,2009年第４四半期,未改装,,7.2552725051033065
22038438,中古マンション等,,22214,静岡県,藤枝市,大手,藤枝,30分?60分,３ＬＤＫ,60,,,,平成11年,ＲＣ,,住宅,,,,近隣商業地域,80.0,200.0,2019年第４四半期,未改装,調停・競売等,6.8061799739838875
22074647,中古マンション等,,22102,静岡県,静岡市駿河区,森下町,静岡,5,オープンフロア,30,,,,昭和56年,ＳＲＣ,店舗,,,,,商業地域,80.0,400.0,2013年第１四半期,未改装,,6.7160033436347994
22020451,中古マンション等,,22203,静岡県,沼津市,大岡,沼津,23,３ＬＤＫ,65,,,,平成9年,ＲＣ,住宅,住宅,,,,第２種中高層住居専用地域,60.0,200.0,2016年第１四半期,改装済,,7.146128035678238
22120276,中古マンション等,,22102,静岡県,静岡市駿河区,曲金,静岡,24,２ＤＫ,55,,,,昭和48年,ＳＲＣ,住宅,,,,,工業地域,60.0,200.0,2007年第４四半期,,,6.740362689494244
22003317,中古マンション等,,22102,静岡県,静岡市駿河区,池田,東静岡,5,４ＬＤＫ,80,,,,平成17年,ＲＣ,住宅,住宅,,,,準工業地域,60.0,200.0,2017年第３四半期,未改装,,7.447158031342219
22064229,中古マンション等,,22101,静岡県,静岡市葵区,与一,静岡,1H?1H30,,60,,,,昭和51年,ＲＣ,住宅,,,,,第２種中高層住居専用地域,60.0,200.0,2012年第４四半期,,,6.653212513775344
22020354,中古マンション等,,22203,静岡県,沼津市,大岡,沼津,1H?1H30,２ＬＤＫ,65,,,,平成11年,ＲＣ,住宅,住宅,,,,第２種中高層住居専用地域,60.0,150.0,2017年第４四半期,改装済,,7.113943352306837
22062243,中古マンション等,,22136,静岡県,浜松市浜北区,沼,浜北,6,,75,,,,,ＲＣ,住宅,住宅,,,,第２種住居地域,60.0,200.0,2014年第３四半期,未改装,,7.342422680822207
22016892,中古マンション等,,22135,静岡県,浜松市北区,初生町,浜松,1H30?2H,３ＬＤＫ,75,,,,平成13年,ＲＣ,住宅,住宅,,,,市街化調整区域,60.0,200.0,2016年第１四半期,未改装,,7.204119982655925
22074428,中古マンション等,,22203,静岡県,沼津市,新宿町,沼津,8,３ＬＤＫ,70,,,,平成10年,ＳＲＣ,住宅,住宅,,,,商業地域,80.0,400.0,2015年第１四半期,未改装,調停・競売等,7.176091259055681
22009624,中古マンション等,,22131,静岡県,浜松市中区,砂山町,浜松,6,３ＬＤＫ,85,,,,平成30年,ＲＣ,住宅,住宅,,,,近隣商業地域,80.0,300.0,2020年第３四半期,未改装,,7.6127838567197355
22119225,中古マンション等,,22101,静岡県,静岡市葵区,吉野町,静岡,,１ＤＫ,20,,,,昭和60年,,住宅,,,,,,,,2006年第３四半期,未改装,,6.518513939877887
22130937,中古マンション等,,22214,静岡県,藤枝市,小石川町,藤枝,21,３ＬＤＫ,70,,,,平成3年,ＲＣ,住宅,,,,,第２種中高層住居専用地域,60.0,150.0,2008年第２四半期,未改装,,7.113943352306837
22124644,中古マンション等,,22135,静岡県,浜松市北区,三ヶ日町大崎,都筑,23,１ＬＤＫ,45,,,,昭和63年,ＳＲＣ,住宅,,,,,市街化調整区域,60.0,200.0,2007年第１四半期,未改装,,6.6020599913279625
22005155,中古マンション等,,22102,静岡県,静岡市駿河区,馬渕,静岡,13,３ＬＤＫ,60,,,,昭和59年,ＲＣ,,住宅,,,,近隣商業地域,80.0,200.0,2018年第４四半期,未改装,,7.146128035678238
22104751,中古マンション等,,22203,静岡県,沼津市,若葉町,沼津,30分?60分,３ＬＤＫ,65,,,,昭和63年,ＳＲＣ,住宅,,,,,第１種住居地域,60.0,200.0,2009年第３四半期,,,6.991226075692495
22066942,中古マンション等,,22133,静岡県,浜松市西区,舞阪町弁天島,弁天島,13,,20,,,,昭和49年,ＲＣ,住宅,住宅,,,,第１種住居地域,60.0,200.0,2015年第１四半期,未改装,,6.146128035678238
22118175,中古マンション等,,22101,静岡県,静岡市葵区,北安東,静岡,30分?60分,３ＬＤＫ,65,,,,平成10年,ＲＣ,住宅,,,,,第２種中高層住居専用地域,60.0,200.0,2006年第３四半期,未改装,,7.342422680822207
22057782,中古マンション等,,22102,静岡県,静岡市駿河区,石部,用宗,16,１ＬＤＫ,40,,,,平成6年,ＲＣ,住宅,住宅,,,,第１種住居地域,60.0,200.0,2015年第２四半期,未改装,調停・競売等,6.380211241711606
22052524,中古マンション等,,22101,静岡県,静岡市葵区,梅屋町,静岡,15,２ＤＫ,30,,,,平成4年,ＲＣ,住宅,,,,,商業地域,80.0,400.0,2011年第３四半期,改装済,関係者間取引,6.698970004336019
22005167,中古マンション等,,22102,静岡県,静岡市駿河区,馬渕,静岡,10,,65,,,,平成19年,,住宅,住宅,,,,近隣商業地域,80.0,300.0,2018年第１四半期,改装済,,7.531478917042255
22011169,中古マンション等,,22131,静岡県,浜松市中区,曳馬,浜松,30分?60分,３ＬＤＫ,80,,,,平成16年,ＲＣ,,住宅,,,,第１種住居地域,60.0,200.0,2018年第１四半期,未改装,,7.2552725051033065
22057204,中古マンション等,,22102,静岡県,静岡市駿河区,稲川,静岡,6,３ＬＤＫ,70,,,,平成21年,ＲＣ,住宅,住宅,,,,商業地域,80.0,400.0,2015年第１四半期,未改装,,7.477121254719663
22070995,中古マンション等,,22203,静岡県,沼津市,桃里,原(静岡),30分?60分,３ＬＤＫ,75,,,,平成6年,ＲＣ,住宅,,,,,市街化調整区域,,,2011年第４四半期,未改装,,6.991226075692495
22008555,中古マンション等,,22131,静岡県,浜松市中区,板屋町,浜松,6,３ＬＤＫ,75,,,,平成18年,ＲＣ,住宅,住宅,,,,商業地域,80.0,600.0,2018年第４四半期,未改装,,7.4623979978989565
22017559,中古マンション等,,22135,静岡県,浜松市北区,三ヶ日町下尾奈,三ケ日,30分?60分,１Ｒ,25,,,,,ＲＣ,その他,その他,,,,市街化調整区域,60.0,200.0,2017年第１四半期,未改装,,5.0
22057949,中古マンション等,,22133,静岡県,浜松市西区,入野町,浜松,30分?60分,４ＬＤＫ,85,,,,平成3年,ＲＣ,住宅,,,,,第１種住居地域,60.0,200.0,2014年第４四半期,未改装,,6.954242509439325
22000427,中古マンション等,,22101,静岡県,静岡市葵区,大岩町,静岡,30分?60分,２ＤＫ,45,,,,昭和52年,ＲＣ,住宅,住宅,,,,第１種中高層住居専用地域,60.0,200.0,2017年第３四半期,改装済,,6.897627091290442
22118942,中古マンション等,,22101,静岡県,静岡市葵区,双葉町,静岡,,２ＬＤＫ,85,,,,平成3年,鉄骨造,住宅,,,,,,,,2006年第４四半期,未改装,,7.361727836017593
22126012,中古マンション等,,22203,静岡県,沼津市,吉田町,沼津,19,３ＬＤＫ,70,,,,昭和57年,ＲＣ,住宅,,,,,準工業地域,60.0,200.0,2008年第４四半期,未改装,,6.832508912706237
22092311,中古マンション等,,22131,静岡県,浜松市中区,広沢,浜松,30分?60分,３ＬＤＫ,80,,,,平成9年,ＲＣ,住宅,,,,,第１種中高層住居専用地域,60.0,200.0,2009年第２四半期,改装済,,7.361727836017593
22010219,中古マンション等,,22131,静岡県,浜松市中区,中央,浜松,14,３ＬＤＫ,80,,,,平成16年,ＳＲＣ,住宅,住宅,,,,近隣商業地域,80.0,300.0,2016年第２四半期,,,7.361727836017593
22118222,中古マンション等,,22101,静岡県,静岡市葵区,沓谷,東静岡,21,３ＬＤＫ,80,,,,平成13年,ＲＣ,住宅,,,,,第２種中高層住居専用地域,60.0,200.0,2008年第２四半期,未改装,調停・競売等,7.301029995663981
22062111,中古マンション等,,22101,静岡県,静岡市葵区,北安東,静岡,30分?60分,２ＬＤＫ,70,,,,平成9年,ＲＣ,住宅,,,,,第２種中高層住居専用地域,60.0,200.0,2012年第１四半期,改装済,,7.2552725051033065
22066921,中古マンション等,,22103,静岡県,静岡市清水区,江尻東,清水(静岡),8,３ＬＤＫ,65,,,,平成9年,ＳＲＣ,住宅,,,,,商業地域,80.0,400.0,2012年第３四半期,未改装,,7.113943352306837
22039549,中古マンション等,,22214,静岡県,藤枝市,田沼,藤枝,3,３ＬＤＫ,75,,,,,ＲＣ,住宅,その他,,,,近隣商業地域,80.0,300.0,2016年第３四半期,未改装,,7.361727836017593
22013830,中古マンション等,,22133,静岡県,浜松市西区,入野町,浜松,1H?1H30,,15,,,,平成2年,ＲＣ,住宅,住宅,,,,工業地域,60.0,200.0,2016年第１四半期,改装済,,6.079181246047625
22066030,中古マンション等,,22206,静岡県,三島市,加茂川町,三島,19,２ＬＤＫ,55,,,,平成8年,ＳＲＣ,住宅,住宅,,,,第２種住居地域,60.0,200.0,2014年第２四半期,未改装,,7.113943352306837
22059314,中古マンション等,,22132,静岡県,浜松市東区,篠ケ瀬町,浜松,1H?1H30,３ＬＤＫ,70,,,,平成10年,ＲＣ,住宅,,,,,近隣商業地域,80.0,300.0,2010年第１四半期,未改装,,7.230448921378274
22008547,中古マンション等,,22131,静岡県,浜松市中区,板屋町,浜松,8,３ＬＤＫ,70,,,,平成13年,ＲＣ,住宅,住宅,,,,商業地域,80.0,400.0,2019年第４四半期,未改装,,7.361727836017593
22006282,中古マンション等,,22103,静岡県,静岡市清水区,小芝町,清水(静岡),10,２ＬＤＫ,55,,,,平成5年,,住宅,住宅,,,,商業地域,80.0,400.0,2017年第４四半期,改装済,,7.146128035678238
22000990,中古マンション等,,22101,静岡県,静岡市葵区,北安東,静岡,30分?60分,３ＬＤＫ,75,,,,平成21年,ＲＣ,,住宅,,,,第２種中高層住居専用地域,60.0,200.0,2017年第３四半期,改装済,,7.431363764158987
22122616,中古マンション等,,22131,静岡県,浜松市中区,寺島町,浜松,13,３ＤＫ,55,,,,平成3年,ＳＲＣ,住宅,,,,,近隣商業地域,80.0,300.0,2007年第４四半期,改装済,,6.886490725172482
22015975,中古マンション等,,22134,静岡県,浜松市南区,東若林町,浜松,30分?60分,４ＬＤＫ,75,,,,平成20年,,,住宅,,,,第２種住居地域,60.0,200.0,2017年第４四半期,未改装,調停・競売等,7.146128035678238
22125344,中古マンション等,,22203,静岡県,沼津市,江原町,沼津,26,４ＬＤＫ,75,,,,平成8年,ＲＣ,住宅,,,,,近隣商業地域,80.0,300.0,2008年第４四半期,未改装,,7.2552725051033065
22056306,中古マンション等,,22131,静岡県,浜松市中区,小豆餅,浜松,1H?1H30,３ＬＤＫ,65,,,,平成4年,ＲＣ,住宅,,,,,第１種住居地域,60.0,200.0,2010年第３四半期,改装済,,6.963787827345556
22067517,中古マンション等,,22103,静岡県,静岡市清水区,北脇,清水(静岡),30分?60分,３ＬＤＫ,75,,,,平成3年,ＲＣ,住宅,,,,,工業地域,60.0,200.0,2012年第２四半期,,,6.954242509439325
22057094,中古マンション等,,22102,静岡県,静岡市駿河区,池田,東静岡,7,３ＬＤＫ,70,,,,,ＲＣ,住宅,住宅,,,,工業地域,60.0,200.0,2015年第３四半期,未改装,,7.380211241711606
22107162,中古マンション等,,22210,静岡県,富士市,吉原,富士,30分?60分,３ＬＤＫ,60,,,,平成5年,ＳＲＣ,住宅,,,,,商業地域,80.0,400.0,2013年第２四半期,,,7.041392685158225
22004801,中古マンション等,,22102,静岡県,静岡市駿河区,西中原,静岡,30分?60分,３ＬＤＫ,70,,,,平成3年,ＲＣ,住宅,,,,,工業地域,60.0,200.0,2019年第２四半期,,,6.991226075692495
22086090,中古マンション等,,22133,静岡県,浜松市西区,西山町,浜松,1H30?2H,３ＬＤＫ,60,,,,平成7年,ＳＲＣ,住宅,,,,,市街化調整区域,60.0,200.0,2013年第４四半期,未改装,,6.954242509439325
22119073,中古マンション等,,22101,静岡県,静岡市葵区,緑町,静岡,30分?60分,３ＬＤＫ,65,,,,昭和61年,ＲＣ,住宅,,,,,第１種中高層住居専用地域,60.0,200.0,2007年第３四半期,改装済,,7.079181246047625
22012732,中古マンション等,,22132,静岡県,浜松市東区,篠ケ瀬町,浜松,1H?1H30,３ＬＤＫ,75,,,,平成10年,ＳＲＣ,,その他,,,,近隣商業地域,80.0,300.0,2017年第４四半期,未改装,,7.041392685158225
22122135,中古マンション等,,22131,静岡県,浜松市中区,海老塚,浜松,11,３ＬＤＫ,65,,,,平成7年,ＲＣ,住宅,,,,,第１種住居地域,60.0,200.0,2007年第３四半期,未改装,,7.113943352306837
22021877,中古マンション等,,22203,静岡県,沼津市,平町,沼津,11,３ＬＤＫ,75,,,,平成9年,ＳＲＣ,,住宅,,,,近隣商業地域,60.0,300.0,2017年第３四半期,未改装,,7.204119982655925
22065936,中古マンション等,,22135,静岡県,浜松市北区,三ヶ日町都筑,東都筑,25,１Ｋ,25,,,,昭和47年,ＳＲＣ,住宅,,,,,市街化調整区域,60.0,200.0,2011年第２四半期,改装済,,6.176091259055681
22017458,中古マンション等,,22135,静岡県,浜松市北区,三ヶ日町大崎,都筑,30分?60分,１ＬＤＫ,40,,,,昭和61年,ＲＣ,住宅,住宅,,,,市街化調整区域,60.0,200.0,2017年第３四半期,未改装,,6.176091259055681
22057335,中古マンション等,,22132,静岡県,浜松市東区,天龍川町,天竜川,1,３ＬＤＫ,65,,,,平成5年,ＳＲＣ,住宅,住宅,,,,近隣商業地域,80.0,300.0,2014年第４四半期,改装済,,7.079181246047625
22125465,中古マンション等,,22203,静岡県,沼津市,大手町,沼津,6,２ＬＤＫ,65,,,,昭和64年,鉄骨造,住宅,,,,,商業地域,80.0,400.0,2007年第４四半期,未改装,,6.9344984512435675
22008449,中古マンション等,,22131,静岡県,浜松市中区,小豆餅,浜松,1H?1H30,３ＬＤＫ,75,,,,平成27年,ＲＣ,住宅,住宅,,,,準工業地域,60.0,200.0,2018年第３四半期,未改装,,7.431363764158987
22125460,中古マンション等,,22203,静岡県,沼津市,大手町,沼津,1,２ＬＤＫ,75,,,,平成20年,ＲＣ,住宅,,,,,商業地域,80.0,500.0,2008年第２四半期,未改装,,7.544068044350276
22013207,中古マンション等,,22132,静岡県,浜松市東区,中野町,浜松,1H?1H30,３ＬＤＫ,55,,,,平成4年,ＲＣ,住宅,その他,,,,準工業地域,60.0,200.0,2020年第２四半期,未改装,,6.653212513775344
22052619,中古マンション等,,22101,静岡県,静岡市葵区,大岩町,静岡,30分?60分,３ＬＤＫ,60,,,,昭和52年,ＲＣ,住宅,,,,,第１種中高層住居専用地域,60.0,200.0,2011年第２四半期,未改装,,6.903089986991944
22000975,中古マンション等,,22101,静岡県,静岡市葵区,北安東,静岡,30分?60分,４ＬＤＫ,85,,,,平成21年,ＲＣ,住宅,,,,,第２種中高層住居専用地域,60.0,200.0,2018年第２四半期,未改装,,7.380211241711606
22058311,中古マンション等,,22131,静岡県,浜松市中区,広沢,浜松,27,３ＬＤＫ,70,,,,平成14年,ＲＣ,住宅,,,,,第１種中高層住居専用地域,60.0,200.0,2010年第３四半期,未改装,,7.301029995663981
22056867,中古マンション等,,22131,静岡県,浜松市中区,幸,浜松,1H?1H30,４ＬＤＫ,85,,,,平成11年,ＲＣ,住宅,,,,,第１種住居地域,60.0,200.0,2010年第１四半期,改装済,,7.2552725051033065
22013205,中古マンション等,,22132,静岡県,浜松市東区,中野町,浜松,1H?1H30,２ＬＤＫ,55,,,,平成4年,,住宅,住宅,,,,準工業地域,60.0,200.0,2020年第３四半期,改装済,,6.982271233039568
22053608,中古マンション等,,22103,静岡県,静岡市清水区,本郷町,清水(静岡),5,２ＤＫ,40,,,,昭和49年,ＳＲＣ,住宅,,,,,商業地域,80.0,400.0,2014年第４四半期,未改装,,6.3979400086720375
22063783,中古マンション等,,22203,静岡県,沼津市,大手町,沼津,8,２ＬＤＫ,65,,,,平成12年,ＳＲＣ,住宅,住宅,,,,商業地域,80.0,500.0,2014年第１四半期,未改装,,7.146128035678238
22004159,中古マンション等,,22102,静岡県,静岡市駿河区,石部,用宗,16,１ＬＤＫ,40,,,,平成6年,,住宅,住宅,,,,第１種住居地域,60.0,200.0,2019年第２四半期,未改装,,6.903089986991944
22082883,中古マンション等,,22102,静岡県,静岡市駿河区,下川原,安倍川,15,３ＬＤＫ,70,,,,平成7年,ＲＣ,住宅,,,,,第２種中高層住居専用地域,60.0,200.0,2009年第３四半期,未改装,,7.146128035678238
22104393,中古マンション等,,22212,静岡県,焼津市,本町,焼津,6,３ＬＤＫ,65,,,,平成19年,ＲＣ,住宅,,,,,商業地域,80.0,400.0,2012年第３四半期,未改装,,7.230448921378274
22056047,中古マンション等,,22102,静岡県,静岡市駿河区,用宗,用宗,2,３ＬＤＫ,60,,,,平成9年,ＲＣ,住宅,,,,,近隣商業地域,80.0,300.0,2011年第１四半期,未改装,,7.041392685158225
22010480,中古マンション等,,22131,静岡県,浜松市中区,富塚町,浜松,30分?60分,,105,,,,平成9年,ＲＣ,,住宅,,,,第１種中高層住居専用地域,60.0,200.0,2017年第４四半期,,,7.380211241711606
22054582,中古マンション等,,22101,静岡県,静岡市葵区,安倍町,静岡,25,２ＬＤＫ,70,,,,平成19年,ＲＣ,住宅,住宅,,,,商業地域,80.0,400.0,2015年第２四半期,未改装,,7.431363764158987
22008694,中古マンション等,,22131,静岡県,浜松市中区,上島,上島,3,３ＬＤＫ,70,,,,平成21年,,住宅,住宅,,,,第１種住居地域,60.0,200.0,2019年第２四半期,未改装,,7.3222192947339195
22121742,中古マンション等,,22103,静岡県,静岡市清水区,馬走北,草薙(ＪＲ),30分?60分,３ＬＤＫ,65,,,,昭和52年,ＳＲＣ,住宅,,,,,第２種住居地域,60.0,200.0,2008年第２四半期,未改装,,6.8750612633917
22010854,中古マンション等,,22131,静岡県,浜松市中区,布橋,浜松,30分?60分,１Ｋ,15,,,,昭和58年,ＲＣ,住宅,住宅,,,,第２種中高層住居専用地域,60.0,200.0,2018年第３四半期,未改装,,5.903089986991944
22087163,中古マンション等,,22210,静岡県,富士市,富士町,富士,4,３ＬＤＫ,85,,,,平成18年,ＲＣ,住宅,住宅,,,,商業地域,80.0,400.0,2015年第２四半期,未改装,,7.3222192947339195
22080092,中古マンション等,,22135,静岡県,浜松市北区,三ヶ日町大崎,都筑,30分?60分,３ＬＤＫ,70,,,,昭和63年,ＳＲＣ,住宅,,,,,市街化調整区域,60.0,200.0,2012年第１四半期,未改装,,6.892094602690481
22010180,中古マンション等,,22131,静岡県,浜松市中区,中央,浜松,11,３ＬＤＫ,75,,,,平成26年,ＲＣ,住宅,住宅,,,,,,,2019年第２四半期,未改装,,7.653212513775344
22111174,中古マンション等,,22210,静岡県,富士市,中之郷,富士川,5,４ＬＤＫ,75,,,,平成4年,ＲＣ,住宅,,,,,第１種住居地域,60.0,200.0,2009年第２四半期,改装済,,7.079181246047625
22118050,中古マンション等,,22101,静岡県,静岡市葵区,川合,東静岡,30分?60分,３ＬＤＫ,70,,,,昭和64年,ＲＣ,住宅,,,,,第２種住居地域,60.0,200.0,2007年第１四半期,未改装,,6.991226075692495
22066453,中古マンション等,,22206,静岡県,三島市,長伏,三島,30分?60分,３ＬＤＫ,65,,,,昭和64年,ＲＣ,住宅,住宅,,,,工業地域,60.0,200.0,2014年第２四半期,,,6.903089986991944
22087470,中古マンション等,,22212,静岡県,焼津市,栄町,焼津,5,３ＤＫ,60,,,,平成9年,ＲＣ,住宅,,,,,準工業地域,60.0,200.0,2011年第４四半期,未改装,,7.230448921378274
22051101,中古マンション等,,22101,静岡県,静岡市葵区,天王町,静岡,16,１Ｋ,20,,,,昭和59年,ＲＣ,住宅,その他,,,,商業地域,80.0,400.0,2014年第４四半期,改装済,,6.5910646070264995
22007187,中古マンション等,,22103,静岡県,静岡市清水区,天神,清水(静岡),14,４ＬＤＫ,80,,,,平成10年,,住宅,住宅,,,,第２種住居地域,60.0,200.0,2020年第３四半期,未改装,,7.079181246047625
22052122,中古マンション等,,22102,静岡県,静岡市駿河区,曲金,東静岡,10,３ＬＤＫ,70,,,,平成20年,ＲＣ,住宅,,,,,工業地域,60.0,200.0,2014年第１四半期,未改装,,7.414973347970818
22011242,中古マンション等,,22131,静岡県,浜松市中区,広沢,浜松,28,３ＬＤＫ,75,,,,平成14年,ＲＣ,住宅,その他,,,,第１種中高層住居専用地域,60.0,200.0,2017年第３四半期,未改装,,7.146128035678238
22065106,中古マンション等,,22132,静岡県,浜松市東区,小池町,自動車学校前,3,３ＬＤＫ,70,,,,平成7年,ＲＣ,住宅,住宅,,,,準工業地域,60.0,200.0,2015年第２四半期,未改装,,7.0
22118167,中古マンション等,,22101,静岡県,静岡市葵区,北安東,静岡,,３ＬＤＫ,65,,,,平成7年,ＲＣ,住宅,,,,,第２種中高層住居専用地域,60.0,200.0,2006年第４四半期,未改装,,7.204119982655925
22010232,中古マンション等,,22131,静岡県,浜松市中区,寺島町,浜松,11,２ＤＫ＋Ｓ,55,,,,平成3年,ＳＲＣ,,住宅,,,,近隣商業地域,80.0,300.0,2020年第２四半期,未改装,,6.778151250383644
22051943,中古マンション等,,22102,静岡県,静岡市駿河区,中田,静岡,15,２ＬＤＫ,80,,,,,ＲＣ,住宅,住宅,,,,第２種中高層住居専用地域,60.0,200.0,2014年第３四半期,未改装,,7.491361693834273
22054606,中古マンション等,,22131,静岡県,浜松市中区,佐鳴台,浜松,30分?60分,１Ｋ,15,,,,昭和64年,ＲＣ,住宅,住宅,,,,第１種中高層住居専用地域,60.0,200.0,2014年第４四半期,未改装,,5.954242509439325
22056585,中古マンション等,,22131,静岡県,浜松市中区,上島,浜松,30分?60分,３ＬＤＫ,80,,,,平成15年,ＳＲＣ,住宅,,,,,第１種住居地域,60.0,200.0,2010年第３四半期,未改装,,6.380211241711606
22021191,中古マンション等,,22203,静岡県,沼津市,新宿町,沼津,7,３ＬＤＫ,75,,,,昭和59年,ＳＲＣ,住宅,住宅,,,,商業地域,80.0,400.0,2016年第３四半期,未改装,,6.954242509439325
22057851,中古マンション等,,22103,静岡県,静岡市清水区,本郷町,清水(静岡),6,１ＤＫ,40,,,,昭和49年,ＳＲＣ,住宅,,,,,商業地域,80.0,400.0,2011年第３四半期,改装済,,6.4623979978989565
22087703,中古マンション等,,22103,静岡県,静岡市清水区,西高町,清水(静岡),30分?60分,３ＬＤＫ,70,,,,平成19年,ＲＣ,住宅,,,,,第２種中高層住居専用地域,60.0,200.0,2009年第３四半期,未改装,,7.431363764158987
22113444,中古マンション等,,22212,静岡県,焼津市,栄町,焼津,2,２ＬＤＫ,55,,,,平成14年,ＳＲＣ,住宅,,,,,商業地域,80.0,400.0,2009年第１四半期,未改装,,7.079181246047625
22005015,中古マンション等,,22102,静岡県,静岡市駿河区,曲金,静岡,5,３ＬＤＫ,75,,,,平成26年,,住宅,住宅,,,,商業地域,80.0,500.0,2020年第３四半期,未改装,,7.531478917042255
22058215,中古マンション等,,22131,静岡県,浜松市中区,東伊場,浜松,18,３ＬＤＫ,65,,,,昭和61年,ＳＲＣ,住宅,,,,,近隣商業地域,80.0,300.0,2010年第２四半期,未改装,,6.954242509439325
22011394,中古マンション等,,22131,静岡県,浜松市中区,元浜町,浜松,19,１Ｋ,15,,,,昭和64年,,,住宅,,,,商業地域,80.0,400.0,2018年第１四半期,未改装,,5.653212513775344
22000325,中古マンション等,,22101,静岡県,静岡市葵区,追手町,静岡,14,２ＬＤＫ,55,,,,昭和54年,ＳＲＣ,,住宅,,,,,,,2018年第３四半期,改装済,,6.903089986991944
22058926,中古マンション等,,22102,静岡県,静岡市駿河区,大和,静岡,13,３ＬＤＫ,65,,,,平成12年,ＲＣ,住宅,住宅,,,,準工業地域,60.0,200.0,2015年第１四半期,未改装,,7.2552725051033065
22090372,中古マンション等,,22211,静岡県,磐田市,中泉,磐田,13,３ＬＤＫ,70,,,,平成25年,ＲＣ,住宅,住宅,,,,工業地域,60.0,200.0,2015年第４四半期,未改装,,7.301029995663981
22063176,中古マンション等,,22131,静岡県,浜松市中区,中沢町,浜松,30分?60分,１Ｋ,15,,,,昭和60年,ＲＣ,住宅,,,,,第２種中高層住居専用地域,60.0,200.0,2015年第４四半期,未改装,,6.079181246047625
22083941,中古マンション等,,22102,静岡県,静岡市駿河区,西中原,静岡,25,２ＬＤＫ,50,,,,昭和48年,ＳＲＣ,住宅,,,,,近隣商業地域,80.0,200.0,2009年第２四半期,改装済,,6.531478917042255
22058310,中古マンション等,,22131,静岡県,浜松市中区,広沢,浜松,25,２ＬＤＫ,70,,,,昭和60年,ＲＣ,住宅,,,,,第１種中高層住居専用地域,60.0,200.0,2010年第３四半期,改装済,,7.146128035678238
22010779,中古マンション等,,22131,静岡県,浜松市中区,西伊場町,浜松,30分?60分,２ＤＫ,35,,,,昭和47年,ＳＲＣ,住宅,住宅,,,,第２種住居地域,60.0,200.0,2016年第３四半期,未改装,,6.079181246047625
22011341,中古マンション等,,22131,静岡県,浜松市中区,南浅田,浜松,21,３ＬＤＫ,65,,,,昭和59年,ＲＣ,住宅,住宅,,,,第１種住居地域,60.0,200.0,2016年第２四半期,未改装,,6.633468455579586
22056958,中古マンション等,,22101,静岡県,静岡市葵区,両替町,静岡,11,,20,,,,昭和59年,ＳＲＣ,住宅,,,,,商業地域,80.0,600.0,2015年第２四半期,未改装,,6.6020599913279625
22084050,中古マンション等,,22203,静岡県,沼津市,魚町,沼津,6,４ＬＤＫ,80,,,,平成22年,ＲＣ,住宅,,,,,商業地域,80.0,400.0,2012年第３四半期,未改装,,7.477121254719663
22085132,中古マンション等,,22211,静岡県,磐田市,東新町,磐田,30分?60分,,55,,,,,ＳＲＣ,住宅,,,,,市街化調整区域,,,2011年第３四半期,,,6.892094602690481
22012630,中古マンション等,,22132,静岡県,浜松市東区,小池町,浜松,1H?1H30,３ＬＤＫ,65,,,,平成4年,ＲＣ,住宅,住宅,,,,準工業地域,60.0,200.0,2016年第１四半期,未改装,,6.973127853599698
22100454,中古マンション等,,22210,静岡県,富士市,横割,富士,12,３ＬＤＫ,75,,,,平成12年,ＲＣ,住宅,,,,,第２種住居地域,60.0,200.0,2012年第３四半期,未改装,,7.146128035678238
22058828,中古マンション等,,22131,静岡県,浜松市中区,鴨江,浜松,28,１Ｋ,15,,,,昭和60年,ＲＣ,住宅,,,,,第１種中高層住居専用地域,60.0,200.0,2011年第４四半期,未改装,,6.146128035678238
22008330,中古マンション等,,22131,静岡県,浜松市中区,葵西,浜松,1H30?2H,３ＬＤＫ,65,,,,平成5年,ＳＲＣ,住宅,住宅,,,,第１種住居地域,60.0,200.0,2017年第１四半期,未改装,,6.903089986991944
22058426,中古マンション等,,22102,静岡県,静岡市駿河区,曲金,静岡,20,２ＤＫ,45,,,,平成10年,ＲＣ,住宅,住宅,,,,準工業地域,60.0,200.0,2015年第２四半期,未改装,,7.146128035678238
22131020,中古マンション等,,22214,静岡県,藤枝市,駿河台,藤枝,29,４ＬＤＫ,90,,,,平成6年,ＲＣ,住宅,,,,,第１種中高層住居専用地域,60.0,200.0,2007年第４四半期,未改装,,7.176091259055681
22120175,中古マンション等,,22102,静岡県,静岡市駿河区,西中原,静岡,24,２ＤＫ,50,,,,昭和48年,ＳＲＣ,住宅,,,,,近隣商業地域,80.0,200.0,2006年第２四半期,未改装,,6.633468455579586
22074009,中古マンション等,,22102,静岡県,静岡市駿河区,馬渕,静岡,10,４ＬＤＫ,100,,,,平成19年,ＳＲＣ,住宅,,,,,近隣商業地域,80.0,300.0,2013年第４四半期,未改装,,7.176091259055681
22054076,中古マンション等,,22102,静岡県,静岡市駿河区,八幡,静岡,11,１ＬＤＫ,50,,,,平成18年,ＲＣ,住宅,,,,,近隣商業地域,80.0,200.0,2010年第３四半期,未改装,,7.301029995663981
22111086,中古マンション等,,22214,静岡県,藤枝市,駅前,藤枝,4,３ＬＤＫ,70,,,,平成19年,ＲＣ,住宅,,,,,商業地域,80.0,400.0,2013年第１四半期,未改装,,7.3222192947339195
22130422,中古マンション等,,22212,静岡県,焼津市,,焼津,,４ＬＤＫ,110,,,,,ＳＲＣ,住宅,,,,,商業地域,80.0,400.0,2008年第１四半期,,,7.447158031342219
22023034,中古マンション等,,22206,静岡県,三島市,加茂川町,三島,20,３ＬＤＫ,70,,,,平成8年,ＳＲＣ,,住宅,,,,第２種住居地域,60.0,200.0,2020年第２四半期,未改装,,6.812913356642856
22021779,中古マンション等,,22203,静岡県,沼津市,東椎路,片浜,30分?60分,３ＬＤＫ,60,,,,平成3年,ＲＣ,,住宅,,,,第２種中高層住居専用地域,60.0,150.0,2018年第３四半期,未改装,,6.863322860120456
22080823,中古マンション等,,22131,静岡県,浜松市中区,中沢町,浜松,30分?60分,４ＬＤＫ,90,,,,平成10年,ＳＲＣ,住宅,,,,,近隣商業地域,80.0,300.0,2013年第１四半期,未改装,,7.204119982655925
22072824,中古マンション等,,22131,静岡県,浜松市中区,八幡町,浜松,15,３ＬＤＫ,70,,,,平成10年,ＳＲＣ,住宅,,,,,近隣商業地域,80.0,300.0,2012年第１四半期,改装済,,7.2552725051033065
22005041,中古マンション等,,22102,静岡県,静岡市駿河区,曲金,静岡,30分?60分,２ＬＤＫ,75,,,,平成14年,ＲＣ,住宅,住宅,,,,第１種住居地域,60.0,200.0,2016年第１四半期,未改装,,7.2552725051033065
22023902,中古マンション等,,22206,静岡県,三島市,南二日町,三島二日町,3,１ＬＤＫ,60,,,,平成10年,,,住宅,,,,工業地域,60.0,200.0,2018年第４四半期,未改装,,7.230448921378274
22120695,中古マンション等,,22103,静岡県,静岡市清水区,入江,清水(静岡),16,３ＬＤＫ,80,,,,平成18年,,住宅,,,,,,,,2006年第４四半期,改装済,,7.447158031342219
22021213,中古マンション等,,22203,静岡県,沼津市,杉崎町,沼津,14,２ＬＤＫ,65,,,,平成9年,ＳＲＣ,住宅,住宅,,,,第２種住居地域,60.0,200.0,2017年第１四半期,未改装,,6.968482948553935
22061401,中古マンション等,,22136,静岡県,浜松市浜北区,貴布祢,浜北,4,３ＬＤＫ,75,,,,平成10年,ＲＣ,住宅,住宅,,,,商業地域,80.0,200.0,2014年第３四半期,未改装,,7.113943352306837
22007950,中古マンション等,,22103,静岡県,静岡市清水区,村松原,清水(静岡),30分?60分,,65,,,,昭和56年,,住宅,住宅,,,,第２種住居地域,60.0,200.0,2018年第１四半期,未改装,,6.7923916894982534
22125927,中古マンション等,,22203,静岡県,沼津市,平町,沼津,11,４ＬＤＫ,75,,,,平成10年,ＳＲＣ,住宅,,,,,近隣商業地域,80.0,300.0,2008年第４四半期,改装済,,7.342422680822207
22057014,中古マンション等,,22131,静岡県,浜松市中区,佐鳴台,浜松,30分?60分,３ＬＤＫ,100,,,,平成2年,ＲＣ,住宅,,,,,第１種中高層住居専用地域,60.0,200.0,2010年第３四半期,未改装,,7.113943352306837
22062270,中古マンション等,,22101,静岡県,静岡市葵区,駒形通,静岡,20,２ＬＤＫ,70,,,,平成14年,ＲＣ,住宅,,,,,近隣商業地域,80.0,300.0,2012年第２四半期,未改装,,7.301029995663981
22123574,中古マンション等,,22133,静岡県,浜松市西区,入野町,浜松,1H?1H30,３ＬＤＫ,80,,,,平成14年,ＲＣ,住宅,,,,,第１種住居地域,60.0,200.0,2007年第２四半期,未改装,,7.301029995663981
22011107,中古マンション等,,22131,静岡県,浜松市中区,東伊場,浜松,25,３ＬＤＫ,80,,,,平成25年,ＲＣ,住宅,住宅,,,,第２種住居地域,60.0,200.0,2016年第４四半期,未改装,,7.431363764158987
22088891,中古マンション等,,22212,静岡県,焼津市,,焼津,2,４ＬＤＫ,95,,,,平成16年,ＳＲＣ,住宅,,,,,商業地域,80.0,400.0,2011年第２四半期,未改装,,7.505149978319906
22082905,中古マンション等,,22132,静岡県,浜松市東区,植松町,浜松,29,２ＤＫ,40,,,,,ＳＲＣ,住宅,,,,,第１種住居地域,60.0,200.0,2013年第１四半期,改装済,,6.361727836017593
22015520,中古マンション等,,22134,静岡県,浜松市南区,西伝寺町,浜松,30分?60分,,70,,,,平成2年,ＳＲＣ,住宅,住宅,,,,第１種住居地域,60.0,200.0,2020年第２四半期,,,6.6020599913279625
22002939,中古マンション等,,22101,静岡県,静岡市葵区,屋形町,静岡,18,２ＤＫ,40,,,,昭和59年,ＲＣ,,住宅,,,,近隣商業地域,80.0,300.0,2019年第２四半期,未改装,,6.770852011642144
22124673,中古マンション等,,22135,静岡県,浜松市北区,三ヶ日町都筑,都筑,26,２ＬＤＫ,50,,,,,ＳＲＣ,住宅,,,,,市街化調整区域,60.0,200.0,2008年第４四半期,,,6.414973347970818
22083677,中古マンション等,,22102,静岡県,静岡市駿河区,中田,静岡,13,オープンフロア,20,,,,昭和56年,ＲＣ,店舗,,,,,第２種住居地域,60.0,200.0,2009年第２四半期,未改装,,7.278753600952829
22121728,中古マンション等,,22103,静岡県,静岡市清水区,松原町,清水(静岡),18,３ＬＤＫ,95,,,,平成18年,ＲＣ,住宅,,,,,商業地域,80.0,400.0,2008年第３四半期,未改装,,7.4623979978989565
22065898,中古マンション等,,22135,静岡県,浜松市北区,三ヶ日町都筑,都筑,19,１ＬＤＫ,50,,,,平成2年,ＳＲＣ,住宅,,,,,市街化調整区域,60.0,200.0,2011年第３四半期,未改装,,6.672097857935717
22013005,中古マンション等,,22132,静岡県,浜松市東区,天王町,浜松,1H?1H30,１ＬＤＫ,60,,,,平成2年,ＲＣ,住宅,住宅,,,,第１種住居地域,60.0,200.0,2017年第３四半期,改装済,,6.954242509439325
22080429,中古マンション等,,22101,静岡県,静岡市葵区,長沼,東静岡,10,３ＬＤＫ,85,,,,平成15年,ＲＣ,住宅,,,,,第１種住居地域,60.0,200.0,2009年第３四半期,未改装,,7.361727836017593
22023788,中古マンション等,,22206,静岡県,三島市,松が丘,三島,30分?60分,４ＬＤＫ,85,,,,,,,住宅,,,,第１種住居地域,60.0,200.0,2019年第４四半期,未改装,,7.278753600952829
22061707,中古マンション等,,22134,静岡県,浜松市南区,三島町,浜松,22,３ＬＤＫ,90,,,,平成19年,ＲＣ,住宅,,,,,第１種住居地域,60.0,200.0,2010年第３四半期,未改装,,7.176091259055681
22031701,中古マンション等,,22210,静岡県,富士市,水戸島,富士,11,３ＬＤＫ,70,,,,昭和63年,ＳＲＣ,住宅,住宅,,,,第２種住居地域,60.0,200.0,2017年第１四半期,未改装,,6.812913356642856
22063208,中古マンション等,,22101,静岡県,静岡市葵区,千代田,静岡,3,４ＬＤＫ,75,,,,平成8年,ＲＣ,住宅,,,,,第２種中高層住居専用地域,60.0,200.0,2012年第３四半期,未改装,,7.079181246047625
22121495,中古マンション等,,22103,静岡県,静岡市清水区,天神,清水(静岡),14,３ＬＤＫ,75,,,,平成10年,ＲＣ,住宅,,,,,第２種住居地域,60.0,200.0,2008年第２四半期,未改装,調停・競売等,7.204119982655925
22008262,中古マンション等,,22131,静岡県,浜松市中区,相生町,浜松,23,３ＬＤＫ,70,,,,平成3年,ＲＣ,住宅,住宅,,,,近隣商業地域,80.0,300.0,2016年第１四半期,未改装,,6.954242509439325
22009194,中古マンション等,,22131,静岡県,浜松市中区,幸,浜松,1H?1H30,３ＬＤＫ,65,,,,昭和50年,ＲＣ,住宅,住宅,,,,第２種住居地域,60.0,200.0,2017年第１四半期,未改装,,6.732393759822968
22055514,中古マンション等,,22131,静岡県,浜松市中区,中島,浜松,14,１Ｋ,20,,,,,ＲＣ,住宅,住宅,,,,近隣商業地域,80.0,200.0,2014年第４四半期,改装済,,6.301029995663981
22112027,中古マンション等,,22211,静岡県,磐田市,今之浦,磐田,20,３ＬＤＫ,60,,,,平成2年,ＲＣ,住宅,,,,,第２種住居地域,60.0,200.0,2009年第１四半期,改装済,,6.897627091290442
22056613,中古マンション等,,22101,静岡県,静岡市葵区,古庄,東静岡,16,２ＤＫ,50,,,,昭和54年,ＲＣ,住宅,住宅,,,,第１種住居地域,60.0,200.0,2015年第１四半期,改装済,,6.819543935541868
22089991,中古マンション等,,22131,静岡県,浜松市中区,佐藤,浜松,30分?60分,４ＬＤＫ,95,,,,平成14年,ＳＲＣ,住宅,,,,,第２種住居地域,60.0,200.0,2009年第３四半期,未改装,,7.447158031342219
22010183,中古マンション等,,22131,静岡県,浜松市中区,中央,浜松,11,３ＬＤＫ,75,,,,平成26年,ＲＣ,,,,,,商業地域,80.0,400.0,2019年第１四半期,未改装,調停・競売等,7.707570176097937
22021306,中古マンション等,,22203,静岡県,沼津市,高沢町,沼津,9,３ＬＤＫ,65,,,,平成3年,,住宅,住宅,,,,商業地域,80.0,400.0,2019年第３四半期,改装済,,6.991226075692495
22129773,中古マンション等,,22211,静岡県,磐田市,見付,磐田,30分?60分,３ＬＤＫ,65,,,,平成8年,ＲＣ,住宅,,,,,第１種中高層住居専用地域,60.0,150.0,2007年第２四半期,改装済,,6.977723605288848
22086084,中古マンション等,,22103,静岡県,静岡市清水区,神田町,清水(静岡),30分?60分,３ＬＤＫ,70,,,,平成10年,ＲＣ,住宅,,,,,第１種住居地域,60.0,200.0,2009年第１四半期,未改装,調停・競売等,7.041392685158225
22073082,中古マンション等,,22210,静岡県,富士市,石坂,富士,1H?1H30,,65,,,,平成5年,ＲＣ,住宅,,,,,第２種中高層住居専用地域,60.0,150.0,2014年第２四半期,,,6.949390006644912
22053673,中古マンション等,,22101,静岡県,静岡市葵区,千代田,静岡,30分?60分,３ＬＤＫ,70,,,,平成8年,ＲＣ,住宅,,,,,第２種中高層住居専用地域,60.0,200.0,2011年第２四半期,未改装,,7.230448921378274
22110949,中古マンション等,,22213,静岡県,掛川市,連雀,掛川,5,３ＬＤＫ,70,,,,平成9年,ＳＲＣ,住宅,,,,,商業地域,80.0,400.0,2013年第１四半期,改装済,,7.079181246047625
22005095,中古マンション等,,22102,静岡県,静岡市駿河区,曲金,東静岡,6,３ＬＤＫ,80,,,,平成26年,ＲＣ,,住宅,,,,商業地域,80.0,400.0,2018年第２四半期,未改装,,7.556302500767287
22054287,中古マンション等,,22131,静岡県,浜松市中区,上島,浜松,1H?1H30,３ＬＤＫ,80,,,,昭和64年,ＲＣ,住宅,住宅,,,,準住居地域,60.0,200.0,2014年第３四半期,改装済,,7.079181246047625
22131066,中古マンション等,,22214,静岡県,藤枝市,高洲,藤枝,25,３ＬＤＫ,65,,,,平成7年,ＲＣ,住宅,,,,,第２種中高層住居専用地域,60.0,150.0,2007年第４四半期,未改装,,7.113943352306837
22057900,中古マンション等,,22131,静岡県,浜松市中区,中沢町,八幡(静岡),9,４ＬＤＫ,90,,,,平成16年,ＲＣ,住宅,,,,,近隣商業地域,80.0,300.0,2010年第３四半期,未改装,,7.361727836017593
22017746,中古マンション等,,22135,静岡県,浜松市北区,三ヶ日町都筑,東都筑,21,２ＬＤＫ,75,,,,平成2年,ＳＲＣ,住宅,住宅,,,,市街化調整区域,60.0,200.0,2017年第３四半期,未改装,,6.6020599913279625
22063505,中古マンション等,,22131,静岡県,浜松市中区,布橋,浜松,30分?60分,１Ｋ,15,,,,昭和61年,ＲＣ,住宅,住宅,,,,第１種住居地域,60.0,200.0,2015年第２四半期,未改装,,6.079181246047625
22072037,中古マンション等,,22131,静岡県,浜松市中区,寺島町,浜松,10,１Ｋ,20,,,,平成3年,ＳＲＣ,住宅,,,,,近隣商業地域,80.0,300.0,2012年第４四半期,未改装,,6.380211241711606
22122429,中古マンション等,,22131,静岡県,浜松市中区,菅原町,浜松,19,２ＬＤＫ,50,,,,昭和63年,ＲＣ,住宅,,,,,近隣商業地域,80.0,300.0,2008年第１四半期,改装済,,6.763427993562937
22068409,中古マンション等,,22134,静岡県,浜松市南区,三島町,浜松,27,３ＬＤＫ,70,,,,平成8年,ＲＣ,住宅,住宅,,,,第１種住居地域,60.0,200.0,2015年第４四半期,改装済,,7.079181246047625
22022874,中古マンション等,,22206,静岡県,三島市,一番町,三島,4,３ＬＤＫ,65,,,,昭和61年,ＳＲＣ,住宅,住宅,,,,商業地域,80.0,400.0,2020年第３四半期,未改装,,7.301029995663981
22122127,中古マンション等,,22131,静岡県,浜松市中区,瓜内町,浜松,30分?60分,３ＬＤＫ,70,,,,平成4年,ＳＲＣ,住宅,,,,,市街化調整区域,60.0,200.0,2008年第２四半期,未改装,,6.929418925714293
22010175,中古マンション等,,22131,静岡県,浜松市中区,中央,浜松,11,２ＬＤＫ,60,,,,平成26年,,住宅,住宅,,,,商業地域,80.0,400.0,2019年第３四半期,未改装,,7.531478917042255
22085689,中古マンション等,,22203,静岡県,沼津市,杉崎町,沼津,13,３ＬＤＫ,65,,,,昭和64年,ＳＲＣ,住宅,,,,,第２種住居地域,60.0,200.0,2012年第２四半期,改装済,,6.954242509439325
22110688,中古マンション等,,22210,静岡県,富士市,国久保,富士,29,３ＬＤＫ,65,,,,平成7年,ＲＣ,住宅,,,,,第１種住居地域,60.0,200.0,2009年第１四半期,改装済,,7.079181246047625
22013788,中古マンション等,,22133,静岡県,浜松市西区,入野町,浜松,30分?60分,３ＬＤＫ,95,,,,平成3年,ＳＲＣ,住宅,住宅,,,,第１種住居地域,60.0,200.0,2017年第２四半期,改装済,,7.204119982655925
22011371,中古マンション等,,22131,静岡県,浜松市中区,元浜町,浜松,15,２ＬＤＫ,70,,,,平成9年,ＳＲＣ,住宅,住宅,,,,商業地域,80.0,500.0,2020年第２四半期,未改装,,7.079181246047625
22013811,中古マンション等,,22133,静岡県,浜松市西区,入野町,浜松,1H?1H30,４ＬＤＫ,70,,,,平成14年,ＲＣ,住宅,住宅,,,,第１種住居地域,60.0,200.0,2016年第３四半期,未改装,,7.041392685158225
22105460,中古マンション等,,22206,静岡県,三島市,一番町,三島,4,３ＬＤＫ,80,,,,昭和61年,ＳＲＣ,住宅,,,,,商業地域,80.0,400.0,2009年第４四半期,未改装,,7.2552725051033065
22123379,中古マンション等,,22132,静岡県,浜松市東区,天龍川町,浜松,30分?60分,３ＬＤＫ,65,,,,平成5年,ＳＲＣ,住宅,,,,,近隣商業地域,80.0,300.0,2008年第２四半期,未改装,,7.113943352306837
22079578,中古マンション等,,22210,静岡県,富士市,厚原,富士,1H?1H30,３ＬＤＫ,65,,,,平成5年,ＲＣ,住宅,,,,,第１種住居地域,60.0,200.0,2011年第２四半期,未改装,,6.954242509439325
22012575,中古マンション等,,22132,静岡県,浜松市東区,小池町,浜松,1H?1H30,２ＬＤＫ,65,,,,昭和64年,ＳＲＣ,住宅,その他,,,,準工業地域,60.0,200.0,2020年第２四半期,未改装,,6.903089986991944
22091051,中古マンション等,,22131,静岡県,浜松市中区,高丘東,浜松,1H30?2H,４ＬＤＫ,80,,,,昭和64年,ＲＣ,住宅,,,,,第１種住居地域,60.0,200.0,2009年第１四半期,未改装,,6.954242509439325
22060629,中古マンション等,,22131,静岡県,浜松市中区,元浜町,浜松,18,３ＬＤＫ,65,,,,昭和61年,ＳＲＣ,住宅,,,,,商業地域,80.0,500.0,2011年第４四半期,未改装,,6.903089986991944
22057945,中古マンション等,,22133,静岡県,浜松市西区,入野町,浜松,1H?1H30,３ＬＤＫ,65,,,,平成14年,ＲＣ,住宅,住宅,,,,第１種住居地域,60.0,200.0,2014年第４四半期,未改装,,7.113943352306837
22106745,中古マンション等,,22207,静岡県,富士宮市,大宮町,富士宮,5,３ＬＤＫ,55,,,,平成4年,ＳＲＣ,住宅,,,,,商業地域,80.0,400.0,2009年第２四半期,未改装,,7.113943352306837
22060892,中古マンション等,,22135,静岡県,浜松市北区,三ヶ日町都筑,都筑,26,１ＬＤＫ,40,,,,,ＲＣ,住宅,,,,,市街化調整区域,60.0,200.0,2014年第１四半期,改装済,,6.5910646070264995
22052342,中古マンション等,,22101,静岡県,静岡市葵区,平和,静岡,30分?60分,３ＬＤＫ,60,,,,平成4年,ＲＣ,住宅,,,,,準工業地域,60.0,200.0,2010年第２四半期,未改装,,6.913813852383717
22114064,中古マンション等,,22212,静岡県,焼津市,,焼津,1,３ＬＤＫ,80,,,,平成16年,ＳＲＣ,住宅,,,,,商業地域,80.0,400.0,2009年第２四半期,未改装,,7.361727836017593
22063825,中古マンション等,,22203,静岡県,沼津市,岡一色,大岡(静岡),13,３ＬＤＫ,70,,,,平成16年,ＲＣ,住宅,住宅,,,,第１種住居地域,60.0,200.0,2014年第４四半期,未改装,,7.230448921378274
22064445,中古マンション等,,22203,静岡県,沼津市,末広町,沼津,13,３ＬＤＫ,70,,,,,ＳＲＣ,住宅,住宅,,,,商業地域,80.0,400.0,2014年第１四半期,,,7.176091259055681
22094906,中古マンション等,,22203,静岡県,沼津市,高沢町,沼津,6,３ＬＤＫ,70,,,,平成11年,ＲＣ,住宅,,,,,商業地域,80.0,400.0,2013年第２四半期,未改装,,7.2552725051033065
22061698,中古マンション等,,22131,静岡県,浜松市中区,鴨江,浜松,27,１Ｋ,15,,,,昭和63年,ＲＣ,住宅,住宅,,,,第１種中高層住居専用地域,60.0,200.0,2015年第４四半期,未改装,,6.079181246047625
22001667,中古マンション等,,22101,静岡県,静岡市葵区,瀬名,静岡,1H30?2H,３ＤＫ,45,,,,昭和49年,ＲＣ,住宅,住宅,,,,第１種中高層住居専用地域,60.0,150.0,2016年第４四半期,改装済,,6.146128035678238
22010713,中古マンション等,,22131,静岡県,浜松市中区,成子町,浜松,11,２ＬＤＫ,65,,,,平成31年,,住宅,住宅,,,,商業地域,80.0,400.0,2019年第４四半期,未改装,,7.361727836017593
22126440,中古マンション等,,22206,静岡県,三島市,徳倉,三島,30分?60分,３ＬＤＫ,80,,,,平成3年,ＳＲＣ,住宅,,,,,第１種中高層住居専用地域,60.0,200.0,2008年第２四半期,改装済,,7.176091259055681
22103899,中古マンション等,,22203,静岡県,沼津市,高沢町,沼津,8,４ＬＤＫ,90,,,,平成11年,ＲＣ,住宅,,,,,商業地域,80.0,400.0,2009年第３四半期,改装済,,7.361727836017593
22073314,中古マンション等,,22131,静岡県,浜松市中区,山手町,浜松,30分?60分,２ＬＤＫ,65,,,,昭和48年,ＲＣ,住宅,,,,,第１種中高層住居専用地域,60.0,150.0,2012年第３四半期,未改装,,6.770852011642144
22073438,中古マンション等,,22203,静岡県,沼津市,大岡,沼津,25,３ＬＤＫ,75,,,,,ＲＣ,住宅,住宅,,,,準工業地域,60.0,200.0,2015年第４四半期,改装済,,7.301029995663981
22108419,中古マンション等,,22211,静岡県,磐田市,中泉,磐田,4,３ＬＤＫ,80,,,,,ＲＣ,住宅,,,,,第１種住居地域,60.0,200.0,2013年第４四半期,未改装,,7.361727836017593
22122972,中古マンション等,,22131,静岡県,浜松市中区,領家,浜松,,３ＬＤＫ,65,,,,平成20年,ＲＣ,住宅,,,,,第１種住居地域,60.0,200.0,2008年第４四半期,未改装,,7.2552725051033065
22012691,中古マンション等,,22132,静岡県,浜松市東区,子安町,浜松,30分?60分,３ＬＤＫ,75,,,,昭和61年,ＲＣ,住宅,住宅,,,,第１種住居地域,60.0,200.0,2016年第３四半期,未改装,,6.740362689494244
22089891,中古マンション等,,22131,静岡県,浜松市中区,幸,浜松,1H?1H30,３ＬＤＫ,70,,,,平成11年,ＲＣ,住宅,,,,,第１種住居地域,60.0,200.0,2009年第４四半期,未改装,,7.146128035678238
22124690,中古マンション等,,22135,静岡県,浜松市北区,三ヶ日町都筑,東都筑,23,１Ｋ,25,,,,昭和49年,ＳＲＣ,住宅,,,,,市街化調整区域,60.0,200.0,2008年第３四半期,,,6.176091259055681
22007117,中古マンション等,,22103,静岡県,静岡市清水区,千歳町,清水(静岡),18,２ＤＫ,75,,,,昭和56年,ＳＲＣ,住宅,住宅,,,,商業地域,80.0,400.0,2017年第１四半期,未改装,,6.8750612633917
22060916,中古マンション等,,22135,静岡県,浜松市北区,三ヶ日町都筑,東都筑,21,１Ｋ,25,,,,昭和49年,ＳＲＣ,住宅,住宅,,,,市街化調整区域,60.0,200.0,2014年第３四半期,未改装,,5.477121254719663
22086545,中古マンション等,,22133,静岡県,浜松市西区,雄踏町宇布見,浜松,29,４ＬＤＫ,90,,,,平成6年,ＳＲＣ,住宅,,,,,第２種中高層住居専用地域,60.0,200.0,2013年第３四半期,改装済,,7.204119982655925
22023164,中古マンション等,,22206,静岡県,三島市,寿町,三島,6,２ＬＤＫ,55,,,,平成2年,ＲＣ,住宅,その他,,,,近隣商業地域,80.0,200.0,2016年第２四半期,未改装,,6.845098040014257
22001297,中古マンション等,,22101,静岡県,静岡市葵区,七間町,静岡,11,,80,,,,昭和63年,,住宅,住宅,,,,商業地域,80.0,600.0,2018年第２四半期,未改装,,7.361727836017593
22053540,中古マンション等,,22101,静岡県,静岡市葵区,鷹匠,静岡,10,３ＬＤＫ,65,,,,平成17年,ＳＲＣ,住宅,,,,,商業地域,80.0,400.0,2011年第３四半期,未改装,,7.4623979978989565
22069059,中古マンション等,,22206,静岡県,三島市,広小路町,三島広小路,2,１ＬＤＫ,50,,,,平成21年,ＲＣ,住宅,,,,,商業地域,80.0,400.0,2010年第１四半期,未改装,,7.342422680822207
22084625,中古マンション等,,22203,静岡県,沼津市,大岡,沼津,1H?1H30,３ＬＤＫ,65,,,,平成11年,ＲＣ,住宅,,,,,第２種中高層住居専用地域,60.0,150.0,2012年第１四半期,,,7.113943352306837
22010602,中古マンション等,,22131,静岡県,浜松市中区,中沢町,浜松,30分?60分,１Ｋ,20,,,,昭和64年,ＲＣ,住宅,住宅,,,,第２種中高層住居専用地域,60.0,200.0,2016年第１四半期,未改装,,6.204119982655925
22057052,中古マンション等,,22103,静岡県,静岡市清水区,楠新田,草薙(ＪＲ),7,３ＬＤＫ,60,,,,平成10年,ＲＣ,住宅,,,,,準工業地域,60.0,200.0,2011年第１四半期,未改装,,7.113943352306837
22008604,中古マンション等,,22131,静岡県,浜松市中区,海老塚,浜松,10,１Ｒ,15,,,,平成2年,,住宅,住宅,,,,商業地域,80.0,500.0,2019年第２四半期,未改装,,6.079181246047625
22011334,中古マンション等,,22131,静岡県,浜松市中区,南浅田,浜松,24,３ＤＫ,50,,,,昭和59年,,住宅,住宅,,,,第１種住居地域,60.0,200.0,2017年第４四半期,未改装,,6.544068044350276
22065811,中古マンション等,,22132,静岡県,浜松市東区,宮竹町,天竜川,23,３ＬＤＫ,80,,,,,ＲＣ,住宅,住宅,,,,第１種住居地域,60.0,200.0,2015年第２四半期,未改装,,7.380211241711606
22068625,中古マンション等,,22203,静岡県,沼津市,大岡,大岡(静岡),13,４ＬＤＫ,90,,,,平成15年,ＳＲＣ,住宅,,,,,準住居地域,60.0,200.0,2011年第３四半期,未改装,,7.431363764158987
22015972,中古マンション等,,22134,静岡県,浜松市南区,東若林町,浜松,30分?60分,３ＬＤＫ,65,,,,平成20年,ＲＣ,住宅,その他,,,,第２種住居地域,60.0,200.0,2018年第３四半期,未改装,調停・競売等,7.0
22097052,中古マンション等,,22206,静岡県,三島市,青木,三島田町,16,２ＬＤＫ＋Ｓ,65,,,,平成16年,ＲＣ,住宅,,,,,第１種住居地域,60.0,200.0,2013年第１四半期,未改装,,7.204119982655925
22033794,中古マンション等,,22211,静岡県,磐田市,中泉,磐田,3,３ＬＤＫ,70,,,,平成18年,ＲＣ,住宅,住宅,,,,第１種住居地域,60.0,200.0,2019年第１四半期,未改装,,7.301029995663981
22102743,中古マンション等,,22203,静岡県,沼津市,内浦小海,沼津,2H?,１ＬＤＫ,45,,,,平成2年,ＳＲＣ,住宅,,,,,市街化調整区域,70.0,200.0,2009年第３四半期,未改装,,6.903089986991944
22005410,中古マンション等,,22102,静岡県,静岡市駿河区,見瀬,静岡,24,３ＬＤＫ,70,,,,平成2年,,住宅,住宅,,,,第２種住居地域,60.0,200.0,2019年第１四半期,改装済,,7.041392685158225
22058184,中古マンション等,,22131,静岡県,浜松市中区,八幡町,浜松,16,３ＬＤＫ,70,,,,平成10年,ＳＲＣ,住宅,,,,,近隣商業地域,80.0,300.0,2010年第４四半期,未改装,,7.3222192947339195
22008731,中古マンション等,,22131,静岡県,浜松市中区,上島,浜松,30分?60分,２ＬＤＫ,75,,,,平成17年,,住宅,,,,,第１種住居地域,60.0,200.0,2019年第４四半期,未改装,,7.204119982655925
22090344,中古マンション等,,22131,静岡県,浜松市中区,菅原町,浜松,20,３ＬＤＫ,60,,,,昭和63年,ＲＣ,住宅,,,,,近隣商業地域,80.0,300.0,2009年第１四半期,未改装,,6.8512583487190755
22033401,中古マンション等,,22211,静岡県,磐田市,立野,豊田町,2,３ＬＤＫ,65,,,,平成11年,ＳＲＣ,,住宅,,,,近隣商業地域,80.0,200.0,2020年第３四半期,未改装,,7.204119982655925
22002940,中古マンション等,,22101,静岡県,静岡市葵区,屋形町,静岡,21,２ＤＫ,40,,,,昭和59年,ＲＣ,,住宅,,,,商業地域,80.0,500.0,2019年第１四半期,未改装,,6.770852011642144
22017678,中古マンション等,,22135,静岡県,浜松市北区,三ヶ日町都筑,都筑,29,１ＬＤＫ,45,,,,平成2年,ＳＲＣ,住宅,住宅,,,,市街化調整区域,,,2018年第３四半期,未改装,,6.623249290397901
22065894,中古マンション等,,22203,静岡県,沼津市,大岡,沼津,28,３ＬＤＫ,65,,,,平成6年,ＲＣ,住宅,,,,,第２種中高層住居専用地域,60.0,200.0,2010年第１四半期,未改装,調停・競売等,6.897627091290442
22009299,中古マンション等,,22131,静岡県,浜松市中区,佐鳴台,浜松,30分?60分,１Ｒ,15,,,,昭和64年,ＲＣ,住宅,住宅,,,,第１種中高層住居専用地域,60.0,200.0,2020年第２四半期,未改装,,6.3222192947339195
22051354,中古マンション等,,22101,静岡県,静岡市葵区,追手町,静岡,13,３ＤＫ,55,,,,昭和56年,ＳＲＣ,住宅,,,,,商業地域,80.0,600.0,2010年第４四半期,未改装,,6.892094602690481
22072544,中古マンション等,,22102,静岡県,静岡市駿河区,国吉田,草薙(ＪＲ),23,３ＬＤＫ,70,,,,平成14年,ＲＣ,住宅,,,,,準工業地域,60.0,200.0,2013年第２四半期,未改装,,7.2552725051033065
22011079,中古マンション等,,22131,静岡県,浜松市中区,東伊場,浜松,24,３ＬＤＫ,75,,,,平成24年,ＲＣ,住宅,住宅,,,,第２種住居地域,60.0,200.0,2019年第３四半期,未改装,,7.414973347970818
22032908,中古マンション等,,22211,静岡県,磐田市,上本郷,豊田町,5,３ＬＤＫ,70,,,,平成9年,ＳＲＣ,住宅,その他,,,,近隣商業地域,80.0,200.0,2016年第４四半期,未改装,調停・競売等,7.176091259055681
22090599,中古マンション等,,22136,静岡県,浜松市浜北区,貴布祢,浜北,4,３ＬＤＫ,75,,,,平成10年,ＲＣ,住宅,,,,,商業地域,80.0,200.0,2013年第１四半期,未改装,,7.146128035678238
22126379,中古マンション等,,22206,静岡県,三島市,青木,三島田町,16,３ＬＤＫ,65,,,,平成16年,ＲＣ,住宅,,,,,第１種住居地域,60.0,200.0,2008年第３四半期,改装済,,7.301029995663981
22117899,中古マンション等,,22101,静岡県,静岡市葵区,大岩,静岡,30分?60分,４ＬＤＫ,105,,,,平成16年,ＲＣ,住宅,,,,,第１種中高層住居専用地域,60.0,200.0,2007年第１四半期,未改装,,7.6127838567197355
22122689,中古マンション等,,22131,静岡県,浜松市中区,中沢町,浜松,30分?60分,１Ｋ,15,,,,昭和60年,ＲＣ,住宅,,,,,近隣商業地域,80.0,300.0,2008年第２四半期,未改装,,6.2552725051033065
22056656,中古マンション等,,22131,静岡県,浜松市中区,神田町,浜松,26,４ＬＤＫ,80,,,,平成10年,ＲＣ,住宅,,,,,第１種住居地域,60.0,200.0,2010年第３四半期,未改装,,7.146128035678238
22060258,中古マンション等,,22131,静岡県,浜松市中区,西伊場町,浜松,30分?60分,３ＬＤＫ,65,,,,昭和58年,ＲＣ,住宅,,,,,第１種中高層住居専用地域,60.0,200.0,2011年第１四半期,未改装,,6.9084850188786495
22014710,中古マンション等,,22133,静岡県,浜松市西区,舞阪町弁天島,弁天島,1,４ＬＤＫ,100,,,,平成17年,,住宅,住宅,,,,商業地域,80.0,400.0,2017年第４四半期,未改装,,7.3979400086720375
22068530,中古マンション等,,22101,静岡県,静岡市葵区,上足洗,静岡,30分?60分,３ＬＤＫ,75,,,,平成10年,ＲＣ,住宅,,,,,第２種中高層住居専用地域,60.0,200.0,2013年第２四半期,未改装,,7.230448921378274
22038391,中古マンション等,,22214,静岡県,藤枝市,駅前,藤枝,1,３ＬＤＫ,75,,,,平成14年,ＲＣ,住宅,その他,,,,商業地域,80.0,400.0,2017年第２四半期,未改装,,7.176091259055681
22054818,中古マンション等,,22131,静岡県,浜松市中区,助信町,浜松,23,４ＬＤＫ,100,,,,平成16年,ＲＣ,住宅,,,,,商業地域,80.0,400.0,2014年第１四半期,未改装,,7.4623979978989565
22122351,中古マンション等,,22131,静岡県,浜松市中区,佐鳴台,浜松,30分?60分,１Ｋ,15,,,,昭和64年,ＲＣ,住宅,,,,,第１種中高層住居専用地域,60.0,200.0,2007年第３四半期,,,6.414973347970818
22014695,中古マンション等,,22133,静岡県,浜松市西区,舞阪町弁天島,弁天島,12,１Ｋ,20,,,,昭和49年,ＲＣ,住宅,住宅,,,,第１種住居地域,60.0,200.0,2020年第１四半期,未改装,,5.903089986991944
22064548,中古マンション等,,22203,静岡県,沼津市,高沢町,沼津,9,３ＬＤＫ,70,,,,平成6年,ＳＲＣ,住宅,住宅,,,,商業地域,80.0,400.0,2014年第３四半期,未改装,,7.230448921378274
22062014,中古マンション等,,22131,静岡県,浜松市中区,佐藤,浜松,21,２ＬＤＫ,60,,,,平成20年,ＲＣ,住宅,住宅,,,,商業地域,80.0,400.0,2015年第４四半期,未改装,,7.301029995663981
22039530,中古マンション等,,22214,静岡県,藤枝市,田沼,藤枝,1,３ＬＤＫ,85,,,,平成16年,ＳＲＣ,,住宅,,,,商業地域,80.0,400.0,2018年第１四半期,未改装,,7.4623979978989565
22023884,中古マンション等,,22206,静岡県,三島市,南町,三島田町,10,２ＬＤＫ,85,,,,平成23年,,,住宅,,,,第２種住居地域,60.0,200.0,2018年第２四半期,未改装,,7.477121254719663
22123265,中古マンション等,,22132,静岡県,浜松市東区,神立町,浜松,,３ＬＤＫ,70,,,,平成8年,ＲＣ,住宅,,,,,第１種住居地域,60.0,200.0,2008年第２四半期,未改装,,7.176091259055681
22103839,中古マンション等,,22203,静岡県,沼津市,杉崎町,沼津,15,３ＤＫ,65,,,,昭和64年,ＳＲＣ,住宅,,,,,第２種住居地域,60.0,200.0,2009年第４四半期,改装済,,6.944482672150168
22086585,中古マンション等,,22203,静岡県,沼津市,平町,沼津,13,１ＬＤＫ,30,,,,昭和64年,ＲＣ,住宅,,,,,近隣商業地域,80.0,300.0,2012年第２四半期,改装済,,6.544068044350276
22076480,中古マンション等,,22103,静岡県,静岡市清水区,千歳町,新清水,5,３ＬＤＫ,60,,,,昭和56年,ＲＣ,住宅,,,,,商業地域,80.0,400.0,2013年第２四半期,改装済,,6.832508912706237
22071014,中古マンション等,,22131,静岡県,浜松市中区,蜆塚,浜松,30分?60分,３ＬＤＫ,65,,,,昭和61年,ＲＣ,住宅,,,,,第１種中高層住居専用地域,60.0,200.0,2012年第４四半期,未改装,,6.845098040014257
22065348,中古マンション等,,22203,静岡県,沼津市,若葉町,沼津,28,３ＬＤＫ,65,,,,,ＳＲＣ,住宅,住宅,,,,第１種住居地域,60.0,200.0,2014年第４四半期,改装済,,7.041392685158225
22052986,中古マンション等,,22102,静岡県,静岡市駿河区,小鹿,東静岡,21,３ＬＤＫ,75,,,,平成13年,ＲＣ,住宅,,,,,近隣商業地域,80.0,200.0,2010年第３四半期,未改装,,7.3979400086720375
22014707,中古マンション等,,22133,静岡県,浜松市西区,舞阪町弁天島,弁天島,13,３ＤＫ,50,,,,昭和49年,,,住宅,,,,第１種住居地域,60.0,200.0,2017年第４四半期,未改装,,6.477121254719663
22055000,中古マンション等,,22101,静岡県,静岡市葵区,上足洗,静岡,30分?60分,３ＬＤＫ,70,,,,平成10年,ＲＣ,住宅,住宅,,,,第２種中高層住居専用地域,60.0,200.0,2015年第２四半期,未改装,,7.2552725051033065
22011236,中古マンション等,,22131,静岡県,浜松市中区,広沢,浜松,30分?60分,４ＬＤＫ,130,,,,平成13年,ＲＣ,住宅,住宅,,,,第１種中高層住居専用地域,60.0,200.0,2018年第２四半期,未改装,,7.690196080028514
22002846,中古マンション等,,22101,静岡県,静岡市葵区,緑町,静岡,29,３ＬＤＫ,85,,,,平成9年,ＲＣ,住宅,住宅,,,,第１種中高層住居専用地域,60.0,200.0,2019年第２四半期,改装済,,7.3222192947339195
22062711,中古マンション等,,22131,静岡県,浜松市中区,高丘東,浜松,1H30?2H,２ＬＤＫ,55,,,,平成5年,ＳＲＣ,住宅,住宅,,,,工業地域,60.0,200.0,2015年第４四半期,未改装,,6.892094602690481
22004395,中古マンション等,,22102,静岡県,静岡市駿河区,豊田,静岡,30分?60分,２ＬＤＫ,55,,,,,ＲＣ,住宅,住宅,,,,工業地域,60.0,200.0,2017年第１四半期,,,7.230448921378274
22065904,中古マンション等,,22135,静岡県,浜松市北区,三ヶ日町都筑,都筑,29,１ＬＤＫ,45,,,,平成2年,ＳＲＣ,住宅,,,,,市街化調整区域,60.0,200.0,2011年第１四半期,未改装,,6.672097857935717
22023385,中古マンション等,,22206,静岡県,三島市,徳倉,三島,30分?60分,３ＬＤＫ,75,,,,平成3年,ＳＲＣ,住宅,住宅,,,,第１種中高層住居専用地域,60.0,200.0,2017年第２四半期,改装済,,7.278753600952829
22009249,中古マンション等,,22131,静岡県,浜松市中区,佐藤,浜松,16,４ＬＤＫ,90,,,,平成15年,ＲＣ,住宅,住宅,,,,近隣商業地域,80.0,200.0,2018年第４四半期,未改装,,7.3222192947339195
22023033,中古マンション等,,22206,静岡県,三島市,加茂川町,三島,20,３ＬＤＫ,70,,,,平成8年,ＳＲＣ,,住宅,,,,第２種住居地域,60.0,200.0,2020年第３四半期,,,7.176091259055681
22023325,中古マンション等,,22206,静岡県,三島市,中央町,三島田町,5,３ＬＤＫ,80,,,,平成15年,,,その他,,,,近隣商業地域,80.0,200.0,2019年第４四半期,未改装,,7.230448921378274
22071540,中古マンション等,,22101,静岡県,静岡市葵区,竜南,静岡,30分?60分,３ＬＤＫ,70,,,,平成13年,ＲＣ,住宅,,,,,第２種中高層住居専用地域,60.0,200.0,2013年第３四半期,未改装,,7.2552725051033065
22059276,中古マンション等,,22132,静岡県,浜松市東区,神立町,浜松,30分?60分,２ＬＤＫ,70,,,,平成18年,ＲＣ,住宅,,,,,準住居地域,60.0,200.0,2010年第３四半期,未改装,,7.342422680822207
22000326,中古マンション等,,22101,静岡県,静岡市葵区,追手町,静岡,14,２ＤＫ,45,,,,昭和54年,ＳＲＣ,,住宅,,,,,,,2018年第３四半期,未改装,,6.812913356642856
22020076,中古マンション等,,22203,静岡県,沼津市,泉町,沼津,16,３ＬＤＫ,65,,,,,ＲＣ,住宅,,,,,第２種中高層住居専用地域,60.0,200.0,2019年第１四半期,未改装,,7.301029995663981
22073028,中古マンション等,,22206,静岡県,三島市,松が丘,,,４ＬＤＫ,85,,,,平成13年,ＲＣ,住宅,,,,,,,,2011年第１四半期,未改装,,7.230448921378274
22073653,中古マンション等,,22203,静岡県,沼津市,大手町,沼津,5,２ＬＤＫ,65,,,,,鉄骨造,住宅,住宅,,,,商業地域,80.0,500.0,2015年第３四半期,,,6.698970004336019
22006026,中古マンション等,,22103,静岡県,静岡市清水区,江尻台町,清水(静岡),30分?60分,１Ｋ,15,,,,平成4年,ＲＣ,,住宅,,,,工業地域,60.0,200.0,2019年第２四半期,未改装,,6.113943352306837
22008693,中古マンション等,,22131,静岡県,浜松市中区,上島,上島,3,３ＬＤＫ,70,,,,平成21年,ＲＣ,住宅,住宅,,,,第１種住居地域,60.0,200.0,2020年第３四半期,未改装,,7.361727836017593
22113279,中古マンション等,,22212,静岡県,焼津市,小柳津,西焼津,15,４ＬＤＫ,90,,,,平成13年,ＲＣ,住宅,,,,,工業地域,60.0,200.0,2009年第４四半期,未改装,,7.301029995663981
22089053,中古マンション等,,22206,静岡県,三島市,松が丘,三島,30分?60分,３ＬＤＫ,70,,,,平成13年,ＲＣ,住宅,,,,,第２種住居地域,60.0,200.0,2012年第３四半期,未改装,,7.204119982655925
22125346,中古マンション等,,22203,静岡県,沼津市,江原町,沼津,25,２ＬＤＫ,65,,,,平成8年,ＲＣ,住宅,,,,,第１種住居地域,60.0,200.0,2008年第１四半期,未改装,,7.113943352306837
22058706,中古マンション等,,22133,静岡県,浜松市西区,雄踏町宇布見,天竜川,1H30?2H,３ＬＤＫ,70,,,,平成6年,ＳＲＣ,住宅,住宅,,,,第２種中高層住居専用地域,60.0,200.0,2014年第２四半期,未改装,,6.892094602690481
22051876,中古マンション等,,22102,静岡県,静岡市駿河区,登呂,静岡,30分?60分,３ＬＤＫ,65,,,,平成2年,ＲＣ,住宅,住宅,,,,準工業地域,60.0,200.0,2014年第４四半期,改装済,,6.99563519459755
22010772,中古マンション等,,22131,静岡県,浜松市中区,西伊場町,浜松,30分?60分,１ＬＤＫ,35,,,,昭和49年,,,住宅,,,,準住居地域,60.0,200.0,2017年第４四半期,改装済,,6.176091259055681
22070191,中古マンション等,,22131,静岡県,浜松市中区,上島,浜松,30分?60分,３ＬＤＫ,75,,,,平成16年,ＲＣ,住宅,,,,,第１種住居地域,60.0,200.0,2012年第２四半期,未改装,,7.204119982655925
22007524,中古マンション等,,22103,静岡県,静岡市清水区,半左衛門新田,草薙(ＪＲ),26,４ＬＤＫ,80,,,,昭和56年,ＳＲＣ,,住宅,,,,準住居地域,60.0,200.0,2017年第３四半期,改装済,,6.977723605288848
22097124,中古マンション等,,22206,静岡県,三島市,一番町,三島,5,４ＬＤＫ,80,,,,平成23年,ＲＣ,住宅,,,,,近隣商業地域,80.0,200.0,2013年第１四半期,未改装,,7.5910646070264995
22117872,中古マンション等,,22101,静岡県,静岡市葵区,追手町,静岡,13,２ＬＤＫ,55,,,,昭和54年,ＳＲＣ,住宅,,,,,商業地域,80.0,600.0,2008年第２四半期,改装済,,7.041392685158225
22069040,中古マンション等,,22203,静岡県,沼津市,大手町,沼津,1,３ＬＤＫ,85,,,,平成20年,ＲＣ,住宅,,,,,商業地域,80.0,500.0,2011年第２四半期,未改装,,7.544068044350276
22066045,中古マンション等,,22102,静岡県,静岡市駿河区,曲金,東静岡,21,３ＬＤＫ,75,,,,平成3年,ＲＣ,住宅,,,,,工業地域,60.0,200.0,2012年第３四半期,未改装,,7.146128035678238
22051629,中古マンション等,,22101,静岡県,静岡市葵区,北安東,静岡,30分?60分,３ＬＤＫ,65,,,,平成22年,ＲＣ,住宅,,,,,第１種中高層住居専用地域,60.0,200.0,2010年第１四半期,未改装,,7.380211241711606
22062603,中古マンション等,,22131,静岡県,浜松市中区,高丘北,浜松,1H30?2H,３ＬＤＫ,85,,,,平成3年,ＲＣ,住宅,住宅,,,,第１種住居地域,60.0,200.0,2015年第３四半期,,,7.113943352306837
22122899,中古マンション等,,22131,静岡県,浜松市中区,三組町,浜松,24,３ＬＤＫ,70,,,,平成17年,ＲＣ,住宅,,,,,第１種住居地域,60.0,200.0,2007年第４四半期,未改装,,7.278753600952829
22069031,中古マンション等,,22203,静岡県,沼津市,大手町,沼津,8,３ＬＤＫ,65,,,,平成12年,ＳＲＣ,住宅,,,,,商業地域,80.0,500.0,2011年第４四半期,未改装,,7.2552725051033065
22052103,中古マンション等,,22101,静岡県,静岡市葵区,伝馬町,静岡,8,３ＬＤＫ,80,,,,平成12年,ＳＲＣ,住宅,,,,,商業地域,80.0,500.0,2010年第１四半期,未改装,,7.491361693834273
22082007,中古マンション等,,22210,静岡県,富士市,中之郷,富士川,4,３ＬＤＫ,85,,,,平成4年,ＳＲＣ,住宅,,,,,第１種住居地域,60.0,200.0,2011年第３四半期,未改装,,3.0
22061288,中古マンション等,,22131,静岡県,浜松市中区,瓜内町,浜松,29,３ＬＤＫ,70,,,,平成4年,ＳＲＣ,住宅,住宅,,,,市街化調整区域,60.0,200.0,2015年第３四半期,未改装,,6.740362689494244
22010279,中古マンション等,,22131,静岡県,浜松市中区,寺島町,浜松,11,１Ｋ,20,,,,昭和64年,ＲＣ,住宅,その他,,,,近隣商業地域,80.0,300.0,2016年第１四半期,,,6.176091259055681
22061319,中古マンション等,,22131,静岡県,浜松市中区,海老塚,浜松,11,１Ｋ,15,,,,平成2年,ＳＲＣ,住宅,住宅,,,,商業地域,80.0,500.0,2015年第３四半期,未改装,,6.079181246047625
22013749,中古マンション等,,22133,静岡県,浜松市西区,入野町,浜松,1H?1H30,３ＬＤＫ,70,,,,平成7年,ＲＣ,住宅,住宅,,,,市街化調整区域,60.0,200.0,2018年第３四半期,未改装,,6.963787827345556
22057740,中古マンション等,,22131,静岡県,浜松市中区,寺島町,浜松,11,１ＤＫ,20,,,,昭和64年,ＲＣ,住宅,,,,,近隣商業地域,80.0,300.0,2010年第３四半期,未改装,,6.2552725051033065
22118364,中古マンション等,,22101,静岡県,静岡市葵区,昭和町,静岡,6,１ＤＫ,55,,,,昭和53年,ＳＲＣ,住宅,,,,,商業地域,80.0,600.0,2008年第４四半期,未改装,調停・競売等,6.924279286061882
22123536,中古マンション等,,22133,静岡県,浜松市西区,入野町,高塚,23,５ＬＤＫ,120,,,,平成3年,ＳＲＣ,住宅,,,,,第１種住居地域,60.0,200.0,2007年第４四半期,改装済,,7.380211241711606
22008561,中古マンション等,,22131,静岡県,浜松市中区,板屋町,浜松,8,３ＬＤＫ,70,,,,平成13年,ＲＣ,住宅,住宅,,,,商業地域,80.0,400.0,2018年第２四半期,未改装,,7.361727836017593
22091179,中古マンション等,,22131,静岡県,浜松市中区,中央,遠州病院,3,２ＬＤＫ,70,,,,平成12年,ＲＣ,住宅,,,,,近隣商業地域,80.0,300.0,2009年第１四半期,未改装,,7.342422680822207
22079654,中古マンション等,,22131,静岡県,浜松市中区,新津町,浜松,30分?60分,３ＬＤＫ,65,,,,平成7年,ＲＣ,住宅,,,,,第１種住居地域,60.0,200.0,2013年第２四半期,未改装,,7.146128035678238
22011336,中古マンション等,,22131,静岡県,浜松市中区,南浅田,浜松,21,３ＬＤＫ,65,,,,昭和59年,ＲＣ,住宅,住宅,,,,第１種住居地域,60.0,200.0,2016年第４四半期,改装済,,7.079181246047625
22008390,中古マンション等,,22131,静岡県,浜松市中区,葵東,浜松,1H30?2H,２ＬＤＫ,65,,,,平成11年,ＲＣ,住宅,住宅,,,,近隣商業地域,80.0,300.0,2016年第４四半期,改装済,,7.041392685158225
22067733,中古マンション等,,22103,静岡県,静岡市清水区,楠新田,草薙(ＪＲ),7,４ＬＤＫ,80,,,,平成10年,ＲＣ,住宅,,,,,準工業地域,60.0,200.0,2012年第２四半期,未改装,,7.204119982655925
22025214,中古マンション等,,22207,静岡県,富士宮市,東町,富士宮,3,４ＬＤＫ,95,,,,戦前,ＲＣ,住宅,住宅,,,,近隣商業地域,80.0,200.0,2016年第４四半期,未改装,,7.3222192947339195
22009278,中古マンション等,,22131,静岡県,浜松市中区,佐藤,浜松,19,３ＬＤＫ,75,,,,平成21年,ＲＣ,住宅,住宅,,,,商業地域,80.0,400.0,2016年第２四半期,改装済,,7.361727836017593
22034886,中古マンション等,,22212,静岡県,焼津市,駅北,焼津,1,２ＤＫ,40,,,,,,,住宅,,,,商業地域,80.0,400.0,2018年第３四半期,,,6.698970004336019
22007671,中古マンション等,,22103,静岡県,静岡市清水区,本郷町,清水(静岡),5,２ＬＤＫ,60,,,,昭和49年,ＳＲＣ,住宅,住宅,,,,商業地域,80.0,400.0,2017年第３四半期,未改装,,5.977723605288848
22123388,中古マンション等,,22132,静岡県,浜松市東区,中郡町,遠州西ケ崎,2,３ＬＤＫ,70,,,,平成7年,ＳＲＣ,住宅,,,,,市街化調整区域,60.0,200.0,2008年第３四半期,未改装,,7.113943352306837
22052446,中古マンション等,,22101,静岡県,静岡市葵区,緑町,静岡,30分?60分,３ＬＤＫ,65,,,,昭和61年,ＲＣ,住宅,,,,,第１種中高層住居専用地域,60.0,200.0,2010年第１四半期,未改装,,7.0
22080391,中古マンション等,,22135,静岡県,浜松市北区,三ヶ日町都筑,東都筑,23,,25,,,,,ＳＲＣ,住宅,,,,,市街化調整区域,60.0,200.0,2012年第４四半期,改装済,,5.698970004336019
22089897,中古マンション等,,22131,静岡県,浜松市中区,幸,浜松,1H?1H30,４ＬＤＫ,85,,,,平成13年,ＲＣ,住宅,,,,,第１種住居地域,60.0,200.0,2009年第３四半期,未改装,調停・競売等,7.113943352306837
22073467,中古マンション等,,22203,静岡県,沼津市,大岡,沼津,23,,65,,,,,ＲＣ,住宅,住宅,,,,第２種中高層住居専用地域,60.0,200.0,2015年第３四半期,改装済,,7.361727836017593
22007170,中古マンション等,,22103,静岡県,静岡市清水区,辻,清水(静岡),7,３ＬＤＫ,70,,,,昭和60年,ＳＲＣ,住宅,住宅,,,,近隣商業地域,80.0,300.0,2017年第１四半期,未改装,,6.968482948553935
22011632,中古マンション等,,22131,静岡県,浜松市中区,和合町,浜松,1H?1H30,３ＬＤＫ,80,,,,,,,その他,,,,第１種低層住居専用地域,40.0,60.0,2020年第２四半期,,調停・競売等,7.113943352306837
22105783,中古マンション等,,22210,静岡県,富士市,中央町,富士,30分?60分,２ＬＤＫ,45,,,,昭和49年,ＳＲＣ,住宅,,,,,近隣商業地域,80.0,300.0,2013年第３四半期,未改装,,6.6020599913279625
22081498,中古マンション等,,22210,静岡県,富士市,伝法,吉原,1H?1H30,２ＬＤＫ,65,,,,,ＲＣ,住宅,,,,,,,,2011年第４四半期,,,6.903089986991944
22009958,中古マンション等,,22131,静岡県,浜松市中区,高丘西,浜松,1H30?2H,３ＬＤＫ,60,,,,昭和64年,,住宅,住宅,,,,第１種住居地域,,,2018年第２四半期,未改装,,6.8750612633917
22017647,中古マンション等,,22135,静岡県,浜松市北区,三ヶ日町都筑,都筑,26,１Ｋ,25,,,,昭和49年,ＳＲＣ,住宅,住宅,,,,,60.0,200.0,2019年第４四半期,未改装,,5.845098040014257
22007887,中古マンション等,,22103,静岡県,静岡市清水区,宮下町,清水(静岡),16,４Ｋ,50,,,,昭和53年,,住宅,住宅,,,,,,,2018年第２四半期,未改装,,6.3979400086720375
22125683,中古マンション等,,22203,静岡県,沼津市,蛇松町,沼津,29,３ＬＤＫ,75,,,,平成3年,ＲＣ,住宅,,,,,準工業地域,60.0,200.0,2008年第３四半期,未改装,,7.230448921378274
22011223,中古マンション等,,22131,静岡県,浜松市中区,広沢,浜松,30分?60分,３ＬＤＫ,90,,,,平成13年,,住宅,住宅,,,,第１種中高層住居専用地域,60.0,200.0,2019年第３四半期,未改装,,7.505149978319906
22073831,中古マンション等,,22102,静岡県,静岡市駿河区,曲金,静岡,23,４ＤＫ,55,,,,昭和49年,ＳＲＣ,住宅,,,,,工業地域,60.0,200.0,2013年第１四半期,未改装,,6.6020599913279625
22003165,中古マンション等,,22101,静岡県,静岡市葵区,竜南,静岡,30分?60分,３ＬＤＫ,75,,,,平成13年,ＲＣ,住宅,住宅,,,,第２種中高層住居専用地域,60.0,200.0,2016年第３四半期,未改装,,7.301029995663981
22007451,中古マンション等,,22103,静岡県,静岡市清水区,西高町,清水(静岡),30分?60分,３ＬＤＫ,70,,,,平成19年,ＲＣ,住宅,住宅,,,,第２種中高層住居専用地域,60.0,200.0,2017年第２四半期,未改装,,7.2552725051033065
22106830,中古マンション等,,22210,静岡県,富士市,水戸島元町,富士,5,,55,,,,昭和56年,ＳＲＣ,住宅,,,,,商業地域,80.0,400.0,2013年第３四半期,改装済,,6.7923916894982534
22122943,中古マンション等,,22131,静岡県,浜松市中区,山手町,浜松,30分?60分,２ＬＤＫ,60,,,,平成18年,ＲＣ,住宅,,,,,第１種中高層住居専用地域,60.0,200.0,2008年第３四半期,改装済,,7.447158031342219
22051848,中古マンション等,,22101,静岡県,静岡市葵区,水道町,静岡,30分?60分,４ＬＤＫ,80,,,,平成9年,ＲＣ,住宅,,,,,準工業地域,60.0,200.0,2010年第１四半期,改装済,,7.278753600952829
22022204,中古マンション等,,22203,静岡県,沼津市,米山町,沼津,9,３ＬＤＫ,70,,,,平成9年,ＲＣ,住宅,住宅,,,,準住居地域,60.0,200.0,2018年第４四半期,,,7.146128035678238
22021934,中古マンション等,,22203,静岡県,沼津市,本,沼津,11,２ＬＤＫ,55,,,,平成12年,ＲＣ,,住宅,,,,近隣商業地域,80.0,200.0,2020年第３四半期,未改装,,7.176091259055681
22005298,中古マンション等,,22102,静岡県,静岡市駿河区,丸子新田,安倍川,24,３ＬＤＫ,70,,,,平成16年,ＲＣ,住宅,住宅,,,,準工業地域,60.0,200.0,2019年第４四半期,改装済,,7.176091259055681
22069921,中古マンション等,,22131,静岡県,浜松市中区,板屋町,浜松,5,２ＬＤＫ,65,,,,平成18年,ＲＣ,住宅,,,,,商業地域,80.0,600.0,2012年第２四半期,改装済,,7.414973347970818
22001251,中古マンション等,,22101,静岡県,静岡市葵区,三番町,静岡,24,２ＬＤＫ,60,,,,平成31年,ＲＣ,住宅,住宅,,,,近隣商業地域,80.0,200.0,2020年第１四半期,未改装,,7.518513939877887
22055429,中古マンション等,,22103,静岡県,静岡市清水区,七ツ新屋,草薙(ＪＲ),15,３ＬＤＫ,70,,,,平成17年,ＲＣ,住宅,,,,,近隣商業地域,80.0,200.0,2010年第１四半期,未改装,,7.380211241711606
22110827,中古マンション等,,22210,静岡県,富士市,蓼原町,富士,30分?60分,３ＬＤＫ,80,,,,平成14年,ＲＣ,住宅,,,,,第１種住居地域,60.0,200.0,2009年第３四半期,未改装,,7.301029995663981
22017551,中古マンション等,,22135,静岡県,浜松市北区,三ヶ日町下尾奈,尾奈,18,１Ｒ,25,,,,昭和55年,ＲＣ,その他,その他,,,,市街化調整区域,60.0,200.0,2017年第１四半期,未改装,,5.6020599913279625
22080314,中古マンション等,,22131,静岡県,浜松市中区,高町,浜松,18,３ＬＤＫ,80,,,,平成14年,ＳＲＣ,住宅,,,,,近隣商業地域,80.0,300.0,2013年第３四半期,未改装,,7.301029995663981
22005610,中古マンション等,,22102,静岡県,静岡市駿河区,向手越,安倍川,19,４ＬＤＫ,85,,,,,,,住宅,,,,準工業地域,60.0,200.0,2020年第３四半期,,,7.146128035678238
22054739,中古マンション等,,22101,静岡県,静岡市葵区,追手町,静岡,13,２ＬＤＫ,55,,,,昭和54年,ＳＲＣ,住宅,住宅,,,,商業地域,80.0,600.0,2015年第４四半期,未改装,,7.041392685158225
22072877,中古マンション等,,22206,静岡県,三島市,広小路町,三島,14,２ＬＤＫ,55,,,,平成20年,ＲＣ,住宅,,,,,商業地域,80.0,400.0,2011年第４四半期,未改装,,7.414973347970818
22051430,中古マンション等,,22102,静岡県,静岡市駿河区,泉町,静岡,6,２ＬＤＫ,65,,,,平成15年,ＲＣ,住宅,住宅,,,,近隣商業地域,80.0,300.0,2014年第２四半期,改装済,,7.380211241711606
22053786,中古マンション等,,22102,静岡県,静岡市駿河区,曲金,東静岡,8,３ＬＤＫ,65,,,,平成17年,ＲＣ,住宅,,,,,工業地域,60.0,200.0,2010年第４四半期,未改装,,7.230448921378274
22088603,中古マンション等,,22214,静岡県,藤枝市,高洲,藤枝,20,３ＬＤＫ,65,,,,平成7年,ＲＣ,住宅,,,,,第２種中高層住居専用地域,60.0,150.0,2010年第４四半期,改装済,,7.079181246047625
22068764,中古マンション等,,22206,静岡県,三島市,徳倉,三島,28,５ＬＤＫ,135,,,,平成3年,ＳＲＣ,住宅,,,,,第１種中高層住居専用地域,60.0,200.0,2010年第１四半期,未改装,調停・競売等,7.146128035678238
22077394,中古マンション等,,22206,静岡県,三島市,本町,三島広小路,3,３ＬＤＫ,155,,,,平成13年,ＳＲＣ,住宅,住宅,,,,商業地域,80.0,400.0,2015年第３四半期,未改装,,7.544068044350276
22014722,中古マンション等,,22133,静岡県,浜松市西区,舞阪町弁天島,弁天島,9,２ＤＫ,70,,,,平成3年,ＲＣ,住宅,,,,,第１種住居地域,60.0,200.0,2016年第１四半期,,調停・競売等,6.698970004336019
22056606,中古マンション等,,22131,静岡県,浜松市中区,上島,浜松,1H?1H30,３ＬＤＫ,60,,,,平成10年,ＳＲＣ,住宅,,,,,第１種住居地域,60.0,200.0,2010年第１四半期,未改装,調停・競売等,6.944482672150168
22020533,中古マンション等,,22203,静岡県,沼津市,大手町,沼津,6,,10,,,,昭和60年,ＲＣ,住宅,その他,,,,商業地域,80.0,500.0,2020年第３四半期,,,3.0
22023532,中古マンション等,,22206,静岡県,三島市,西若町,三島,11,５ＬＤＫ,110,,,,昭和64年,ＳＲＣ,住宅,住宅,,,,第１種住居地域,60.0,200.0,2016年第２四半期,未改装,,7.361727836017593
22024618,中古マンション等,,22207,静岡県,富士宮市,源道寺町,源道寺,2,４ＬＤＫ,60,,,,平成4年,ＳＲＣ,住宅,住宅,,,,第１種住居地域,60.0,200.0,2019年第４四半期,未改装,,6.832508912706237
22060745,中古マンション等,,22131,静岡県,浜松市中区,龍禅寺町,浜松,19,４ＬＤＫ,80,,,,平成9年,ＲＣ,住宅,,,,,第２種住居地域,60.0,200.0,2011年第１四半期,未改装,,7.176091259055681
22009241,中古マンション等,,22131,静岡県,浜松市中区,佐藤,浜松,30分?60分,３ＬＤＫ,70,,,,平成15年,ＳＲＣ,住宅,住宅,,,,第２種住居地域,60.0,200.0,2019年第３四半期,未改装,,7.204119982655925
22071184,中古マンション等,,22131,静岡県,浜松市中区,新津町,浜松,30分?60分,４ＬＤＫ,90,,,,平成13年,ＲＣ,住宅,,,,,第１種住居地域,60.0,200.0,2012年第２四半期,未改装,,7.3979400086720375
22057543,中古マンション等,,22102,静岡県,静岡市駿河区,国吉田,草薙(ＪＲ),21,３ＬＤＫ,75,,,,平成14年,ＲＣ,住宅,住宅,,,,準工業地域,60.0,200.0,2015年第４四半期,未改装,,7.301029995663981
22063831,中古マンション等,,22203,静岡県,沼津市,岡一色,大岡(静岡),14,３ＬＤＫ,65,,,,平成6年,ＲＣ,住宅,住宅,,,,第１種住居地域,60.0,200.0,2014年第４四半期,改装済,,7.342422680822207
22021327,中古マンション等,,22203,静岡県,沼津市,高島町,沼津,4,３ＬＤＫ,80,,,,平成2年,,住宅,その他,,,,商業地域,80.0,400.0,2020年第１四半期,未改装,,6.681241237375588
22039522,中古マンション等,,22214,静岡県,藤枝市,田沼,藤枝,9,３ＬＤＫ,75,,,,平成20年,,,住宅,,,,第２種住居地域,60.0,200.0,2019年第１四半期,未改装,,7.361727836017593
22017543,中古マンション等,,22135,静岡県,浜松市北区,三ヶ日町下尾奈,尾奈,16,２ＬＤＫ,50,,,,昭和56年,ＲＣ,その他,その他,,,,市街化調整区域,60.0,200.0,2017年第２四半期,未改装,,5.698970004336019
22081982,中古マンション等,,22102,静岡県,静岡市駿河区,池田,東静岡,25,３ＬＤＫ,65,,,,平成9年,ＲＣ,住宅,,,,,第１種中高層住居専用地域,60.0,150.0,2009年第４四半期,改装済,,7.230448921378274
22100176,中古マンション等,,22210,静岡県,富士市,元町,富士,7,２ＬＤＫ,50,,,,昭和61年,ＳＲＣ,住宅,,,,,近隣商業地域,80.0,200.0,2012年第４四半期,未改装,,6.447158031342219
22052099,中古マンション等,,22101,静岡県,静岡市葵区,天王町,静岡,15,１Ｋ,15,,,,昭和59年,ＲＣ,住宅,,,,,商業地域,80.0,400.0,2010年第４四半期,改装済,,6.447158031342219
22088174,中古マンション等,,22210,静岡県,富士市,元町,富士,9,３ＬＤＫ,60,,,,昭和61年,ＳＲＣ,住宅,住宅,,,,近隣商業地域,80.0,200.0,2015年第１四半期,未改装,,6.778151250383644
22004812,中古マンション等,,22102,静岡県,静岡市駿河区,西中原,静岡,30分?60分,３ＬＤＫ,70,,,,平成3年,ＲＣ,住宅,その他,,,,工業地域,60.0,200.0,2017年第２四半期,未改装,,7.113943352306837
22053495,中古マンション等,,22103,静岡県,静岡市清水区,西高町,清水(静岡),30分?60分,１ＬＤＫ,50,,,,平成19年,ＲＣ,住宅,,,,,第２種中高層住居専用地域,60.0,200.0,2014年第１四半期,未改装,,7.176091259055681
22096119,中古マンション等,,22203,静岡県,沼津市,米山町,沼津,9,３ＬＤＫ,85,,,,平成9年,ＲＣ,住宅,,,,,第２種住居地域,60.0,200.0,2013年第１四半期,未改装,,7.278753600952829
22070166,中古マンション等,,22131,静岡県,浜松市中区,上島,浜松,30分?60分,３ＬＤＫ,75,,,,平成16年,ＲＣ,住宅,,,,,第１種住居地域,60.0,200.0,2012年第３四半期,改装済,,7.301029995663981
22002848,中古マンション等,,22101,静岡県,静岡市葵区,緑町,静岡,28,３ＬＤＫ,80,,,,平成21年,,,住宅,,,,第２種中高層住居専用地域,,,2018年第４四半期,未改装,,7.4623979978989565
22063826,中古マンション等,,22203,静岡県,沼津市,岡一色,大岡(静岡),13,３ＬＤＫ,70,,,,平成3年,ＳＲＣ,住宅,,,,,第１種住居地域,,,2014年第４四半期,未改装,,7.041392685158225
22058829,中古マンション等,,22131,静岡県,浜松市中区,鴨江,浜松,29,２ＬＤＫ,70,,,,平成9年,ＳＲＣ,住宅,,,,,第１種中高層住居専用地域,60.0,200.0,2011年第４四半期,改装済,,7.2552725051033065
22008939,中古マンション等,,22131,静岡県,浜松市中区,鴨江,浜松,29,４ＬＤＫ,85,,,,平成8年,ＲＣ,住宅,,,,,第１種中高層住居専用地域,60.0,200.0,2019年第４四半期,改装済,,7.230448921378274
22071541,中古マンション等,,22101,静岡県,静岡市葵区,竜南,静岡,30分?60分,３ＬＤＫ,65,,,,平成19年,ＲＣ,住宅,,,,,第２種中高層住居専用地域,60.0,200.0,2013年第３四半期,未改装,,7.342422680822207
22022073,中古マンション等,,22203,静岡県,沼津市,三園町,沼津,24,３ＬＤＫ,70,,,,平成21年,ＲＣ,住宅,住宅,,,,,,,2016年第４四半期,,調停・競売等,7.230448921378274
22024625,中古マンション等,,22207,静岡県,富士宮市,源道寺町,源道寺,1,３ＬＤＫ,60,,,,平成4年,ＳＲＣ,住宅,住宅,,,,第１種住居地域,60.0,200.0,2018年第２四半期,未改装,,6.857332496431268
22070097,中古マンション等,,22135,静岡県,浜松市北区,三ヶ日町都筑,東都筑,30分?60分,１Ｋ,25,,,,,ＳＲＣ,住宅,住宅,,,,市街化調整区域,60.0,200.0,2015年第１四半期,未改装,調停・競売等,5.556302500767287
22020416,中古マンション等,,22203,静岡県,沼津市,大岡,沼津,30分?60分,３ＬＤＫ,60,,,,平成6年,ＲＣ,住宅,住宅,,,,第２種中高層住居専用地域,60.0,200.0,2016年第４四半期,未改装,,6.929418925714293
22009252,中古マンション等,,22131,静岡県,浜松市中区,佐藤,浜松,30分?60分,３ＬＤＫ,75,,,,平成14年,ＳＲＣ,,,,,,第２種住居地域,60.0,200.0,2018年第３四半期,未改装,,7.278753600952829
22097799,中古マンション等,,22134,静岡県,浜松市南区,東若林町,浜松,30分?60分,３ＬＤＫ,65,,,,平成20年,ＲＣ,住宅,,,,,第２種住居地域,60.0,200.0,2009年第３四半期,未改装,,7.3222192947339195
22022071,中古マンション等,,22203,静岡県,沼津市,三園町,沼津,20,３ＬＤＫ,65,,,,平成14年,ＳＲＣ,住宅,住宅,,,,近隣商業地域,80.0,300.0,2016年第４四半期,未改装,,7.146128035678238
22017453,中古マンション等,,22135,静岡県,浜松市北区,三ヶ日町大崎,都筑,30分?60分,１ＤＫ,55,,,,平成2年,ＳＲＣ,,その他,,,,市街化調整区域,60.0,200.0,2018年第３四半期,未改装,,6.724275869600789
22089245,中古マンション等,,22131,静岡県,浜松市中区,上浅田,浜松,15,３ＬＤＫ,75,,,,平成10年,ＲＣ,住宅,,,,,第１種住居地域,60.0,200.0,2009年第１四半期,未改装,調停・競売等,7.0
22099931,中古マンション等,,22135,静岡県,浜松市北区,三ヶ日町都筑,都筑,15,１ＬＤＫ,40,,,,昭和59年,ＲＣ,住宅,,,,,市街化調整区域,60.0,200.0,2009年第２四半期,未改装,,6.568201724066995
22009717,中古マンション等,,22131,静岡県,浜松市中区,住吉,浜松,30分?60分,３ＬＤＫ,60,,,,,ＳＲＣ,住宅,住宅,,,,第２種住居地域,60.0,200.0,2016年第４四半期,未改装,,6.653212513775344
22119327,中古マンション等,,22102,静岡県,静岡市駿河区,池田,東静岡,,３ＬＤＫ,70,,,,平成13年,ＲＣ,住宅,,,,,近隣商業地域,80.0,300.0,2006年第４四半期,未改装,,7.278753600952829
22005106,中古マンション等,,22102,静岡県,静岡市駿河区,曲金,東静岡,3,２ＬＤＫ,70,,,,平成22年,ＲＣ,,住宅,,,,商業地域,80.0,500.0,2017年第４四半期,,,7.491361693834273
22122862,中古マンション等,,22131,静岡県,浜松市中区,広沢,浜松,28,４ＬＤＫ,90,,,,昭和60年,ＲＣ,住宅,,,,,第１種中高層住居専用地域,60.0,200.0,2008年第３四半期,改装済,,7.342422680822207
22055853,中古マンション等,,22102,静岡県,静岡市駿河区,丸子新田,安倍川,20,４ＬＤＫ,80,,,,平成16年,ＲＣ,住宅,,,,,準工業地域,60.0,200.0,2011年第１四半期,未改装,,7.301029995663981
22013803,中古マンション等,,22133,静岡県,浜松市西区,入野町,浜松,1H?1H30,３ＬＤＫ,70,,,,平成4年,ＲＣ,住宅,,,,,第１種中高層住居専用地域,60.0,200.0,2016年第４四半期,改装済,,7.041392685158225
22056314,中古マンション等,,22131,静岡県,浜松市中区,小豆餅,浜松,1H?1H30,３ＬＤＫ,65,,,,平成3年,ＲＣ,住宅,,,,,第１種住居地域,60.0,200.0,2010年第２四半期,改装済,,6.903089986991944
22058498,中古マンション等,,22102,静岡県,静岡市駿河区,馬渕,静岡,10,３ＬＤＫ,95,,,,平成19年,ＳＲＣ,住宅,住宅,,,,近隣商業地域,80.0,300.0,2015年第３四半期,未改装,,7.5910646070264995
22033860,中古マンション等,,22211,静岡県,磐田市,中泉,磐田,15,４ＬＤＫ,80,,,,,ＲＣ,住宅,住宅,,,,第２種中高層住居専用地域,60.0,150.0,2016年第２四半期,未改装,,7.278753600952829
22078656,中古マンション等,,22131,静岡県,浜松市中区,上島,浜松,30分?60分,３ＬＤＫ,70,,,,平成6年,ＲＣ,住宅,,,,,第１種住居地域,60.0,200.0,2013年第２四半期,未改装,,7.079181246047625
22065986,中古マンション等,,22102,静岡県,静岡市駿河区,曲金,静岡,25,３ＬＤＫ,75,,,,平成3年,ＲＣ,住宅,,,,,工業地域,60.0,200.0,2012年第１四半期,未改装,,7.301029995663981
22088578,中古マンション等,,22206,静岡県,三島市,徳倉,三島,25,３ＬＤＫ,70,,,,平成8年,ＲＣ,住宅,,,,,第１種中高層住居専用地域,60.0,150.0,2012年第４四半期,未改装,,7.113943352306837
22122463,中古マンション等,,22131,静岡県,浜松市中区,住吉,浜松,30分?60分,３ＬＤＫ,70,,,,昭和50年,ＲＣ,住宅,,,,,第２種住居地域,60.0,200.0,2008年第１四半期,未改装,,6.826074802700826
22063443,中古マンション等,,22133,静岡県,浜松市西区,舞阪町弁天島,弁天島,16,３ＬＤＫ,115,,,,平成21年,ＲＣ,住宅,,,,,第１種住居地域,60.0,200.0,2011年第４四半期,未改装,,7.176091259055681
22060119,中古マンション等,,22133,静岡県,浜松市西区,入野町,浜松,30分?60分,２ＬＤＫ,75,,,,平成12年,ＲＣ,住宅,,,,,準住居地域,60.0,200.0,2010年第３四半期,未改装,,7.146128035678238
22080329,中古マンション等,,22135,静岡県,浜松市北区,三ヶ日町都筑,都筑,28,１ＤＫ,25,,,,昭和45年,ＳＲＣ,住宅,,,,,市街化調整区域,60.0,200.0,2012年第３四半期,未改装,,6.113943352306837
22022063,中古マンション等,,22203,静岡県,沼津市,三園町,沼津,21,４ＬＤＫ,80,,,,平成21年,ＲＣ,,住宅,,,,近隣商業地域,80.0,200.0,2018年第２四半期,,調停・競売等,7.230448921378274
22079165,中古マンション等,,22101,静岡県,静岡市葵区,昭和町,静岡,6,１Ｋ,30,,,,昭和53年,ＳＲＣ,住宅,,,,,商業地域,80.0,400.0,2009年第４四半期,未改装,,6.763427993562937
22013672,中古マンション等,,22133,静岡県,浜松市西区,入野町,高塚,18,１Ｋ,15,,,,,,,住宅,,,,,,,2020年第２四半期,未改装,,6.778151250383644
22056212,中古マンション等,,22131,静岡県,浜松市中区,龍禅寺町,浜松,12,３ＬＤＫ,55,,,,平成3年,ＳＲＣ,住宅,,,,,近隣商業地域,80.0,300.0,2014年第１四半期,未改装,,6.845098040014257
22003329,中古マンション等,,22102,静岡県,静岡市駿河区,池田,東静岡,6,３ＬＤＫ,65,,,,平成17年,ＲＣ,住宅,住宅,,,,工業地域,60.0,200.0,2017年第２四半期,未改装,,7.342422680822207
22122820,中古マンション等,,22131,静岡県,浜松市中区,東伊場,浜松,16,３ＬＤＫ,65,,,,,ＳＲＣ,住宅,,,,,近隣商業地域,80.0,300.0,2007年第３四半期,未改装,,7.0
22055385,中古マンション等,,22101,静岡県,静岡市葵区,駒形通,静岡,1H?1H30,３ＬＤＫ,65,,,,平成15年,ＲＣ,住宅,,,,,商業地域,80.0,500.0,2015年第４四半期,,,7.301029995663981
22122399,中古マンション等,,22131,静岡県,浜松市中区,城北,浜松,30分?60分,１Ｋ,15,,,,昭和60年,ＲＣ,住宅,,,,,第２種中高層住居専用地域,60.0,200.0,2008年第２四半期,未改装,,6.301029995663981
22009159,中古マンション等,,22131,静岡県,浜松市中区,幸,浜松,30分?60分,３ＬＤＫ,75,,,,平成19年,ＲＣ,住宅,その他,,,,第２種住居地域,60.0,200.0,2019年第３四半期,未改装,調停・競売等,7.204119982655925
22057027,中古マンション等,,22131,静岡県,浜松市中区,佐鳴台,浜松,30分?60分,４ＬＤＫ,100,,,,平成2年,ＲＣ,住宅,,,,,第１種中高層住居専用地域,60.0,200.0,2010年第１四半期,未改装,,7.3222192947339195
22073664,中古マンション等,,22131,静岡県,浜松市中区,和地山,浜松,30分?60分,３ＤＫ,45,,,,昭和49年,ＳＲＣ,住宅,,,,,近隣商業地域,80.0,150.0,2012年第４四半期,未改装,,6.690196080028514
22076522,中古マンション等,,22103,静岡県,静岡市清水区,辻,清水(静岡),1,オープンフロア,30,,,,平成23年,ＲＣ,店舗,,,,,商業地域,80.0,500.0,2013年第１四半期,改装済,,6.939519252618618
22017474,中古マンション等,,22135,静岡県,浜松市北区,三ヶ日町大崎,都筑,30分?60分,１ＬＤＫ,45,,,,昭和63年,ＳＲＣ,住宅,住宅,,,,市街化調整区域,60.0,200.0,2016年第３四半期,改装済,,6.278753600952829
22063063,中古マンション等,,22135,静岡県,浜松市北区,三ヶ日町都筑,都筑,24,１ＬＤＫ,40,,,,昭和62年,ＲＣ,住宅,,,,,市街化調整区域,60.0,200.0,2010年第４四半期,改装済,,6.57978359661681
22118059,中古マンション等,,22101,静岡県,静岡市葵区,川辺町,静岡,,１ＤＫ,35,,,,平成2年,ＳＲＣ,住宅,,,,,商業地域,,,2007年第１四半期,未改装,,6.698970004336019
22010123,中古マンション等,,22131,静岡県,浜松市中区,高町,浜松,16,,80,,,,平成14年,ＳＲＣ,,住宅,,,,商業地域,80.0,500.0,2020年第１四半期,未改装,,7.361727836017593
22023796,中古マンション等,,22206,静岡県,三島市,松が丘,三島,30分?60分,３ＬＤＫ,70,,,,平成13年,ＲＣ,住宅,住宅,,,,第２種住居地域,60.0,200.0,2016年第１四半期,未改装,,7.278753600952829
22125705,中古マンション等,,22203,静岡県,沼津市,杉崎町,沼津,15,３ＬＤＫ,65,,,,昭和64年,ＳＲＣ,住宅,,,,,第２種住居地域,60.0,200.0,2007年第４四半期,改装済,,7.079181246047625
22017730,中古マンション等,,22135,静岡県,浜松市北区,三ヶ日町都筑,都筑,26,１Ｋ,25,,,,昭和49年,ＳＲＣ,住宅,住宅,,,,市街化調整区域,60.0,200.0,2016年第１四半期,未改装,,5.698970004336019
22086039,中古マンション等,,22210,静岡県,富士市,新橋町,富士,10,３ＬＤＫ,70,,,,平成20年,ＲＣ,住宅,住宅,,,,工業地域,60.0,200.0,2015年第４四半期,未改装,調停・競売等,6.929418925714293
22059490,中古マンション等,,22134,静岡県,浜松市南区,古川町,浜松,30分?60分,３ＬＤＫ,70,,,,,ＲＣ,住宅,,,,,市街化調整区域,60.0,200.0,2014年第１四半期,改装済,,6.949390006644912
22060095,中古マンション等,,22131,静岡県,浜松市中区,中沢町,浜松,30分?60分,４ＬＤＫ,90,,,,平成10年,ＳＲＣ,住宅,,,,,近隣商業地域,80.0,300.0,2011年第１四半期,未改装,,7.301029995663981
22084727,中古マンション等,,22210,静岡県,富士市,石坂,富士,1H?1H30,４ＬＤＫ,105,,,,平成5年,ＲＣ,住宅,住宅,,,,第２種中高層住居専用地域,60.0,150.0,2015年第２四半期,改装済,,7.041392685158225
22121244,中古マンション等,,22103,静岡県,静岡市清水区,楠新田,草薙(ＪＲ),10,３ＬＤＫ,65,,,,平成12年,ＲＣ,住宅,,,,,準工業地域,60.0,200.0,2008年第３四半期,改装済,,7.146128035678238
22037964,中古マンション等,,22213,静岡県,掛川市,南,掛川,3,１Ｋ,20,,,,平成3年,ＲＣ,住宅,住宅,,,,商業地域,80.0,400.0,2020年第３四半期,未改装,,6.176091259055681
22009338,中古マンション等,,22131,静岡県,浜松市中区,佐鳴台,浜松,30分?60分,４ＬＤＫ,85,,,,平成7年,ＲＣ,,住宅,,,,第１種中高層住居専用地域,60.0,200.0,2018年第１四半期,未改装,,7.041392685158225
22057236,中古マンション等,,22131,静岡県,浜松市中区,助信町,浜松,22,３ＬＤＫ,75,,,,平成16年,ＲＣ,住宅,,,,,商業地域,80.0,400.0,2010年第３四半期,未改装,,7.380211241711606
22056667,中古マンション等,,22131,静岡県,浜松市中区,神田町,浜松,26,３ＬＤＫ,75,,,,,ＲＣ,住宅,,,,,第１種住居地域,60.0,200.0,2010年第１四半期,未改装,,7.079181246047625
22024935,中古マンション等,,22207,静岡県,富士宮市,中央町,富士宮,1,３ＬＤＫ,80,,,,平成17年,,,住宅,,,,商業地域,80.0,400.0,2017年第４四半期,,,7.230448921378274
22054989,中古マンション等,,22102,静岡県,静岡市駿河区,津島町,静岡,19,２ＤＫ,35,,,,昭和49年,ＳＲＣ,住宅,,,,,近隣商業地域,60.0,200.0,2011年第４四半期,未改装,,6.477121254719663
22097128,中古マンション等,,22210,静岡県,富士市,瓜島町,富士,30分?60分,３ＬＤＫ,70,,,,平成9年,ＲＣ,住宅,,,,,第２種住居地域,60.0,200.0,2012年第４四半期,未改装,,6.949390006644912
22084054,中古マンション等,,22102,静岡県,静岡市駿河区,聖一色,東静岡,20,３ＬＤＫ,100,,,,平成13年,ＲＣ,住宅,,,,,第２種中高層住居専用地域,60.0,200.0,2009年第４四半期,未改装,,7.505149978319906
22013810,中古マンション等,,22133,静岡県,浜松市西区,入野町,浜松,30分?60分,３ＬＤＫ,85,,,,平成15年,ＲＣ,住宅,住宅,,,,第２種住居地域,60.0,200.0,2016年第３四半期,未改装,,7.3222192947339195
22071969,中古マンション等,,22131,静岡県,浜松市中区,中央,浜松,8,２ＬＤＫ,65,,,,,ＳＲＣ,住宅,,,,,商業地域,80.0,400.0,2012年第４四半期,,,7.278753600952829
22080293,中古マンション等,,22101,静岡県,静岡市葵区,伝馬町,静岡,9,４ＬＤＫ,95,,,,平成12年,ＳＲＣ,住宅,,,,,商業地域,80.0,500.0,2009年第１四半期,未改装,,7.57978359661681
22061273,中古マンション等,,22131,静岡県,浜松市中区,板屋町,浜松,8,３ＬＤＫ,70,,,,平成14年,ＲＣ,住宅,住宅,,,,商業地域,80.0,400.0,2015年第２四半期,未改装,,7.380211241711606
22023484,中古マンション等,,22206,静岡県,三島市,長伏,三島,1H?1H30,２ＬＤＫ,65,,,,平成7年,ＲＣ,住宅,住宅,,,,準工業地域,60.0,200.0,2020年第３四半期,改装済,,6.698970004336019
22010594,中古マンション等,,22131,静岡県,浜松市中区,中沢町,浜松,28,２Ｋ,25,,,,平成3年,ＲＣ,住宅,その他,,,,商業地域,80.0,400.0,2017年第１四半期,未改装,,6.3979400086720375
22002857,中古マンション等,,22101,静岡県,静岡市葵区,緑町,静岡,28,３ＬＤＫ,70,,,,平成7年,ＲＣ,住宅,住宅,,,,第２種中高層住居専用地域,60.0,200.0,2017年第２四半期,未改装,,7.447158031342219
22010627,中古マンション等,,22131,静岡県,浜松市中区,中島,浜松,16,２ＬＤＫ,55,,,,昭和64年,ＳＲＣ,住宅,その他,,,,第１種住居地域,60.0,200.0,2019年第１四半期,未改装,,6.832508912706237
22125608,中古マンション等,,22203,静岡県,沼津市,三枚橋町,沼津,5,４ＬＤＫ,85,,,,平成14年,ＳＲＣ,住宅,,,,,商業地域,80.0,500.0,2008年第１四半期,未改装,,7.4623979978989565
22065822,中古マンション等,,22206,静岡県,三島市,青木,三島,30分?60分,３ＬＤＫ,65,,,,平成16年,ＲＣ,住宅,住宅,,,,第１種住居地域,60.0,200.0,2014年第４四半期,改装済,,7.278753600952829
22085683,中古マンション等,,22203,静岡県,沼津市,杉崎町,沼津,18,３ＬＤＫ,55,,,,昭和57年,ＲＣ,住宅,,,,,第２種住居地域,60.0,200.0,2012年第４四半期,改装済,,6.740362689494244
22000744,中古マンション等,,22101,静岡県,静岡市葵区,唐瀬,静岡,1H?1H30,３ＬＤＫ,70,,,,平成16年,ＲＣ,住宅,その他,,,,第１種住居地域,60.0,200.0,2016年第１四半期,未改装,,7.230448921378274
22063778,中古マンション等,,22203,静岡県,沼津市,大手町,沼津,5,,10,,,,,ＳＲＣ,住宅,その他,,,,商業地域,80.0,500.0,2014年第２四半期,未改装,,3.0
22001911,中古マンション等,,22101,静岡県,静岡市葵区,鷹匠,静岡,10,２ＬＤＫ,70,,,,平成23年,ＲＣ,住宅,住宅,,,,商業地域,80.0,400.0,2017年第１四半期,未改装,,7.544068044350276
22106005,中古マンション等,,22206,静岡県,三島市,長伏,大場,30分?60分,３ＬＤＫ,65,,,,平成7年,ＲＣ,住宅,,,,,準工業地域,60.0,200.0,2009年第３四半期,未改装,,6.929418925714293
22071039,中古マンション等,,22203,静岡県,沼津市,吉田町,沼津,22,３ＬＤＫ,70,,,,昭和63年,ＲＣ,住宅,,,,,準工業地域,60.0,150.0,2011年第３四半期,改装済,,6.929418925714293
22078400,中古マンション等,,22131,静岡県,浜松市中区,海老塚,浜松,14,２ＬＤＫ＋Ｓ,65,,,,平成7年,ＲＣ,住宅,,,,,第１種住居地域,60.0,200.0,2013年第１四半期,改装済,,6.991226075692495
22014653,中古マンション等,,22133,静岡県,浜松市西区,舞阪町弁天島,浜松,2H?,３ＬＤＫ,50,,,,昭和48年,ＳＲＣ,住宅,住宅,,,,第１種住居地域,60.0,200.0,2020年第１四半期,改装済,,6.6020599913279625
22092715,中古マンション等,,22131,静岡県,浜松市中区,領家,浜松,25,３ＬＤＫ,60,,,,平成20年,ＲＣ,住宅,,,,,第１種住居地域,60.0,200.0,2009年第３四半期,未改装,,7.230448921378274
22102554,中古マンション等,,22203,静岡県,沼津市,旭町,沼津,18,３ＬＤＫ,60,,,,昭和64年,ＲＣ,住宅,,,,,近隣商業地域,80.0,200.0,2009年第１四半期,改装済,,7.0
22006057,中古マンション等,,22103,静岡県,静岡市清水区,江尻東,清水(静岡),5,３ＬＤＫ,80,,,,平成19年,,住宅,住宅,,,,商業地域,80.0,400.0,2019年第２四半期,未改装,,7.380211241711606
22122742,中古マンション等,,22131,静岡県,浜松市中区,西伊場町,浜松,30分?60分,４ＬＤＫ,70,,,,昭和58年,ＲＣ,住宅,,,,,第１種中高層住居専用地域,60.0,200.0,2008年第２四半期,未改装,,6.903089986991944
22058473,中古マンション等,,22131,静岡県,浜松市中区,山手町,浜松,30分?60分,３ＬＤＫ,80,,,,平成18年,ＲＣ,住宅,,,,,第１種中高層住居専用地域,60.0,200.0,2010年第３四半期,未改装,,7.4623979978989565
22084299,中古マンション等,,22102,静岡県,静岡市駿河区,曲金,東静岡,15,３ＬＤＫ,60,,,,平成7年,ＲＣ,住宅,,,,,近隣商業地域,80.0,300.0,2009年第３四半期,未改装,,7.230448921378274
22008565,中古マンション等,,22131,静岡県,浜松市中区,板屋町,浜松,5,２ＬＤＫ,60,,,,平成19年,ＲＣ,,住宅,,,,商業地域,80.0,400.0,2017年第４四半期,未改装,,7.380211241711606
22007681,中古マンション等,,22103,静岡県,静岡市清水区,真砂町,清水(静岡),3,２ＬＤＫ,70,,,,平成19年,,住宅,住宅,,,,商業地域,80.0,400.0,2020年第１四半期,未改装,,7.342422680822207
22076272,中古マンション等,,22206,静岡県,三島市,青木,三島,30分?60分,４ＬＤＫ,65,,,,平成16年,ＲＣ,住宅,住宅,,,,第１種住居地域,60.0,200.0,2015年第２四半期,未改装,,7.041392685158225
22011096,中古マンション等,,22131,静岡県,浜松市中区,東伊場,浜松,30分?60分,２ＬＤＫ,80,,,,平成25年,ＲＣ,,住宅,,,,第２種住居地域,60.0,200.0,2017年第４四半期,未改装,,7.431363764158987
22004429,中古マンション等,,22102,静岡県,静岡市駿河区,登呂,静岡,30分?60分,３ＬＤＫ,75,,,,,ＲＣ,,住宅,,,,第１種住居地域,60.0,200.0,2020年第３四半期,未改装,,7.361727836017593
22078430,中古マンション等,,22210,静岡県,富士市,平垣本町,富士,14,２ＬＤＫ,50,,,,昭和54年,ＲＣ,住宅,,,,,近隣商業地域,80.0,200.0,2010年第２四半期,未改装,,6.681241237375588
22021512,中古マンション等,,22203,静岡県,沼津市,西沢田,沼津,30分?60分,１Ｋ,30,,,,昭和64年,ＲＣ,住宅,事務所,,,,工業地域,60.0,200.0,2016年第２四半期,未改装,,6.079181246047625
22106315,中古マンション等,,22214,静岡県,藤枝市,駅前,藤枝,2,２ＬＤＫ＋Ｓ,70,,,,平成14年,ＲＣ,住宅,,,,,商業地域,80.0,400.0,2012年第３四半期,未改装,,7.2552725051033065
22017724,中古マンション等,,22135,静岡県,浜松市北区,三ヶ日町都筑,都筑,25,２ＬＤＫ,90,,,,平成2年,ＳＲＣ,住宅,住宅,,,,市街化調整区域,60.0,200.0,2016年第２四半期,未改装,,6.770852011642144
22069247,中古マンション等,,22206,静岡県,三島市,松が丘,三島,30分?60分,２ＬＤＫ,75,,,,平成13年,ＲＣ,住宅,,,,,第１種低層住居専用地域,50.0,80.0,2010年第３四半期,,,7.204119982655925
22032209,中古マンション等,,22210,静岡県,富士市,吉原,吉原,30分?60分,４ＬＤＫ,80,,,,昭和60年,ＲＣ,住宅,住宅,,,,第１種住居地域,60.0,200.0,2018年第４四半期,未改装,,6.880813592280791
22066377,中古マンション等,,22102,静岡県,静岡市駿河区,南町,静岡,5,２ＬＤＫ,60,,,,平成8年,鉄骨造,住宅,,,,,商業地域,80.0,400.0,2012年第３四半期,未改装,,7.176091259055681
22009128,中古マンション等,,22131,静岡県,浜松市中区,紺屋町,浜松,13,２ＬＤＫ,60,,,,,,住宅,住宅,,,,商業地域,80.0,500.0,2020年第３四半期,,,7.3979400086720375
22078130,中古マンション等,,22134,静岡県,浜松市南区,東若林町,浜松,30分?60分,１Ｒ,15,,,,平成2年,ＲＣ,住宅,,,,,第１種住居地域,60.0,200.0,2012年第１四半期,未改装,,6.079181246047625
22097800,中古マンション等,,22134,静岡県,浜松市南区,東若林町,浜松,30分?60分,３ＬＤＫ,65,,,,平成20年,ＲＣ,住宅,,,,,第２種住居地域,60.0,200.0,2009年第３四半期,未改装,,7.301029995663981
22086239,中古マンション等,,22133,静岡県,浜松市西区,舞阪町弁天島,弁天島,15,,50,,,,昭和49年,ＲＣ,住宅,,,,,第１種住居地域,60.0,200.0,2013年第１四半期,未改装,,6.6020599913279625
22003004,中古マンション等,,22101,静岡県,静岡市葵区,柚木,東静岡,15,３ＬＤＫ,80,,,,平成25年,ＲＣ,,住宅,,,,近隣商業地域,80.0,300.0,2020年第２四半期,未改装,,7.4623979978989565
22075806,中古マンション等,,22210,静岡県,富士市,水戸島本町,富士,6,１Ｋ,15,,,,平成4年,ＳＲＣ,住宅,住宅,,,,近隣商業地域,80.0,300.0,2014年第４四半期,未改装,,6.414973347970818
22129570,中古マンション等,,22211,静岡県,磐田市,中泉,磐田,2,２ＤＫ,60,,,,平成19年,ＲＣ,住宅,,,,,商業地域,80.0,400.0,2007年第３四半期,未改装,,7.361727836017593
22094929,中古マンション等,,22203,静岡県,沼津市,高島町,沼津,4,３ＬＤＫ,65,,,,,ＲＣ,住宅,,,,,商業地域,80.0,400.0,2013年第１四半期,未改装,,7.079181246047625
22031923,中古マンション等,,22210,静岡県,富士市,御幸町,吉原本町,7,３ＬＤＫ,75,,,,平成31年,ＲＣ,住宅,住宅,,,,近隣商業地域,80.0,300.0,2019年第２四半期,未改装,,7.505149978319906
22065507,中古マンション等,,22132,静岡県,浜松市東区,天龍川町,天竜川,1,３ＬＤＫ,65,,,,,ＳＲＣ,住宅,住宅,,,,近隣商業地域,80.0,300.0,2015年第１四半期,改装済,,7.079181246047625
22062424,中古マンション等,,22131,静岡県,浜松市中区,住吉,浜松,30分?60分,４ＬＤＫ,95,,,,平成10年,ＳＲＣ,住宅,住宅,,,,第２種中高層住居専用地域,60.0,200.0,2015年第１四半期,未改装,,7.230448921378274
22120546,中古マンション等,,22102,静岡県,静岡市駿河区,用宗,用宗,2,３ＬＤＫ,65,,,,平成9年,ＲＣ,住宅,,,,,近隣商業地域,80.0,300.0,2008年第１四半期,未改装,,7.204119982655925
22002926,中古マンション等,,22101,静岡県,静岡市葵区,御幸町,静岡,7,２ＬＤＫ,70,,,,平成15年,ＲＣ,住宅,住宅,,,,商業地域,80.0,600.0,2016年第４四半期,,,7.6020599913279625
22079460,中古マンション等,,22101,静岡県,静岡市葵区,瀬名,草薙(ＪＲ),30分?60分,２ＤＫ,45,,,,昭和47年,ＲＣ,住宅,,,,,第１種中高層住居専用地域,60.0,200.0,2009年第２四半期,未改装,,6.414973347970818
22009709,中古マンション等,,22131,静岡県,浜松市中区,住吉,浜松,30分?60分,３ＬＤＫ,60,,,,昭和50年,ＳＲＣ,,住宅,,,,第２種住居地域,60.0,200.0,2017年第３四半期,改装済,,6.832508912706237
22006981,中古マンション等,,22103,静岡県,静岡市清水区,庄福町,清水(静岡),30分?60分,３ＤＫ,50,,,,平成23年,ＲＣ,,住宅,,,,第１種中高層住居専用地域,60.0,200.0,2019年第１四半期,未改装,,6.653212513775344
22059459,中古マンション等,,22134,静岡県,浜松市南区,東若林町,浜松,30分?60分,４ＬＤＫ,75,,,,平成20年,ＲＣ,住宅,住宅,,,,第２種住居地域,60.0,200.0,2014年第２四半期,未改装,,7.2552725051033065
22085798,中古マンション等,,22203,静岡県,沼津市,高島町,沼津,4,３ＬＤＫ,80,,,,平成2年,ＳＲＣ,住宅,,,,,商業地域,80.0,400.0,2012年第１四半期,改装済,,7.230448921378274
22015496,中古マンション等,,22134,静岡県,浜松市南区,頭陀寺町,浜松,29,３ＬＤＫ,65,,,,平成4年,ＲＣ,,住宅,,,,第１種住居地域,60.0,200.0,2018年第１四半期,未改装,調停・競売等,6.57978359661681
22024150,中古マンション等,,22207,静岡県,富士宮市,朝日町,富士宮,25,３ＬＤＫ,55,,,,,ＲＣ,住宅,住宅,,,,第２種住居地域,60.0,200.0,2017年第２四半期,未改装,,6.845098040014257
22005677,中古マンション等,,22102,静岡県,静岡市駿河区,森下町,静岡,7,３ＬＤＫ,70,,,,,ＲＣ,住宅,住宅,,,,商業地域,80.0,400.0,2017年第３四半期,未改装,,7.4623979978989565
22001256,中古マンション等,,22101,静岡県,静岡市葵区,三番町,静岡,23,３ＬＤＫ,75,,,,平成20年,ＲＣ,,住宅,,,,近隣商業地域,80.0,200.0,2019年第２四半期,改装済,,7.531478917042255
22001509,中古マンション等,,22101,静岡県,静岡市葵区,神明町,静岡,30分?60分,３ＤＫ,60,,,,昭和54年,ＲＣ,住宅,住宅,,,,準工業地域,60.0,200.0,2016年第３四半期,未改装,,6.7923916894982534
22056113,中古マンション等,,22131,静岡県,浜松市中区,元浜町,浜松,16,２ＬＤＫ,70,,,,平成9年,ＳＲＣ,住宅,住宅,,,,商業地域,80.0,500.0,2014年第３四半期,未改装,,7.176091259055681
22072566,中古マンション等,,22131,静岡県,浜松市中区,西浅田,浜松,22,３ＬＤＫ,60,,,,平成3年,ＳＲＣ,住宅,,,,,,,,2012年第４四半期,改装済,,6.929418925714293
22008802,中古マンション等,,22131,静岡県,浜松市中区,上島,浜松,30分?60分,,75,,,,平成15年,ＳＲＣ,住宅,住宅,,,,第１種住居地域,60.0,200.0,2017年第１四半期,,,7.079181246047625
22014688,中古マンション等,,22133,静岡県,浜松市西区,舞阪町弁天島,浜松,2H?,２ＤＫ,55,,,,昭和51年,ＳＲＣ,住宅,住宅,,,,商業地域,80.0,400.0,2017年第１四半期,改装済,,6.740362689494244
22010866,中古マンション等,,22131,静岡県,浜松市中区,布橋,浜松,30分?60分,１Ｋ,15,,,,昭和58年,ＲＣ,住宅,住宅,,,,第２種中高層住居専用地域,60.0,200.0,2016年第４四半期,未改装,,5.977723605288848
22020390,中古マンション等,,22203,静岡県,沼津市,大岡,沼津,13,３ＬＤＫ,75,,,,平成15年,ＳＲＣ,住宅,,,,,近隣商業地域,80.0,300.0,2017年第２四半期,未改装,,7.301029995663981
22060510,中古マンション等,,22131,静岡県,浜松市中区,広沢,浜松,30分?60分,３ＬＤＫ,65,,,,平成9年,ＲＣ,住宅,,,,,第１種中高層住居専用地域,60.0,200.0,2011年第１四半期,改装済,,6.929418925714293
22060912,中古マンション等,,22135,静岡県,浜松市北区,三ヶ日町都筑,東都筑,23,１ＤＫ,30,,,,昭和49年,ＳＲＣ,住宅,住宅,,,,市街化調整区域,60.0,200.0,2014年第４四半期,未改装,,6.0
22105410,中古マンション等,,22206,静岡県,三島市,青木,三島田町,15,４ＬＤＫ,85,,,,平成16年,ＲＣ,住宅,,,,,第１種住居地域,60.0,200.0,2009年第１四半期,未改装,,7.380211241711606
22083807,中古マンション等,,22102,静岡県,静岡市駿河区,中原,静岡,30分?60分,３ＬＤＫ,60,,,,平成8年,ＲＣ,住宅,,,,,準工業地域,60.0,200.0,2009年第２四半期,未改装,,7.204119982655925
22081057,中古マンション等,,22131,静岡県,浜松市中区,西浅田,浜松,22,４ＬＤＫ,70,,,,平成3年,ＳＲＣ,住宅,,,,,近隣商業地域,80.0,300.0,2013年第３四半期,未改装,,6.698970004336019
22074736,中古マンション等,,22132,静岡県,浜松市東区,篠ケ瀬町,浜松,30分?60分,４ＬＤＫ,85,,,,平成9年,ＳＲＣ,住宅,,,,,近隣商業地域,80.0,300.0,2012年第１四半期,未改装,,7.0
22062160,中古マンション等,,22132,静岡県,浜松市東区,中野町,浜松,1H30?2H,３ＬＤＫ,70,,,,,ＲＣ,住宅,,,,,準工業地域,60.0,200.0,2011年第４四半期,未改装,調停・競売等,6.57978359661681
22010170,中古マンション等,,22131,静岡県,浜松市中区,中央,浜松,11,,95,,,,平成12年,ＲＣ,,,,,,近隣商業地域,80.0,300.0,2020年第２四半期,未改装,,7.431363764158987
22058113,中古マンション等,,22102,静岡県,静岡市駿河区,中田,静岡,19,３ＬＤＫ,70,,,,昭和62年,ＲＣ,住宅,住宅,,,,第２種中高層住居専用地域,60.0,200.0,2015年第３四半期,未改装,,7.041392685158225
22069044,中古マンション等,,22103,静岡県,静岡市清水区,宮下町,清水(静岡),9,２ＬＤＫ,50,,,,昭和53年,ＲＣ,住宅,,,,,第２種住居地域,60.0,200.0,2012年第４四半期,改装済,,6.778151250383644
22072008,中古マンション等,,22206,静岡県,三島市,壱町田,三島,15,４ＬＤＫ,85,,,,平成15年,ＲＣ,住宅,,,,,第１種中高層住居専用地域,60.0,200.0,2011年第４四半期,未改装,,7.4623979978989565
22094064,中古マンション等,,22132,静岡県,浜松市東区,篠ケ瀬町,浜松,1H?1H30,３ＬＤＫ,70,,,,平成7年,ＲＣ,住宅,,,,,第１種住居地域,60.0,200.0,2009年第２四半期,未改装,,6.880813592280791
22034373,中古マンション等,,22211,静岡県,磐田市,見付,磐田,30分?60分,３ＬＤＫ,65,,,,,ＲＣ,住宅,住宅,,,,第１種中高層住居専用地域,60.0,150.0,2019年第１四半期,改装済,,7.301029995663981
22009895,中古マンション等,,22131,静岡県,浜松市中区,高丘北,浜松,1H30?2H,３ＬＤＫ,70,,,,平成18年,ＲＣ,住宅,住宅,,,,近隣商業地域,80.0,200.0,2016年第３四半期,改装済,,7.301029995663981
22017749,中古マンション等,,22135,静岡県,浜松市北区,三ヶ日町都筑,東都筑,21,,25,,,,昭和49年,ＳＲＣ,住宅,住宅,,,,市街化調整区域,60.0,200.0,2016年第４四半期,,,5.6020599913279625
22083934,中古マンション等,,22102,静岡県,静岡市駿河区,西中原,静岡,25,１ＤＫ,50,,,,昭和48年,ＳＲＣ,住宅,,,,,近隣商業地域,80.0,200.0,2009年第４四半期,未改装,,6.672097857935717
22111169,中古マンション等,,22210,静岡県,富士市,中之郷,富士川,8,３ＬＤＫ,70,,,,平成14年,ＲＣ,住宅,,,,,第１種住居地域,60.0,200.0,2009年第４四半期,未改装,,7.0
22060118,中古マンション等,,22133,静岡県,浜松市西区,入野町,浜松,30分?60分,３ＬＤＫ,75,,,,平成15年,ＲＣ,住宅,,,,,第２種住居地域,60.0,200.0,2010年第３四半期,未改装,,7.342422680822207
22031683,中古マンション等,,22210,静岡県,富士市,水戸島,富士,11,３ＬＤＫ,80,,,,平成2年,ＳＲＣ,住宅,その他,,,,第２種住居地域,60.0,200.0,2020年第１四半期,未改装,,6.740362689494244
22007784,中古マンション等,,22103,静岡県,静岡市清水区,港町,新清水,20,４ＬＤＫ,95,,,,平成18年,ＲＣ,住宅,住宅,,,,準工業地域,60.0,200.0,2016年第３四半期,未改装,,7.3979400086720375
22009534,中古マンション等,,22131,静岡県,浜松市中区,城北,浜松,30分?60分,,75,,,,平成15年,ＲＣ,住宅,住宅,,,,第２種中高層住居専用地域,60.0,200.0,2017年第２四半期,改装済,,7.230448921378274
22066628,中古マンション等,,22102,静岡県,静岡市駿河区,八幡,静岡,20,３ＬＤＫ,70,,,,平成9年,ＲＣ,住宅,,,,,第２種住居地域,60.0,200.0,2012年第３四半期,未改装,,7.3222192947339195
22118716,中古マンション等,,22101,静岡県,静岡市葵区,常磐町,静岡,9,２ＬＤＫ,55,,,,平成10年,ＲＣ,住宅,,,,,商業地域,80.0,500.0,2007年第４四半期,,,7.278753600952829
22031283,中古マンション等,,22210,静岡県,富士市,本町,富士,5,４ＬＤＫ,85,,,,平成15年,ＳＲＣ,住宅,住宅,,,,商業地域,80.0,400.0,2019年第４四半期,未改装,,7.2552725051033065
22069670,中古マンション等,,22131,静岡県,浜松市中区,葵東,浜松,1H30?2H,３ＬＤＫ,75,,,,平成11年,ＲＣ,住宅,,,,,近隣商業地域,80.0,300.0,2012年第３四半期,未改装,,7.278753600952829
22011099,中古マンション等,,22131,静岡県,浜松市中区,東伊場,浜松,16,３ＬＤＫ,80,,,,昭和61年,ＳＲＣ,住宅,住宅,,,,近隣商業地域,80.0,300.0,2017年第２四半期,未改装,,6.886490725172482
22014676,中古マンション等,,22133,静岡県,浜松市西区,舞阪町弁天島,浜松,2H?,３ＬＤＫ,85,,,,平成14年,ＳＲＣ,,住宅,,,,商業地域,80.0,400.0,2018年第２四半期,未改装,,7.230448921378274
22033466,中古マンション等,,22211,静岡県,磐田市,東新町,御厨(静岡),20,３ＬＤＫ,60,,,,平成8年,ＳＲＣ,,住宅,,,,市街化調整区域,60.0,200.0,2020年第３四半期,未改装,,6.724275869600789
22058724,中古マンション等,,22102,静岡県,静岡市駿河区,南町,静岡,5,３ＬＤＫ,65,,,,,ＲＣ,住宅,住宅,,,,商業地域,80.0,400.0,2015年第２四半期,未改装,,7.447158031342219
22058574,中古マンション等,,22131,静岡県,浜松市中区,海老塚,浜松,9,１Ｋ,20,,,,平成4年,ＳＲＣ,住宅,,,,,商業地域,,,2011年第３四半期,改装済,,6.505149978319906
22001248,中古マンション等,,22101,静岡県,静岡市葵区,三番町,静岡,29,３ＬＤＫ,70,,,,昭和64年,,,住宅,,,,近隣商業地域,80.0,200.0,2020年第１四半期,未改装,,6.6127838567197355
22003141,中古マンション等,,22101,静岡県,静岡市葵区,竜南,静岡,30分?60分,２ＬＤＫ,60,,,,昭和52年,,住宅,住宅,,,,第２種中高層住居専用地域,60.0,200.0,2019年第３四半期,改装済,,6.812913356642856
22039066,中古マンション等,,22214,静岡県,藤枝市,駿河台,藤枝,30分?60分,３ＬＤＫ,70,,,,平成6年,,,住宅,,,,第１種中高層住居専用地域,60.0,200.0,2018年第１四半期,改装済,,7.079181246047625
22011312,中古マンション等,,22131,静岡県,浜松市中区,三組町,浜松,23,,60,,,,平成17年,,,住宅,,,,第１種住居地域,60.0,200.0,2019年第２四半期,,,7.0
22071177,中古マンション等,,22131,静岡県,浜松市中区,新津町,浜松,30分?60分,４ＬＤＫ,85,,,,平成13年,ＲＣ,住宅,,,,,第１種住居地域,60.0,200.0,2012年第４四半期,未改装,,7.301029995663981
22054316,中古マンション等,,22131,静岡県,浜松市中区,上島,浜松,30分?60分,３ＬＤＫ,60,,,,平成6年,ＲＣ,住宅,住宅,,,,第１種住居地域,60.0,200.0,2014年第１四半期,未改装,,6.977723605288848
22013033,中古マンション等,,22132,静岡県,浜松市東区,天龍川町,天竜川,1,３ＬＤＫ,75,,,,平成5年,ＳＲＣ,住宅,その他,,,,近隣商業地域,80.0,300.0,2016年第４四半期,未改装,,7.113943352306837
22017732,中古マンション等,,22135,静岡県,浜松市北区,三ヶ日町都筑,都筑,30分?60分,１ＬＤＫ,45,,,,平成2年,ＳＲＣ,住宅,住宅,,,,市街化調整区域,60.0,200.0,2016年第１四半期,改装済,,6.7558748556724915
22069788,中古マンション等,,22101,静岡県,静岡市葵区,瀬名川,静岡,1H?1H30,３ＬＤＫ,80,,,,平成15年,ＲＣ,住宅,,,,,第２種中高層住居専用地域,60.0,200.0,2013年第１四半期,未改装,,7.079181246047625
22061322,中古マンション等,,22131,静岡県,浜松市中区,海老塚,浜松,10,２ＬＤＫ,65,,,,,ＳＲＣ,住宅,住宅,,,,第１種住居地域,60.0,200.0,2015年第２四半期,未改装,,6.447158031342219
22006021,中古マンション等,,22103,静岡県,静岡市清水区,永楽町,清水(静岡),16,３ＬＤＫ,70,,,,,ＲＣ,住宅,住宅,,,,工業地域,60.0,200.0,2016年第２四半期,,,7.230448921378274
22010992,中古マンション等,,22131,静岡県,浜松市中区,八幡町,浜松,19,４ＬＤＫ,90,,,,平成28年,ＲＣ,,住宅,,,,商業地域,80.0,400.0,2019年第３四半期,未改装,,7.633468455579586
22118263,中古マンション等,,22101,静岡県,静岡市葵区,駒形通,静岡,,３ＬＤＫ,70,,,,平成3年,,住宅,,,,,,,,2007年第１四半期,,,7.146128035678238
22017676,中古マンション等,,22135,静岡県,浜松市北区,三ヶ日町都筑,都筑,19,２ＤＫ,50,,,,平成2年,ＳＲＣ,,住宅,,,,市街化調整区域,60.0,200.0,2018年第３四半期,未改装,,6.633468455579586
22106814,中古マンション等,,22210,静岡県,富士市,水戸島本町,富士,6,１Ｋ,15,,,,平成4年,ＳＲＣ,住宅,,,,,近隣商業地域,80.0,300.0,2013年第４四半期,改装済,,6.380211241711606
22053306,中古マンション等,,22102,静岡県,静岡市駿河区,高松,静岡,1H?1H30,３ＬＤＫ,65,,,,,ＲＣ,住宅,,,,,第１種中高層住居専用地域,60.0,150.0,2010年第１四半期,改装済,,7.113943352306837
22068898,中古マンション等,,22203,静岡県,沼津市,大岡,沼津,13,３ＬＤＫ,75,,,,平成15年,ＳＲＣ,住宅,,,,,近隣商業地域,80.0,300.0,2011年第４四半期,改装済,,7.3222192947339195
22065484,中古マンション等,,22203,静岡県,沼津市,市場町,沼津,13,３ＬＤＫ,75,,,,平成18年,ＲＣ,住宅,,,,,近隣商業地域,80.0,200.0,2010年第１四半期,未改装,,7.361727836017593
22057374,中古マンション等,,22103,静岡県,静岡市清水区,千歳町,清水(静岡),18,３ＬＤＫ,65,,,,平成19年,ＲＣ,住宅,,,,,商業地域,,,2011年第２四半期,未改装,,7.230448921378274
22011231,中古マンション等,,22131,静岡県,浜松市中区,広沢,浜松,30分?60分,２ＬＤＫ,90,,,,平成13年,ＲＣ,住宅,住宅,,,,第１種中高層住居専用地域,60.0,200.0,2018年第４四半期,改装済,,7.447158031342219
22051520,中古マンション等,,22101,静岡県,静岡市葵区,川辺町,静岡,14,１Ｒ,25,,,,平成2年,ＳＲＣ,住宅,,,,,商業地域,80.0,400.0,2010年第１四半期,改装済,,6.623249290397901
22058704,中古マンション等,,22133,静岡県,浜松市西区,雄踏,浜松,1H30?2H,４ＬＤＫ,80,,,,平成19年,ＲＣ,住宅,住宅,,,,準住居地域,60.0,200.0,2014年第４四半期,未改装,,7.278753600952829
22058344,中古マンション等,,22131,静岡県,浜松市中区,松城町,浜松,18,３ＬＤＫ,110,,,,平成14年,ＲＣ,住宅,,,,,近隣商業地域,80.0,300.0,2010年第３四半期,未改装,,7.698970004336019
22075811,中古マンション等,,22210,静岡県,富士市,水戸島本町,富士,6,１Ｋ,15,,,,平成4年,ＳＲＣ,住宅,住宅,,,,近隣商業地域,80.0,300.0,2014年第２四半期,,,6.301029995663981
22013801,中古マンション等,,22133,静岡県,浜松市西区,入野町,浜松,1H?1H30,２ＬＤＫ,65,,,,平成6年,ＲＣ,住宅,住宅,,,,市街化調整区域,60.0,200.0,2016年第４四半期,未改装,,6.977723605288848
22065725,中古マンション等,,22132,静岡県,浜松市東区,原島町,天竜川,21,２ＬＤＫ,65,,,,平成3年,ＲＣ,住宅,住宅,,,,第１種住居地域,60.0,200.0,2015年第１四半期,未改装,,6.944482672150168
22004073,中古マンション等,,22102,静岡県,静岡市駿河区,下川原,安倍川,20,３ＬＤＫ,60,,,,平成7年,ＲＣ,住宅,住宅,,,,第２種中高層住居専用地域,60.0,200.0,2016年第１四半期,改装済,,7.2552725051033065
22002858,中古マンション等,,22101,静岡県,静岡市葵区,緑町,静岡,28,３ＬＤＫ,75,,,,平成21年,ＲＣ,住宅,住宅,,,,第２種中高層住居専用地域,60.0,200.0,2016年第３四半期,未改装,,7.531478917042255
22003726,中古マンション等,,22102,静岡県,静岡市駿河区,小鹿,東静岡,16,３ＬＤＫ,70,,,,平成12年,ＲＣ,,住宅,,,,近隣商業地域,80.0,200.0,2018年第２四半期,未改装,,7.204119982655925
22012557,中古マンション等,,22132,静岡県,浜松市東区,小池町,自動車学校前,6,３ＬＤＫ,75,,,,平成4年,,住宅,住宅,,,,準工業地域,60.0,200.0,2019年第３四半期,改装済,,7.041392685158225
22052354,中古マンション等,,22101,静岡県,静岡市葵区,本通,静岡,15,オープンフロア,90,,,,平成11年,ＳＲＣ,事務所,,,,,商業地域,80.0,500.0,2010年第３四半期,未改装,,7.2552725051033065
22009092,中古マンション等,,22131,静岡県,浜松市中区,北寺島町,浜松,14,１Ｋ,25,,,,平成2年,,住宅,住宅,,,,商業地域,80.0,500.0,2017年第４四半期,未改装,,6.4623979978989565
22020328,中古マンション等,,22203,静岡県,沼津市,大岡,沼津,18,３ＬＤＫ,75,,,,平成7年,ＲＣ,住宅,住宅,,,,第２種住居地域,60.0,200.0,2018年第２四半期,改装済,,7.041392685158225
22059766,中古マンション等,,22132,静岡県,浜松市東区,半田山,浜松,1H30?2H,３ＬＤＫ,70,,,,平成14年,ＲＣ,住宅,,,,,第２種中高層住居専用地域,60.0,200.0,2010年第４四半期,未改装,,7.041392685158225
22008564,中古マンション等,,22131,静岡県,浜松市中区,板屋町,浜松,8,３ＬＤＫ,70,,,,平成13年,ＲＣ,,住宅,,,,商業地域,80.0,400.0,2017年第４四半期,未改装,,7.3979400086720375
22051617,中古マンション等,,22101,静岡県,静岡市葵区,北安東,静岡,30分?60分,３ＬＤＫ,80,,,,平成22年,ＲＣ,住宅,,,,,第１種中高層住居専用地域,60.0,200.0,2010年第２四半期,未改装,,7.491361693834273
22005474,中古マンション等,,22102,静岡県,静岡市駿河区,南町,静岡,2,３ＬＤＫ,70,,,,平成15年,鉄骨造,住宅,住宅,,,,商業地域,80.0,400.0,2017年第１四半期,,,7.633468455579586
22122598,中古マンション等,,22131,静岡県,浜松市中区,中央,浜松,10,４ＬＤＫ,95,,,,平成13年,ＲＣ,住宅,,,,,近隣商業地域,80.0,300.0,2007年第４四半期,未改装,,7.447158031342219
22122435,中古マンション等,,22131,静岡県,浜松市中区,助信町,浜松,22,３ＬＤＫ,100,,,,平成16年,ＲＣ,住宅,,,,,商業地域,80.0,400.0,2008年第３四半期,改装済,,7.568201724066995
22004240,中古マンション等,,22102,静岡県,静岡市駿河区,津島町,静岡,30分?60分,２ＬＤＫ,65,,,,平成18年,ＲＣ,住宅,住宅,,,,準工業地域,60.0,200.0,2017年第３四半期,,,7.278753600952829
22013479,中古マンション等,,22132,静岡県,浜松市東区,宮竹町,浜松,30分?60分,２ＬＤＫ,50,,,,昭和62年,ＲＣ,,住宅,,,,第１種住居地域,60.0,200.0,2018年第４四半期,未改装,,6.778151250383644
22064592,中古マンション等,,22132,静岡県,浜松市東区,有玉南町,浜松,1H?1H30,３ＬＤＫ,70,,,,平成3年,ＳＲＣ,住宅,住宅,,,,市街化調整区域,60.0,200.0,2015年第２四半期,改装済,,7.146128035678238
22063445,中古マンション等,,22133,静岡県,浜松市西区,舞阪町弁天島,弁天島,13,３ＬＤＫ,60,,,,昭和49年,ＲＣ,住宅,,,,,第１種住居地域,60.0,200.0,2011年第１四半期,未改装,,6.301029995663981
22057948,中古マンション等,,22133,静岡県,浜松市西区,入野町,浜松,1H?1H30,３ＬＤＫ,65,,,,平成6年,ＲＣ,住宅,住宅,,,,市街化調整区域,60.0,200.0,2014年第４四半期,未改装,,7.0
22038222,中古マンション等,,22213,静岡県,掛川市,連雀,掛川,5,３ＬＤＫ,70,,,,平成9年,ＳＲＣ,住宅,住宅,,,,商業地域,80.0,400.0,2016年第２四半期,未改装,,7.204119982655925
22039904,中古マンション等,,22214,静岡県,藤枝市,前島,藤枝,6,４ＬＤＫ,75,,,,平成22年,,,住宅,,,,第２種住居地域,60.0,200.0,2019年第４四半期,未改装,,7.380211241711606
22056749,中古マンション等,,22131,静岡県,浜松市中区,鴨江,浜松,30分?60分,３ＤＫ,55,,,,昭和50年,ＲＣ,住宅,,,,,第２種中高層住居専用地域,,,2010年第３四半期,改装済,,6.653212513775344
22017437,中古マンション等,,22135,静岡県,浜松市北区,三ヶ日町大崎,都筑,30分?60分,３ＬＤＫ,85,,,,昭和61年,ＲＣ,住宅,住宅,,,,市街化調整区域,60.0,200.0,2020年第１四半期,改装済,,7.113943352306837
22071887,中古マンション等,,22131,静岡県,浜松市中区,田町,浜松,8,１ＬＤＫ,70,,,,平成18年,ＲＣ,住宅,,,,,商業地域,80.0,600.0,2012年第４四半期,未改装,,7.556302500767287
22033856,中古マンション等,,22211,静岡県,磐田市,中泉,磐田,15,３ＬＤＫ,75,,,,平成21年,ＲＣ,住宅,,,,,第２種中高層住居専用地域,60.0,150.0,2016年第２四半期,未改装,,7.146128035678238
22103604,中古マンション等,,22203,静岡県,沼津市,志下,沼津,30分?60分,２ＤＫ,50,,,,平成5年,ＲＣ,住宅,,,,,準工業地域,60.0,200.0,2009年第２四半期,,,6.740362689494244
22080334,中古マンション等,,22135,静岡県,浜松市北区,三ヶ日町都筑,都筑,20,１ＬＤＫ,70,,,,平成2年,ＳＲＣ,住宅,,,,,市街化調整区域,60.0,200.0,2012年第３四半期,未改装,,6.6020599913279625
22094682,中古マンション等,,22203,静岡県,沼津市,庄栄町,沼津,13,３ＬＤＫ,70,,,,平成4年,ＳＲＣ,住宅,,,,,準住居地域,60.0,200.0,2013年第４四半期,,,7.2552725051033065
22031284,中古マンション等,,22210,静岡県,富士市,本町,富士,2,４ＬＤＫ,85,,,,平成15年,ＲＣ,住宅,住宅,,,,商業地域,80.0,400.0,2018年第１四半期,未改装,,7.278753600952829
22068495,中古マンション等,,22134,静岡県,浜松市南区,楊子町,浜松,19,３ＬＤＫ,70,,,,平成13年,ＲＣ,住宅,,,,,第１種住居地域,60.0,200.0,2015年第１四半期,未改装,調停・競売等,6.963787827345556
22125403,中古マンション等,,22203,静岡県,沼津市,大岡,沼津,21,４ＬＤＫ,85,,,,昭和64年,ＲＣ,住宅,,,,,準工業地域,60.0,200.0,2008年第１四半期,,,7.079181246047625
22003436,中古マンション等,,22102,静岡県,静岡市駿河区,稲川,静岡,8,３ＬＤＫ,65,,,,,,,住宅,,,,,,,2018年第２四半期,未改装,,7.491361693834273
22089714,中古マンション等,,22131,静岡県,浜松市中区,鴨江,浜松,30分?60分,３ＬＤＫ,55,,,,昭和50年,ＳＲＣ,住宅,,,,,第２種中高層住居専用地域,60.0,200.0,2009年第２四半期,未改装,,6.698970004336019
22084780,中古マンション等,,22203,静岡県,沼津市,大手町,沼津,4,３ＬＤＫ,90,,,,平成19年,ＲＣ,住宅,,,,,商業地域,80.0,500.0,2012年第４四半期,改装済,,7.518513939877887
22106816,中古マンション等,,22210,静岡県,富士市,水戸島本町,富士,6,１Ｋ,15,,,,平成4年,ＳＲＣ,住宅,,,,,近隣商業地域,80.0,300.0,2013年第３四半期,,,6.230448921378274
22061494,中古マンション等,,22131,静岡県,浜松市中区,上島,浜松,30分?60分,３ＬＤＫ,80,,,,平成12年,ＲＣ,住宅,住宅,,,,第１種中高層住居専用地域,60.0,200.0,2015年第３四半期,改装済,,7.113943352306837
22007142,中古マンション等,,22103,静岡県,静岡市清水区,辻,清水(静岡),3,３ＬＤＫ,105,,,,平成13年,,,住宅,,,,商業地域,80.0,500.0,2020年第２四半期,未改装,,7.301029995663981
22118924,中古マンション等,,22101,静岡県,静岡市葵区,東千代田,東静岡,,３ＬＤＫ,55,,,,平成3年,ＲＣ,住宅,,,,,,,,2006年第３四半期,未改装,,7.0
22050858,中古マンション等,,22101,静岡県,静岡市葵区,北安東,静岡,30分?60分,３ＬＤＫ,70,,,,平成22年,ＲＣ,住宅,住宅,,,,第１種中高層住居専用地域,60.0,200.0,2014年第４四半期,未改装,,7.204119982655925
22076277,中古マンション等,,22103,静岡県,静岡市清水区,庄福町,清水(静岡),30分?60分,２ＬＤＫ,55,,,,昭和49年,ＲＣ,住宅,,,,,第１種中高層住居専用地域,60.0,200.0,2013年第２四半期,改装済,,6.812913356642856
22060090,中古マンション等,,22103,静岡県,静岡市清水区,千歳町,清水(静岡),16,３ＬＤＫ,70,,,,平成8年,ＲＣ,住宅,住宅,,,,商業地域,80.0,400.0,2015年第１四半期,未改装,調停・競売等,6.8061799739838875
22039534,中古マンション等,,22214,静岡県,藤枝市,田沼,藤枝,8,３ＬＤＫ,90,,,,平成20年,ＲＣ,住宅,住宅,,,,第２種住居地域,60.0,200.0,2017年第４四半期,未改装,,7.342422680822207
22119945,中古マンション等,,22102,静岡県,静岡市駿河区,登呂,静岡,,３ＬＤＫ,70,,,,平成12年,ＲＣ,住宅,,,,,第２種中高層住居専用地域,60.0,200.0,2007年第１四半期,未改装,,7.3222192947339195
22118192,中古マンション等,,22101,静岡県,静岡市葵区,沓谷,静岡,30分?60分,３ＬＤＫ,80,,,,平成13年,ＲＣ,住宅,,,,,第２種中高層住居専用地域,60.0,200.0,2008年第４四半期,改装済,,7.431363764158987
22057069,中古マンション等,,22132,静岡県,浜松市東区,神立町,浜松,30分?60分,２ＬＤＫ,70,,,,平成8年,ＲＣ,住宅,住宅,,,,第１種住居地域,60.0,200.0,2014年第３四半期,未改装,,7.113943352306837
22062957,中古マンション等,,22135,静岡県,浜松市北区,三ヶ日町大崎,都筑,30分?60分,２ＬＤＫ,70,,,,平成2年,ＳＲＣ,住宅,,,,,市街化調整区域,60.0,200.0,2010年第３四半期,,,6.826074802700826
22050789,中古マンション等,,22101,静岡県,静岡市葵区,春日,静岡,23,２ＬＤＫ,65,,,,昭和47年,ＳＲＣ,住宅,住宅,,,,第２種住居地域,60.0,200.0,2014年第２四半期,未改装,,6.643452676486188
22010765,中古マンション等,,22131,静岡県,浜松市中区,西伊場町,浜松,30分?60分,２ＬＤＫ,65,,,,,,住宅,住宅,,,,第１種中高層住居専用地域,60.0,200.0,2019年第２四半期,改装済,,6.799340549453582
22050903,中古マンション等,,22101,静岡県,静岡市葵区,駒形通,静岡,15,３ＬＤＫ,65,,,,平成10年,ＳＲＣ,住宅,,,,,商業地域,80.0,400.0,2014年第１四半期,改装済,,7.278753600952829
22069936,中古マンション等,,22135,静岡県,浜松市北区,三ヶ日町下尾奈,尾奈,18,,25,,,,昭和56年,ＲＣ,その他,,,,,市街化調整区域,60.0,200.0,2015年第１四半期,未改装,,6.278753600952829
22106291,中古マンション等,,22206,静岡県,三島市,南田町,三島,21,２ＬＤＫ,60,,,,平成9年,ＲＣ,住宅,,,,,第１種住居地域,60.0,200.0,2009年第３四半期,未改装,,7.230448921378274
22011365,中古マンション等,,22131,静岡県,浜松市中区,元浜町,八幡(静岡),4,１Ｋ,15,,,,,,,住宅,,,,商業地域,80.0,400.0,2020年第１四半期,,,7.041392685158225
22008337,中古マンション等,,22131,静岡県,浜松市中区,葵西,浜松,1H30?2H,３ＬＤＫ,70,,,,平成5年,ＳＲＣ,住宅,住宅,,,,第１種住居地域,60.0,200.0,2016年第３四半期,未改装,,7.113943352306837
22062420,中古マンション等,,22131,静岡県,浜松市中区,住吉,浜松,30分?60分,３ＬＤＫ,55,,,,昭和50年,ＲＣ,住宅,住宅,,,,第２種住居地域,60.0,200.0,2015年第２四半期,未改装,,6.4623979978989565
22076993,中古マンション等,,22206,静岡県,三島市,徳倉,三島,30分?60分,３ＬＤＫ,85,,,,平成3年,ＳＲＣ,住宅,住宅,,,,第１種中高層住居専用地域,60.0,200.0,2015年第１四半期,未改装,,7.176091259055681
22055393,中古マンション等,,22101,静岡県,静岡市葵区,駒形通,静岡,14,２ＬＤＫ,55,,,,平成10年,ＳＲＣ,住宅,住宅,,,,商業地域,80.0,400.0,2015年第３四半期,未改装,,7.278753600952829
22008559,中古マンション等,,22131,静岡県,浜松市中区,板屋町,浜松,8,３ＬＤＫ,100,,,,平成20年,ＲＣ,住宅,住宅,,,,商業地域,80.0,400.0,2018年第２四半期,未改装,,7.623249290397901
22052952,中古マンション等,,22101,静岡県,静岡市葵区,北安東,静岡,30分?60分,４ＬＤＫ,100,,,,平成21年,ＲＣ,住宅,,,,,第２種中高層住居専用地域,60.0,200.0,2011年第３四半期,改装済,,7.643452676486188
22009546,中古マンション等,,22131,静岡県,浜松市中区,新津町,助信,5,３ＬＤＫ,65,,,,平成8年,ＲＣ,住宅,住宅,,,,第１種住居地域,60.0,200.0,2017年第３四半期,未改装,,7.113943352306837
22056608,中古マンション等,,22131,静岡県,浜松市中区,上島,浜松,1H?1H30,４ＬＤＫ,95,,,,平成15年,ＳＲＣ,住宅,,,,,第１種住居地域,60.0,200.0,2010年第１四半期,未改装,,7.431363764158987
22125402,中古マンション等,,22203,静岡県,沼津市,大岡,沼津,26,４ＬＤＫ,80,,,,平成15年,ＳＲＣ,住宅,,,,,準住居地域,60.0,200.0,2008年第１四半期,未改装,,7.414973347970818
22063323,中古マンション等,,22203,静岡県,沼津市,江原町,沼津,22,３ＬＤＫ,75,,,,平成8年,ＲＣ,住宅,住宅,,,,第１種住居地域,60.0,200.0,2014年第３四半期,未改装,,7.230448921378274
22120555,中古マンション等,,22102,静岡県,静岡市駿河区,用宗,用宗,2,４ＬＤＫ,90,,,,平成9年,ＲＣ,住宅,,,,,近隣商業地域,80.0,300.0,2007年第２四半期,改装済,,7.278753600952829
22060077,中古マンション等,,22103,静岡県,静岡市清水区,千歳町,清水(静岡),16,２ＬＤＫ,65,,,,平成8年,ＲＣ,住宅,住宅,,,,商業地域,80.0,400.0,2015年第４四半期,改装済,,7.041392685158225
22032907,中古マンション等,,22211,静岡県,磐田市,上本郷,豊田町,1,３ＬＤＫ,70,,,,平成9年,ＳＲＣ,住宅,住宅,,,,近隣商業地域,80.0,200.0,2017年第１四半期,未改装,,7.230448921378274
22085681,中古マンション等,,22203,静岡県,沼津市,杉崎町,沼津,19,２ＬＤＫ,55,,,,昭和57年,ＲＣ,住宅,,,,,第２種住居地域,60.0,200.0,2012年第４四半期,未改装,,6.778151250383644
22117772,中古マンション等,,22101,静岡県,静岡市葵区,安東,静岡,30分?60分,３ＬＤＫ,75,,,,昭和62年,ＲＣ,住宅,,,,,第２種中高層住居専用地域,60.0,200.0,2008年第３四半期,未改装,,7.146128035678238
22031749,中古マンション等,,22210,静岡県,富士市,水戸島元町,富士,5,３ＤＫ,55,,,,昭和56年,ＳＲＣ,住宅,住宅,,,,商業地域,80.0,400.0,2017年第１四半期,未改装,,6.447158031342219
22061696,中古マンション等,,22131,静岡県,浜松市中区,鴨江,浜松,27,３ＬＤＫ,60,,,,平成8年,ＲＣ,住宅,住宅,,,,第１種中高層住居専用地域,60.0,200.0,2015年第４四半期,未改装,,6.869231719730976
22087822,中古マンション等,,22210,静岡県,富士市,水戸島,富士,10,３ＬＤＫ＋Ｓ,90,,,,昭和64年,ＳＲＣ,住宅,住宅,,,,第２種住居地域,60.0,200.0,2015年第３四半期,未改装,,6.982271233039568
22009135,中古マンション等,,22131,静岡県,浜松市中区,紺屋町,浜松,11,３ＬＤＫ,90,,,,平成26年,ＲＣ,住宅,住宅,,,,商業地域,80.0,500.0,2016年第２四半期,未改装,,7.5910646070264995
22118053,中古マンション等,,22101,静岡県,静岡市葵区,川辺町,静岡,14,１ＤＫ,35,,,,平成2年,ＳＲＣ,住宅,,,,,商業地域,80.0,400.0,2008年第２四半期,未改装,,6.748188027006201
22055117,中古マンション等,,22131,静岡県,浜松市中区,高丘東,浜松,1H30?2H,３ＬＤＫ,55,,,,,ＳＲＣ,住宅,,,,,工業地域,60.0,200.0,2014年第１四半期,未改装,,6.903089986991944
22103091,中古マンション等,,22203,静岡県,沼津市,大岡,沼津,13,３ＬＤＫ,70,,,,平成15年,ＳＲＣ,住宅,,,,,準工業地域,60.0,200.0,2009年第１四半期,未改装,,7.342422680822207
22084627,中古マンション等,,22203,静岡県,沼津市,大岡,沼津,1H?1H30,２ＬＤＫ,60,,,,平成11年,ＲＣ,住宅,,,,,第２種中高層住居専用地域,60.0,150.0,2012年第１四半期,改装済,,7.113943352306837
22069846,中古マンション等,,22135,静岡県,浜松市北区,三ヶ日町大崎,都筑,30分?60分,１ＬＤＫ,55,,,,平成3年,ＳＲＣ,住宅,その他,,,,市街化調整区域,60.0,200.0,2015年第１四半期,未改装,,6.707570176097937
22079921,中古マンション等,,22101,静岡県,静岡市葵区,鷹匠,静岡,11,３ＬＤＫ,95,,,,平成17年,ＳＲＣ,住宅,,,,,商業地域,80.0,400.0,2009年第３四半期,未改装,,7.672097857935717
22075805,中古マンション等,,22210,静岡県,富士市,水戸島本町,富士,5,１ＤＫ,25,,,,平成4年,ＳＲＣ,住宅,住宅,,,,近隣商業地域,80.0,300.0,2014年第４四半期,未改装,,6.531478917042255
22060748,中古マンション等,,22135,静岡県,浜松市北区,三ヶ日町大崎,東都筑,30分?60分,２ＬＤＫ,75,,,,平成2年,ＳＲＣ,住宅,住宅,,,,市街化調整区域,60.0,200.0,2014年第４四半期,未改装,,6.857332496431268
22051586,中古マンション等,,22101,静岡県,静岡市葵区,北安東,静岡,30分?60分,３ＬＤＫ,80,,,,平成22年,ＲＣ,住宅,,,,,第１種中高層住居専用地域,60.0,200.0,2010年第４四半期,未改装,,7.477121254719663
22130070,中古マンション等,,22212,静岡県,焼津市,栄町,焼津,3,３ＬＤＫ,65,,,,平成9年,ＲＣ,住宅,,,,,準工業地域,60.0,200.0,2007年第４四半期,未改装,,7.230448921378274
22051378,中古マンション等,,22101,静岡県,静岡市葵区,大岩,静岡,30分?60分,３ＬＤＫ,55,,,,昭和50年,ＲＣ,住宅,,,,,第１種住居地域,60.0,200.0,2010年第４四半期,未改装,,6.838849090737256
22080537,中古マンション等,,22131,静岡県,浜松市中区,寺島町,浜松,11,３ＤＫ,55,,,,,ＳＲＣ,住宅,,,,,近隣商業地域,80.0,300.0,2013年第１四半期,改装済,,6.8061799739838875
22005679,中古マンション等,,22102,静岡県,静岡市駿河区,森下町,静岡,6,１ＬＤＫ,45,,,,昭和56年,ＲＣ,住宅,住宅,,,,商業地域,80.0,400.0,2017年第２四半期,改装済,,6.991226075692495
22053686,中古マンション等,,22102,静岡県,静岡市駿河区,聖一色,東静岡,19,３ＬＤＫ,70,,,,昭和50年,ＲＣ,住宅,,,,,第２種中高層住居専用地域,60.0,200.0,2010年第１四半期,未改装,,6.7160033436347994
22123040,中古マンション等,,22131,静岡県,浜松市中区,和地山,浜松,30分?60分,２ＤＫ,40,,,,昭和49年,ＳＲＣ,住宅,,,,,第２種中高層住居専用地域,60.0,200.0,2008年第２四半期,未改装,,6.361727836017593
22121734,中古マンション等,,22103,静岡県,静岡市清水区,松原町,清水(静岡),,３ＬＤＫ,80,,,,平成18年,,住宅,,,,,商業地域,80.0,400.0,2006年第２四半期,未改装,,7.431363764158987
22106316,中古マンション等,,22214,静岡県,藤枝市,駅前,藤枝,8,２ＬＤＫ,70,,,,平成19年,ＲＣ,住宅,,,,,商業地域,80.0,400.0,2012年第２四半期,未改装,,7.301029995663981
22079497,中古マンション等,,22210,静岡県,富士市,横割,富士,10,３ＬＤＫ,80,,,,平成12年,ＲＣ,住宅,,,,,第２種住居地域,60.0,200.0,2010年第４四半期,未改装,,7.2552725051033065
22070161,中古マンション等,,22203,静岡県,沼津市,西沢田,沼津,30分?60分,２ＬＤＫ,70,,,,昭和64年,ＲＣ,住宅,,,,,工業地域,60.0,200.0,2011年第３四半期,改装済,,6.919078092376074
22005488,中古マンション等,,22102,静岡県,静岡市駿河区,南町,静岡,6,２ＬＤＫ,90,,,,平成21年,ＲＣ,住宅,住宅,,,,商業地域,80.0,400.0,2016年第１四半期,改装済,,7.662757831681574
22030544,中古マンション等,,22210,静岡県,富士市,伝法,富士,30分?60分,３ＬＤＫ,65,,,,平成5年,ＲＣ,住宅,住宅,,,,第１種住居地域,60.0,200.0,2019年第３四半期,未改装,,6.886490725172482
22121472,中古マンション等,,22103,静岡県,静岡市清水区,千歳町,清水(静岡),,３ＬＤＫ,65,,,,昭和62年,,住宅,,,,,,,,2006年第４四半期,未改装,,7.041392685158225
22009889,中古マンション等,,22131,静岡県,浜松市中区,高丘北,浜松,1H30?2H,３ＬＤＫ,85,,,,平成3年,ＲＣ,住宅,住宅,,,,第１種住居地域,60.0,200.0,2016年第４四半期,改装済,,7.113943352306837
22054214,中古マンション等,,22131,静岡県,浜松市中区,上島,上島,5,３ＬＤＫ,95,,,,平成15年,ＳＲＣ,住宅,住宅,,,,第１種住居地域,60.0,200.0,2014年第２四半期,改装済,,7.3979400086720375
22122281,中古マンション等,,22131,静岡県,浜松市中区,幸,浜松,1H?1H30,３ＬＤＫ,70,,,,平成11年,ＲＣ,住宅,,,,,第１種住居地域,60.0,200.0,2008年第３四半期,改装済,,7.230448921378274
22106238,中古マンション等,,22206,静岡県,三島市,本町,三島広小路,3,２ＬＤＫ,85,,,,,ＲＣ,住宅,,,,,商業地域,80.0,400.0,2009年第２四半期,未改装,,7.505149978319906
22053705,中古マンション等,,22101,静岡県,静岡市葵区,常磐町,静岡,8,１ＤＫ,30,,,,平成9年,ＳＲＣ,住宅,,,,,商業地域,80.0,500.0,2011年第４四半期,改装済,,6.8750612633917
22039061,中古マンション等,,22214,静岡県,藤枝市,駿河台,藤枝,29,３ＬＤＫ,75,,,,,ＲＣ,,住宅,,,,第１種中高層住居専用地域,60.0,200.0,2020年第２四半期,未改装,,6.698970004336019
22103190,中古マンション等,,22203,静岡県,沼津市,大手町,沼津,1,２ＬＤＫ,80,,,,平成20年,ＲＣ,住宅,,,,,商業地域,80.0,500.0,2009年第２四半期,改装済,,7.5910646070264995
22060858,中古マンション等,,22131,静岡県,浜松市中区,和合町,浜松,1H?1H30,２ＬＤＫ,70,,,,平成16年,ＲＣ,住宅,,,,,第１種低層住居専用地域,40.0,60.0,2011年第４四半期,未改装,調停・競売等,7.176091259055681
22056779,中古マンション等,,22132,静岡県,浜松市東区,大瀬町,浜松,1H30?2H,３ＬＤＫ,75,,,,,ＲＣ,住宅,住宅,,,,市街化調整区域,60.0,200.0,2014年第２四半期,未改装,,6.99563519459755
22062026,中古マンション等,,22131,静岡県,浜松市中区,佐藤,浜松,30分?60分,３ＬＤＫ,100,,,,平成14年,ＳＲＣ,住宅,住宅,,,,近隣商業地域,80.0,200.0,2015年第２四半期,未改装,,7.230448921378274
22054535,中古マンション等,,22102,静岡県,静岡市駿河区,小黒,静岡,20,３ＬＤＫ,70,,,,昭和63年,ＲＣ,住宅,,,,,準工業地域,60.0,200.0,2011年第４四半期,未改装,,7.079181246047625
22066941,中古マンション等,,22133,静岡県,浜松市西区,舞阪町弁天島,弁天島,13,２ＤＫ,45,,,,昭和49年,ＲＣ,住宅,住宅,,,,第１種住居地域,60.0,200.0,2015年第３四半期,改装済,,6.301029995663981
22052379,中古マンション等,,22102,静岡県,静岡市駿河区,八幡,静岡,18,３ＬＤＫ,80,,,,平成12年,ＲＣ,住宅,住宅,,,,第２種住居地域,60.0,200.0,2014年第４四半期,改装済,,7.301029995663981
22080365,中古マンション等,,22135,静岡県,浜松市北区,三ヶ日町都筑,都筑,20,１ＬＤＫ,50,,,,平成2年,ＳＲＣ,住宅,,,,,市街化調整区域,60.0,200.0,2012年第２四半期,未改装,,6.544068044350276
22071210,中古マンション等,,22131,静岡県,浜松市中区,助信町,助信,9,２ＬＤＫ,75,,,,平成21年,ＲＣ,住宅,,,,,商業地域,80.0,400.0,2012年第１四半期,未改装,,7.361727836017593
22011447,中古マンション等,,22131,静岡県,浜松市中区,山手町,浜松,30分?60分,２ＬＤＫ,65,,,,昭和48年,ＲＣ,住宅,住宅,,,,第１種中高層住居専用地域,60.0,200.0,2018年第４四半期,未改装,,6.6020599913279625
22014697,中古マンション等,,22133,静岡県,浜松市西区,舞阪町弁天島,弁天島,2,２ＬＤＫ,55,,,,昭和51年,ＳＲＣ,住宅,住宅,,,,商業地域,80.0,400.0,2019年第２四半期,改装済,,6.763427993562937
22008309,中古マンション等,,22131,静岡県,浜松市中区,葵西,浜松,1H30?2H,,65,,,,平成4年,ＲＣ,住宅,住宅,,,,工業地域,60.0,200.0,2018年第２四半期,未改装,,6.892094602690481
22122120,中古マンション等,,22131,静岡県,浜松市中区,板屋町,浜松,7,２ＬＤＫ,70,,,,平成18年,ＲＣ,住宅,,,,,商業地域,80.0,600.0,2008年第２四半期,未改装,,7.531478917042255
22121679,中古マンション等,,22103,静岡県,静岡市清水区,半左衛門新田,草薙(ＪＲ),26,３ＬＤＫ,80,,,,昭和57年,ＳＲＣ,住宅,,,,,準住居地域,60.0,200.0,2007年第２四半期,未改装,,6.949390006644912
22069825,中古マンション等,,22135,静岡県,浜松市北区,三ヶ日町大崎,都筑,29,１Ｒ,45,,,,昭和63年,ＳＲＣ,住宅,その他,,,,市街化調整区域,60.0,200.0,2015年第４四半期,未改装,,6.176091259055681
22075869,中古マンション等,,22133,静岡県,浜松市西区,入野町,浜松,1H?1H30,３ＬＤＫ,65,,,,平成21年,ＲＣ,住宅,,,,,第１種中高層住居専用地域,60.0,200.0,2012年第４四半期,未改装,,7.301029995663981
22125455,中古マンション等,,22203,静岡県,沼津市,大手町,沼津,6,２ＬＤＫ,65,,,,昭和64年,鉄骨造,住宅,,,,,商業地域,80.0,500.0,2008年第４四半期,未改装,,6.991226075692495
22010184,中古マンション等,,22131,静岡県,浜松市中区,中央,浜松,14,２ＬＤＫ,75,,,,平成16年,ＲＣ,住宅,住宅,,,,近隣商業地域,80.0,300.0,2019年第１四半期,未改装,,7.4623979978989565
22017713,中古マンション等,,22135,静岡県,浜松市北区,三ヶ日町都筑,都筑,30分?60分,１ＬＤＫ,70,,,,平成2年,ＳＲＣ,住宅,,,,,市街化調整区域,60.0,200.0,2016年第４四半期,未改装,,6.770852011642144
22089723,中古マンション等,,22131,静岡県,浜松市中区,鴨江,浜松,29,３ＬＤＫ,80,,,,平成8年,ＳＲＣ,住宅,,,,,第１種中高層住居専用地域,60.0,200.0,2009年第１四半期,未改装,,7.380211241711606
22005100,中古マンション等,,22102,静岡県,静岡市駿河区,曲金,東静岡,6,２ＬＤＫ,65,,,,,ＲＣ,,住宅,,,,商業地域,80.0,400.0,2018年第１四半期,,,7.4623979978989565
22010254,中古マンション等,,22131,静岡県,浜松市中区,寺島町,浜松,11,１Ｒ,20,,,,昭和64年,ＲＣ,,住宅,,,,近隣商業地域,80.0,300.0,2018年第４四半期,未改装,,6.380211241711606
22084489,中古マンション等,,22203,静岡県,沼津市,大岡,沼津,1H?1H30,３ＬＤＫ,60,,,,平成11年,ＲＣ,住宅,,,,,第２種中高層住居専用地域,60.0,150.0,2012年第４四半期,未改装,調停・競売等,6.832508912706237
22074618,中古マンション等,,22203,静岡県,沼津市,高島町,沼津,4,,75,,,,,ＲＣ,住宅,住宅,,,,商業地域,80.0,400.0,2015年第２四半期,改装済,,7.079181246047625
22005094,中古マンション等,,22102,静岡県,静岡市駿河区,曲金,東静岡,7,３ＬＤＫ,70,,,,平成20年,ＲＣ,,住宅,,,,工業地域,60.0,200.0,2018年第２四半期,未改装,,7.414973347970818
22003005,中古マンション等,,22101,静岡県,静岡市葵区,柚木,東静岡,8,３ＬＤＫ,80,,,,平成25年,,,住宅,,,,近隣商業地域,80.0,300.0,2019年第４四半期,未改装,,7.4623979978989565
22054071,中古マンション等,,22101,静岡県,静岡市葵区,緑町,静岡,30分?60分,４ＬＤＫ,90,,,,平成9年,ＲＣ,住宅,,,,,第１種中高層住居専用地域,60.0,200.0,2011年第３四半期,未改装,,7.2552725051033065
22036273,中古マンション等,,22212,静岡県,焼津市,本町,焼津,14,４ＬＤＫ,90,,,,平成2年,ＳＲＣ,住宅,住宅,,,,近隣商業地域,80.0,200.0,2017年第１四半期,未改装,,7.041392685158225
22053038,中古マンション等,,22103,静岡県,静岡市清水区,楠新田,草薙(ＪＲ),6,４ＬＤＫ,80,,,,平成10年,ＲＣ,住宅,住宅,,,,準工業地域,60.0,200.0,2014年第４四半期,改装済,,7.278753600952829
22058101,中古マンション等,,22102,静岡県,静岡市駿河区,中田,静岡,18,４ＬＤＫ,90,,,,平成3年,ＳＲＣ,住宅,住宅,,,,近隣商業地域,80.0,300.0,2015年第４四半期,改装済,,7.3222192947339195
22055880,中古マンション等,,22131,静岡県,浜松市中区,東伊場,浜松,24,３ＬＤＫ,80,,,,平成25年,ＲＣ,住宅,住宅,,,,第２種住居地域,60.0,200.0,2014年第３四半期,,,7.380211241711606
22061265,中古マンション等,,22131,静岡県,浜松市中区,板屋町,浜松,8,２ＬＤＫ,55,,,,平成16年,ＳＲＣ,住宅,住宅,,,,商業地域,80.0,400.0,2015年第３四半期,未改装,,7.278753600952829
22051861,中古マンション等,,22102,静岡県,静岡市駿河区,豊田,東静岡,10,３ＬＤＫ,75,,,,平成9年,ＲＣ,住宅,住宅,,,,工業地域,60.0,200.0,2014年第３四半期,未改装,,7.230448921378274
22011104,中古マンション等,,22131,静岡県,浜松市中区,東伊場,浜松,19,３ＬＤＫ,65,,,,平成7年,ＲＣ,住宅,住宅,,,,近隣商業地域,80.0,300.0,2017年第１四半期,未改装,,7.113943352306837
22009244,中古マンション等,,22131,静岡県,浜松市中区,佐藤,浜松,29,３ＬＤＫ,75,,,,平成14年,ＳＲＣ,住宅,住宅,,,,第２種住居地域,60.0,200.0,2019年第２四半期,未改装,,7.176091259055681
22056211,中古マンション等,,22131,静岡県,浜松市中区,龍禅寺町,浜松,16,３ＬＤＫ,70,,,,平成9年,ＲＣ,住宅,住宅,,,,第２種住居地域,60.0,200.0,2014年第２四半期,改装済,,7.079181246047625
22092662,中古マンション等,,22131,静岡県,浜松市中区,龍禅寺町,浜松,18,３ＬＤＫ,85,,,,平成2年,ＲＣ,住宅,,,,,第２種住居地域,60.0,200.0,2009年第４四半期,改装済,,7.0
22086802,中古マンション等,,22203,静岡県,沼津市,三園町,沼津,21,４ＬＤＫ,75,,,,平成21年,ＲＣ,住宅,,,,,近隣商業地域,80.0,200.0,2012年第４四半期,未改装,,7.431363764158987
22122214,中古マンション等,,22131,静岡県,浜松市中区,鴨江,浜松,24,３ＬＤＫ,70,,,,平成8年,ＳＲＣ,住宅,,,,,第１種中高層住居専用地域,60.0,200.0,2008年第２四半期,未改装,,7.2552725051033065
22022059,中古マンション等,,22203,静岡県,沼津市,三園町,沼津,24,３ＬＤＫ,55,,,,平成21年,ＳＲＣ,住宅,その他,,,,近隣商業地域,80.0,300.0,2020年第１四半期,未改装,調停・競売等,7.113943352306837
22009046,中古マンション等,,22131,静岡県,浜松市中区,鴨江,浜松,21,２ＬＤＫ,80,,,,平成15年,ＲＣ,住宅,住宅,,,,第２種中高層住居専用地域,60.0,200.0,2016年第１四半期,,,7.176091259055681
22119495,中古マンション等,,22102,静岡県,静岡市駿河区,鎌田,安倍川,5,３ＬＤＫ,80,,,,平成10年,ＲＣ,住宅,,,,,第１種住居地域,60.0,200.0,2007年第２四半期,改装済,,7.230448921378274
22122691,中古マンション等,,22131,静岡県,浜松市中区,中沢町,浜松,29,３ＬＤＫ,70,,,,平成10年,ＳＲＣ,住宅,,,,,近隣商業地域,80.0,300.0,2008年第２四半期,未改装,,7.2552725051033065
22002556,中古マンション等,,22101,静岡県,静岡市葵区,東静岡,東静岡,3,３ＬＤＫ,105,,,,平成26年,ＲＣ,,住宅,,,,商業地域,80.0,500.0,2019年第１四半期,,,7.724275869600789
22052357,中古マンション等,,22101,静岡県,静岡市葵区,本通,静岡,15,２ＬＤＫ,50,,,,平成11年,ＳＲＣ,住宅,,,,,商業地域,80.0,500.0,2010年第２四半期,未改装,,7.113943352306837
22060928,中古マンション等,,22131,静岡県,浜松市中区,和地山,浜松,30分?60分,１Ｋ,25,,,,昭和46年,ＳＲＣ,住宅,,,,,第２種中高層住居専用地域,60.0,200.0,2011年第１四半期,未改装,,6.278753600952829
22065533,中古マンション等,,22132,静岡県,浜松市東区,中郡町,遠州西ケ崎,2,２ＬＤＫ,70,,,,平成8年,ＳＲＣ,住宅,住宅,,,,市街化調整区域,60.0,200.0,2015年第１四半期,未改装,,7.0
22080971,中古マンション等,,22131,静岡県,浜松市中区,中島,浜松,20,３ＬＤＫ,75,,,,平成2年,ＲＣ,住宅,,,,,第１種住居地域,60.0,200.0,2013年第１四半期,未改装,,7.0
22006399,中古マンション等,,22103,静岡県,静岡市清水区,神田町,清水(静岡),30分?60分,４ＬＤＫ,95,,,,平成18年,ＲＣ,住宅,住宅,,,,第２種中高層住居専用地域,60.0,200.0,2016年第２四半期,未改装,,7.342422680822207
22010580,中古マンション等,,22131,静岡県,浜松市中区,中沢町,浜松,30分?60分,４ＬＤＫ,90,,,,平成10年,ＳＲＣ,,住宅,,,,近隣商業地域,80.0,300.0,2019年第２四半期,,,7.146128035678238
22117663,中古マンション等,,22101,静岡県,静岡市葵区,相生町,静岡,13,３ＬＤＫ,65,,,,昭和61年,ＳＲＣ,住宅,,,,,商業地域,80.0,400.0,2007年第２四半期,未改装,,7.176091259055681
22121464,中古マンション等,,22103,静岡県,静岡市清水区,千歳町,清水(静岡),23,４ＬＤＫ,90,,,,平成10年,ＲＣ,住宅,,,,,商業地域,80.0,400.0,2008年第４四半期,改装済,,7.431363764158987
22121481,中古マンション等,,22103,静岡県,静岡市清水区,辻,清水(静岡),8,３ＬＤＫ,75,,,,昭和60年,ＳＲＣ,住宅,,,,,準工業地域,60.0,200.0,2008年第２四半期,未改装,,7.079181246047625
22125012,中古マンション等,,22136,静岡県,浜松市浜北区,沼,浜北,5,２ＬＤＫ,75,,,,平成19年,ＲＣ,住宅,,,,,第２種住居地域,60.0,200.0,2008年第３四半期,未改装,,7.380211241711606
22106811,中古マンション等,,22210,静岡県,富士市,水戸島,富士,15,３ＬＤＫ,80,,,,平成2年,ＳＲＣ,住宅,,,,,第２種住居地域,60.0,200.0,2013年第１四半期,未改装,,6.903089986991944
22081348,中古マンション等,,22131,静岡県,浜松市中区,八幡町,浜松,16,３ＬＤＫ,70,,,,平成10年,ＳＲＣ,住宅,,,,,近隣商業地域,80.0,300.0,2013年第１四半期,,,7.2552725051033065
22065953,中古マンション等,,22206,静岡県,三島市,梅名,三島,30分?60分,１Ｋ,20,,,,昭和62年,ＲＣ,住宅,住宅,,,,第２種中高層住居専用地域,60.0,200.0,2014年第４四半期,,,6.531478917042255
22064465,中古マンション等,,22203,静岡県,沼津市,杉崎町,沼津,16,３ＬＤＫ,55,,,,,ＲＣ,住宅,住宅,,,,第２種住居地域,60.0,200.0,2014年第４四半期,未改装,,6.3979400086720375
22072071,中古マンション等,,22131,静岡県,浜松市中区,常盤町,浜松,14,４ＬＤＫ,65,,,,平成10年,ＳＲＣ,住宅,,,,,商業地域,80.0,500.0,2012年第４四半期,未改装,,7.380211241711606
22056394,中古マンション等,,22131,静岡県,浜松市中区,板屋町,浜松,8,３ＬＤＫ,70,,,,平成13年,ＲＣ,住宅,,,,,商業地域,80.0,400.0,2010年第２四半期,未改装,,7.414973347970818
22122129,中古マンション等,,22131,静岡県,浜松市中区,海老塚,浜松,10,２ＬＤＫ,65,,,,平成7年,ＳＲＣ,住宅,,,,,商業地域,80.0,500.0,2008年第４四半期,未改装,,7.113943352306837
22052663,中古マンション等,,22101,静岡県,静岡市葵区,竜南,静岡,30分?60分,３ＬＤＫ,75,,,,平成19年,ＲＣ,住宅,,,,,第２種中高層住居専用地域,60.0,200.0,2010年第３四半期,未改装,,7.414973347970818
22059301,中古マンション等,,22131,静岡県,浜松市中区,菅原町,浜松,20,３ＬＤＫ,65,,,,昭和63年,ＲＣ,住宅,,,,,近隣商業地域,80.0,300.0,2011年第２四半期,未改装,調停・競売等,6.531478917042255
22070407,中古マンション等,,22131,静岡県,浜松市中区,鴨江,浜松,30分?60分,１Ｋ,15,,,,昭和59年,ＲＣ,住宅,,,,,第１種中高層住居専用地域,60.0,200.0,2012年第４四半期,,,6.477121254719663
22052143,中古マンション等,,22102,静岡県,静岡市駿河区,馬渕,静岡,9,３ＬＤＫ,65,,,,,ＲＣ,住宅,,,,,近隣商業地域,80.0,200.0,2014年第１四半期,,,7.176091259055681
22097881,中古マンション等,,22206,静岡県,三島市,中,三島,30分?60分,３ＬＤＫ,70,,,,平成5年,ＲＣ,住宅,,,,,第１種中高層住居専用地域,60.0,200.0,2013年第４四半期,改装済,,7.041392685158225
22058911,中古マンション等,,22102,静岡県,静岡市駿河区,八幡,静岡,11,１ＬＤＫ,50,,,,平成18年,ＲＣ,住宅,住宅,,,,近隣商業地域,80.0,300.0,2015年第４四半期,改装済,,7.176091259055681
22080895,中古マンション等,,22211,静岡県,磐田市,東新町,磐田,30分?60分,２ＬＤＫ,60,,,,平成8年,ＳＲＣ,住宅,,,,,市街化調整区域,60.0,200.0,2010年第３四半期,改装済,,6.812913356642856
22125947,中古マンション等,,22203,静岡県,沼津市,本,沼津,9,１Ｋ,20,,,,昭和60年,ＲＣ,住宅,,,,,近隣商業地域,80.0,200.0,2008年第２四半期,未改装,,6.6020599913279625
22065397,中古マンション等,,22203,静岡県,沼津市,旭町,沼津,18,２ＬＤＫ,65,,,,昭和60年,ＲＣ,住宅,,,,,近隣商業地域,80.0,200.0,2010年第４四半期,未改装,,6.845098040014257
22003171,中古マンション等,,22101,静岡県,静岡市葵区,両替町,静岡,11,１Ｒ,20,,,,昭和59年,ＳＲＣ,,住宅,,,,商業地域,80.0,600.0,2019年第２四半期,未改装,,6.653212513775344
22020542,中古マンション等,,22203,静岡県,沼津市,大手町,沼津,4,１ＬＤＫ,55,,,,,,住宅,住宅,,,,商業地域,80.0,600.0,2019年第１四半期,未改装,,7.2552725051033065
22004592,中古マンション等,,22102,静岡県,静岡市駿河区,中田,静岡,12,,25,,,,昭和56年,,店舗,店舗,,,,第２種住居地域,60.0,200.0,2018年第４四半期,,,6.505149978319906
22061111,中古マンション等,,22131,静岡県,浜松市中区,葵東,浜松,1H30?2H,４ＬＤＫ,75,,,,平成11年,ＲＣ,住宅,住宅,,,,近隣商業地域,80.0,300.0,2015年第１四半期,未改装,,7.079181246047625
22066979,中古マンション等,,22206,静岡県,三島市,（大字なし）,三島,28,３ＬＤＫ,70,,,,平成9年,ＲＣ,住宅,,,,,第２種住居地域,60.0,200.0,2014年第４四半期,未改装,,7.146128035678238
22051352,中古マンション等,,22101,静岡県,静岡市葵区,竜南,静岡,30分?60分,３ＬＤＫ,70,,,,平成19年,ＲＣ,住宅,住宅,,,,第２種中高層住居専用地域,60.0,200.0,2014年第１四半期,未改装,,7.278753600952829
22052116,中古マンション等,,22101,静岡県,静岡市葵区,常磐町,静岡,9,３ＬＤＫ,70,,,,平成9年,ＲＣ,住宅,,,,,商業地域,80.0,400.0,2010年第４四半期,未改装,,7.342422680822207
22118609,中古マンション等,,22101,静岡県,静岡市葵区,岳美,静岡,1H?1H30,３ＬＤＫ,70,,,,平成6年,ＲＣ,住宅,,,,,第１種住居地域,60.0,200.0,2008年第１四半期,未改装,,7.113943352306837
22066625,中古マンション等,,22102,静岡県,静岡市駿河区,八幡,静岡,16,２ＬＤＫ,65,,,,平成12年,ＲＣ,住宅,,,,,第２種住居地域,60.0,200.0,2012年第４四半期,未改装,,7.278753600952829
22089957,中古マンション等,,22211,静岡県,磐田市,東新町,磐田,1H?1H30,３ＬＤＫ,60,,,,平成8年,ＳＲＣ,住宅,住宅,,,,市街化調整区域,60.0,200.0,2015年第１四半期,未改装,,6.812913356642856
22009598,中古マンション等,,22131,静岡県,浜松市中区,助信町,浜松,29,３ＬＤＫ,90,,,,,,,その他,,,,第１種住居地域,60.0,200.0,2020年第１四半期,改装済,,7.176091259055681
22025572,中古マンション等,,22207,静岡県,富士宮市,矢立町,芝川,16,３ＬＤＫ,80,,,,平成16年,ＲＣ,住宅,住宅,,,,第２種住居地域,60.0,200.0,2016年第１四半期,未改装,,7.3222192947339195
22089778,中古マンション等,,22131,静岡県,浜松市中区,北寺島町,浜松,13,１Ｋ,25,,,,平成2年,ＳＲＣ,住宅,,,,,近隣商業地域,80.0,500.0,2009年第２四半期,未改装,,6.633468455579586
22073823,中古マンション等,,22102,静岡県,静岡市駿河区,曲金,静岡,19,１Ｋ,30,,,,平成10年,ＲＣ,住宅,,,,,準工業地域,60.0,200.0,2013年第４四半期,未改装,,6.838849090737256
22092309,中古マンション等,,22131,静岡県,浜松市中区,広沢,浜松,25,３ＬＤＫ,70,,,,平成14年,ＲＣ,住宅,,,,,第１種中高層住居専用地域,60.0,200.0,2009年第２四半期,未改装,,7.230448921378274
22069050,中古マンション等,,22101,静岡県,静岡市葵区,駒形通,静岡,15,４ＬＤＫ,80,,,,平成10年,ＳＲＣ,住宅,,,,,商業地域,80.0,400.0,2013年第２四半期,未改装,,7.361727836017593
22123230,中古マンション等,,22132,静岡県,浜松市東区,北島町,浜松,1H?1H30,２ＬＤＫ,50,,,,昭和49年,ＲＣ,住宅,,,,,第１種住居地域,60.0,200.0,2007年第４四半期,改装済,,6.3222192947339195
22120595,中古マンション等,,22102,静岡県,静岡市駿河区,八幡,静岡,19,３ＬＤＫ,70,,,,平成9年,ＲＣ,住宅,,,,,第２種住居地域,60.0,200.0,2007年第４四半期,未改装,,7.230448921378274
22110833,中古マンション等,,22210,静岡県,富士市,中央町,富士,30分?60分,２ＬＤＫ,45,,,,昭和49年,ＳＲＣ,住宅,,,,,近隣商業地域,80.0,300.0,2009年第２四半期,未改装,,6.544068044350276
22012594,中古マンション等,,22132,静岡県,浜松市東区,小池町,浜松,1H?1H30,３ＬＤＫ,65,,,,平成4年,ＲＣ,,住宅,,,,準工業地域,60.0,200.0,2018年第４四半期,未改装,,6.954242509439325
22023781,中古マンション等,,22206,静岡県,三島市,本町,三島広小路,3,３ＬＤＫ,90,,,,平成17年,ＲＣ,住宅,住宅,,,,商業地域,80.0,400.0,2016年第４四半期,未改装,,7.531478917042255
22058492,中古マンション等,,22131,静岡県,浜松市中区,龍禅寺町,浜松,17,３ＬＤＫ,70,,,,平成9年,ＲＣ,住宅,,,,,第２種住居地域,60.0,200.0,2010年第１四半期,未改装,,6.99563519459755
22005724,中古マンション等,,22102,静岡県,静岡市駿河区,八幡,静岡,18,,70,,,,平成12年,ＲＣ,,住宅,,,,第２種住居地域,60.0,200.0,2018年第２四半期,未改装,,7.2552725051033065
22096403,中古マンション等,,22214,静岡県,藤枝市,駅前,藤枝,4,１ＬＤＫ,55,,,,,ＲＣ,住宅,住宅,,,,商業地域,80.0,400.0,2015年第３四半期,未改装,,7.301029995663981
22002170,中古マンション等,,22101,静岡県,静岡市葵区,常磐町,静岡,8,１ＤＫ,30,,,,平成9年,ＳＲＣ,,住宅,,,,商業地域,80.0,500.0,2017年第４四半期,未改装,,6.826074802700826
22069186,中古マンション等,,22203,静岡県,沼津市,岡一色,大岡(静岡),16,,70,,,,,ＲＣ,住宅,,,,,第２種中高層住居専用地域,50.0,150.0,2011年第４四半期,改装済,,6.968482948553935
22058910,中古マンション等,,22102,静岡県,静岡市駿河区,八幡,静岡,18,１ＬＤＫ,50,,,,平成20年,ＲＣ,住宅,住宅,,,,第２種住居地域,60.0,200.0,2015年第４四半期,未改装,,7.301029995663981
22084259,中古マンション等,,22214,静岡県,藤枝市,駅前,藤枝,5,３ＬＤＫ,75,,,,,ＲＣ,住宅,住宅,,,,第２種住居地域,60.0,200.0,2014年第３四半期,未改装,,7.146128035678238
22055438,中古マンション等,,22102,静岡県,静岡市駿河区,西中原,静岡,30分?60分,３ＬＤＫ,70,,,,平成3年,ＲＣ,住宅,,,,,工業地域,60.0,200.0,2011年第２四半期,未改装,,7.079181246047625
22074943,中古マンション等,,22210,静岡県,富士市,中之郷,富士川,9,３ＬＤＫ,75,,,,平成14年,ＲＣ,住宅,住宅,,,,第１種住居地域,60.0,200.0,2014年第４四半期,未改装,,7.113943352306837
22062970,中古マンション等,,22135,静岡県,浜松市北区,三ヶ日町大崎,都筑,30分?60分,１ＬＤＫ,50,,,,昭和63年,ＳＲＣ,住宅,,,,,市街化調整区域,60.0,200.0,2010年第１四半期,未改装,,6.477121254719663
22082066,中古マンション等,,22131,静岡県,浜松市中区,龍禅寺町,浜松,16,３ＬＤＫ,70,,,,平成9年,ＲＣ,住宅,,,,,第２種住居地域,60.0,200.0,2013年第２四半期,未改装,,7.079181246047625
22121463,中古マンション等,,22103,静岡県,静岡市清水区,千歳町,清水(静岡),18,３ＬＤＫ,80,,,,平成14年,ＳＲＣ,住宅,,,,,商業地域,80.0,400.0,2008年第４四半期,未改装,他の権利・負担付き,7.204119982655925
22000543,中古マンション等,,22101,静岡県,静岡市葵区,春日町,音羽町,7,２ＬＤＫ,40,,,,,,,住宅,,,,第２種中高層住居専用地域,60.0,200.0,2019年第４四半期,,,6.505149978319906
22069984,中古マンション等,,22101,静岡県,静岡市葵区,鷹匠,日吉町,1,４ＬＤＫ,95,,,,平成16年,ＲＣ,住宅,,,,,商業地域,80.0,400.0,2013年第２四半期,改装済,,7.556302500767287
22053272,中古マンション等,,22103,静岡県,静岡市清水区,千歳町,清水(静岡),18,３ＬＤＫ,70,,,,平成19年,ＲＣ,住宅,住宅,,,,商業地域,80.0,400.0,2014年第２四半期,,調停・競売等,6.939519252618618
22072371,中古マンション等,,22131,静岡県,浜松市中区,中沢町,浜松,30分?60分,２Ｋ,25,,,,平成9年,ＲＣ,住宅,,,,,商業地域,80.0,400.0,2012年第３四半期,改装済,,6.653212513775344
22007777,中古マンション等,,22103,静岡県,静岡市清水区,港町,清水(静岡),23,３ＬＤＫ,70,,,,平成8年,ＳＲＣ,,住宅,,,,工業地域,60.0,200.0,2018年第３四半期,未改装,,7.176091259055681
22034017,中古マンション等,,22211,静岡県,磐田市,一言,磐田,30分?60分,３ＬＤＫ,55,,,,平成5年,ＳＲＣ,住宅,住宅,,,,市街化調整区域,60.0,200.0,2019年第３四半期,未改装,,6.698970004336019
22030261,中古マンション等,,22210,静岡県,富士市,国久保,富士,1H?1H30,３ＬＤＫ,65,,,,平成7年,ＲＣ,住宅,住宅,,,,第１種住居地域,60.0,200.0,2019年第４四半期,未改装,,6.770852011642144
22062271,中古マンション等,,22101,静岡県,静岡市葵区,駒形通,静岡,16,１Ｋ,15,,,,昭和60年,鉄骨造,住宅,,,,,商業地域,80.0,400.0,2012年第２四半期,未改装,,6.431363764158987
22017466,中古マンション等,,22135,静岡県,浜松市北区,三ヶ日町大崎,都筑,30分?60分,１ＬＤＫ,40,,,,昭和61年,ＲＣ,住宅,その他,,,,市街化調整区域,60.0,200.0,2017年第１四半期,改装済,,6.863322860120456
22070306,中古マンション等,,22101,静岡県,静岡市葵区,常磐町,静岡,6,１ＤＫ,30,,,,平成9年,ＳＲＣ,住宅,,,,,商業地域,80.0,500.0,2013年第１四半期,未改装,,7.0
22008569,中古マンション等,,22131,静岡県,浜松市中区,板屋町,浜松,6,２ＬＤＫ,70,,,,平成18年,ＲＣ,住宅,住宅,,,,商業地域,80.0,600.0,2017年第２四半期,未改装,,7.568201724066995
22065066,中古マンション等,,22203,静岡県,沼津市,平町,沼津,16,２ＬＤＫ,60,,,,,ＲＣ,住宅,住宅,,,,近隣商業地域,80.0,300.0,2014年第２四半期,未改装,,7.176091259055681
22052525,中古マンション等,,22101,静岡県,静岡市葵区,梅屋町,静岡,14,１Ｋ,25,,,,平成4年,ＲＣ,住宅,,,,,商業地域,80.0,400.0,2011年第２四半期,改装済,,6.740362689494244
22079365,中古マンション等,,22131,静岡県,浜松市中区,佐鳴台,浜松,30分?60分,３ＬＤＫ＋Ｓ,85,,,,平成2年,ＲＣ,住宅,,,,,第１種中高層住居専用地域,60.0,200.0,2013年第２四半期,改装済,,7.176091259055681
22057542,中古マンション等,,22102,静岡県,静岡市駿河区,国吉田,草薙(ＪＲ),19,３ＬＤＫ,85,,,,平成14年,ＲＣ,住宅,住宅,,,,準工業地域,60.0,200.0,2015年第４四半期,未改装,,7.3222192947339195
22087713,中古マンション等,,22103,静岡県,静岡市清水区,西高町,清水(静岡),30分?60分,３ＬＤＫ,75,,,,平成20年,ＲＣ,住宅,,,,,第２種中高層住居専用地域,60.0,200.0,2009年第１四半期,未改装,,7.3979400086720375
22052121,中古マンション等,,22101,静岡県,静岡市葵区,常磐町,静岡,11,２ＬＤＫ,65,,,,平成18年,ＲＣ,住宅,,,,,商業地域,80.0,400.0,2010年第１四半期,未改装,,7.361727836017593
22073310,中古マンション等,,22206,静岡県,三島市,柳郷地,三島,30分?60分,３ＬＤＫ,60,,,,,ＲＣ,住宅,,,,,第１種低層住居専用地域,50.0,80.0,2011年第３四半期,未改装,,7.176091259055681
22005052,中古マンション等,,22102,静岡県,静岡市駿河区,曲金,東静岡,20,４ＬＤＫ,75,,,,平成20年,,,住宅,,,,工業地域,60.0,200.0,2020年第３四半期,未改装,,7.431363764158987
22030461,中古マンション等,,22210,静岡県,富士市,蓼原,富士,18,３ＬＤＫ,75,,,,平成19年,ＲＣ,住宅,住宅,,,,工業地域,60.0,200.0,2016年第１四半期,改装済,,7.041392685158225
22057020,中古マンション等,,22131,静岡県,浜松市中区,佐鳴台,浜松,30分?60分,４ＬＤＫ,80,,,,平成2年,ＲＣ,住宅,,,,,第１種中高層住居専用地域,60.0,200.0,2010年第２四半期,,,7.230448921378274
22005053,中古マンション等,,22102,静岡県,静岡市駿河区,曲金,東静岡,9,３ＬＤＫ,75,,,,平成20年,,,住宅,,,,工業地域,60.0,200.0,2020年第３四半期,,,7.3979400086720375
22056224,中古マンション等,,22101,静岡県,静岡市葵区,長沼,長沼(静岡),5,３ＬＤＫ,80,,,,平成15年,ＲＣ,住宅,住宅,,,,第１種住居地域,60.0,200.0,2015年第２四半期,未改装,,7.3979400086720375
22009462,中古マンション等,,22131,静岡県,浜松市中区,蜆塚,浜松,30分?60分,４ＬＤＫ,115,,,,平成15年,ＲＣ,住宅,,,,,第１種住居地域,60.0,200.0,2016年第４四半期,,,7.544068044350276
22078887,中古マンション等,,22101,静岡県,静岡市葵区,駒形通,静岡,23,３ＬＤＫ,85,,,,平成20年,ＲＣ,住宅,,,,,近隣商業地域,80.0,300.0,2009年第２四半期,未改装,,7.623249290397901
22066547,中古マンション等,,22203,静岡県,沼津市,庄栄町,沼津,10,３ＬＤＫ,70,,,,平成4年,ＳＲＣ,住宅,,,,,準住居地域,60.0,200.0,2010年第２四半期,未改装,調停・競売等,6.986771734266245
22069196,中古マンション等,,22101,静岡県,静岡市葵区,七間町,静岡,11,２ＬＤＫ,70,,,,平成14年,ＳＲＣ,住宅,,,,,商業地域,80.0,600.0,2013年第３四半期,改装済,,7.414973347970818
22122731,中古マンション等,,22131,静岡県,浜松市中区,西浅田,浜松,26,４ＬＤＫ,70,,,,平成3年,ＳＲＣ,住宅,,,,,工業地域,60.0,200.0,2007年第４四半期,未改装,,6.954242509439325
22010869,中古マンション等,,22131,静岡県,浜松市中区,布橋,浜松,30分?60分,１Ｋ,15,,,,昭和59年,ＲＣ,住宅,住宅,,,,第２種中高層住居専用地域,60.0,200.0,2016年第２四半期,,,5.845098040014257
22124489,中古マンション等,,22135,静岡県,浜松市北区,初生町,浜松,1H?1H30,３ＬＤＫ,60,,,,平成5年,ＳＲＣ,住宅,,,,,第１種住居地域,60.0,200.0,2008年第１四半期,未改装,,7.041392685158225
22002116,中古マンション等,,22101,静岡県,静岡市葵区,天王町,静岡,15,１Ｒ,15,,,,,ＲＣ,,その他,,,,商業地域,80.0,400.0,2020年第１四半期,,,6.342422680822207
22017712,中古マンション等,,22135,静岡県,浜松市北区,三ヶ日町都筑,都筑,30分?60分,１ＬＤＫ,60,,,,平成2年,ＳＲＣ,住宅,住宅,,,,市街化調整区域,60.0,200.0,2016年第４四半期,未改装,,6.778151250383644
22084069,中古マンション等,,22132,静岡県,浜松市東区,天龍川町,浜松,1H?1H30,３ＬＤＫ,65,,,,平成5年,ＳＲＣ,住宅,,,,,近隣商業地域,80.0,200.0,2013年第２四半期,改装済,,7.079181246047625
22004482,中古マンション等,,22102,静岡県,静岡市駿河区,登呂,静岡,30分?60分,３ＬＤＫ,75,,,,,ＲＣ,住宅,住宅,,,,第１種住居地域,60.0,200.0,2017年第２四半期,未改装,,7.361727836017593
22077235,中古マンション等,,22211,静岡県,磐田市,上本郷,豊田町,4,３ＬＤＫ,70,,,,平成9年,ＳＲＣ,住宅,住宅,,,,近隣商業地域,80.0,200.0,2014年第３四半期,未改装,,7.2552725051033065
22005086,中古マンション等,,22102,静岡県,静岡市駿河区,曲金,東静岡,6,３ＬＤＫ,85,,,,平成14年,ＳＲＣ,住宅,その他,,,,商業地域,80.0,400.0,2018年第３四半期,未改装,,7.3979400086720375
22119796,中古マンション等,,22102,静岡県,静岡市駿河区,高松,静岡,1H?1H30,３ＬＤＫ,60,,,,平成10年,ＲＣ,住宅,,,,,第１種中高層住居専用地域,60.0,150.0,2007年第３四半期,改装済,,7.176091259055681
22125497,中古マンション等,,22203,静岡県,沼津市,岡一色,沼津,30分?60分,３ＬＤＫ,60,,,,平成7年,ＲＣ,住宅,,,,,第１種住居地域,60.0,200.0,2008年第２四半期,未改装,調停・競売等,6.869231719730976
22054405,中古マンション等,,22131,静岡県,浜松市中区,鴨江,浜松,20,４ＬＤＫ,80,,,,平成15年,ＲＣ,住宅,住宅,,,,第２種中高層住居専用地域,60.0,200.0,2014年第４四半期,未改装,,7.342422680822207
22010648,中古マンション等,,22131,静岡県,浜松市中区,中島,浜松,20,１Ｋ,20,,,,平成3年,ＲＣ,住宅,住宅,,,,近隣商業地域,80.0,200.0,2017年第２四半期,改装済,,6.113943352306837
22068847,中古マンション等,,22206,静岡県,三島市,長伏,大場,30分?60分,３ＬＤＫ,75,,,,平成12年,ＲＣ,住宅,,,,,準工業地域,60.0,200.0,2010年第１四半期,未改装,,7.176091259055681
22000208,中古マンション等,,22101,静岡県,静岡市葵区,安東,静岡,30分?60分,４ＬＤＫ,100,,,,平成21年,ＲＣ,住宅,住宅,,,,第１種中高層住居専用地域,60.0,200.0,2016年第３四半期,,,7.6020599913279625
22070012,中古マンション等,,22203,静岡県,沼津市,高沢町,沼津,6,３ＬＤＫ,60,,,,昭和56年,ＳＲＣ,住宅,,,,,商業地域,80.0,400.0,2011年第４四半期,未改装,,6.778151250383644
22037579,中古マンション等,,22213,静岡県,掛川市,中央,掛川,6,３ＬＤＫ,80,,,,,,,住宅,,,,近隣商業地域,80.0,200.0,2018年第４四半期,未改装,,7.278753600952829
22066905,中古マンション等,,22133,静岡県,浜松市西区,舞阪町弁天島,浜松,2H?,３ＤＫ,50,,,,昭和51年,ＳＲＣ,住宅,住宅,,,,商業地域,80.0,400.0,2015年第２四半期,未改装,,6.698970004336019
22095359,中古マンション等,,22133,静岡県,浜松市西区,入野町,浜松,1H?1H30,１Ｋ,15,,,,平成2年,ＲＣ,住宅,,,,,工業地域,60.0,200.0,2009年第２四半期,未改装,,6.301029995663981
22060746,中古マンション等,,22135,静岡県,浜松市北区,三ヶ日町大崎,東都筑,30分?60分,２ＬＤＫ,70,,,,昭和63年,ＳＲＣ,住宅,その他,,,,市街化調整区域,60.0,200.0,2014年第４四半期,未改装,,6.477121254719663
22082377,中古マンション等,,22131,静岡県,浜松市中区,和合町,浜松,1H?1H30,３ＬＤＫ,65,,,,平成7年,ＲＣ,住宅,,,,,第１種住居地域,60.0,200.0,2013年第２四半期,未改装,,7.113943352306837
22058622,中古マンション等,,22131,静岡県,浜松市中区,上島,上島,3,４ＬＤＫ,95,,,,,ＲＣ,住宅,,,,,第１種住居地域,60.0,200.0,2011年第１四半期,未改装,,7.431363764158987
22087862,中古マンション等,,22210,静岡県,富士市,南町,吉原,30分?60分,３ＬＤＫ,70,,,,平成11年,ＲＣ,住宅,住宅,,,,商業地域,80.0,400.0,2015年第１四半期,未改装,,7.230448921378274
22001287,中古マンション等,,22101,静岡県,静岡市葵区,七間町,静岡,13,２ＬＤＫ,75,,,,平成27年,ＲＣ,,住宅,,,,商業地域,80.0,600.0,2020年第２四半期,未改装,,7.568201724066995
22124649,中古マンション等,,22135,静岡県,浜松市北区,三ヶ日町大崎,東都筑,30分?60分,１ＬＤＫ,55,,,,平成2年,ＳＲＣ,住宅,,,,,市街化調整区域,60.0,200.0,2007年第４四半期,未改装,,6.954242509439325
22001080,中古マンション等,,22101,静岡県,静岡市葵区,沓谷,静岡,30分?60分,３ＬＤＫ,85,,,,平成8年,ＲＣ,,住宅,,,,第１種中高層住居専用地域,60.0,200.0,2017年第４四半期,改装済,,7.301029995663981
22001787,中古マンション等,,22101,静岡県,静岡市葵区,瀬名中央,静岡,1H?1H30,３ＬＤＫ,70,,,,平成3年,,,住宅,,,,第２種住居地域,60.0,200.0,2019年第１四半期,未改装,,6.903089986991944
22033858,中古マンション等,,22211,静岡県,磐田市,中泉,磐田,14,３ＬＤＫ,70,,,,平成23年,ＲＣ,住宅,住宅,,,,工業地域,60.0,200.0,2016年第２四半期,未改装,,7.301029995663981
22002501,中古マンション等,,22101,静岡県,静岡市葵区,馬場町,静岡,20,３ＬＤＫ,70,,,,平成15年,ＳＲＣ,,住宅,,,,商業地域,80.0,400.0,2019年第４四半期,改装済,,7.505149978319906
22021130,中古マンション等,,22203,静岡県,沼津市,庄栄町,沼津,10,３ＬＤＫ,70,,,,平成4年,ＳＲＣ,,住宅,,,,準住居地域,60.0,200.0,2018年第２四半期,未改装,,6.880813592280791
22071804,中古マンション等,,22131,静岡県,浜松市中区,高丘東,浜松,1H30?2H,３ＬＤＫ,60,,,,平成4年,ＲＣ,住宅,,,,,工業地域,60.0,200.0,2012年第２四半期,未改装,,6.968482948553935
22125409,中古マンション等,,22203,静岡県,沼津市,大岡,沼津,20,３ＬＤＫ,55,,,,昭和58年,ＲＣ,住宅,,,,,準工業地域,60.0,200.0,2007年第４四半期,改装済,,7.041392685158225
22079364,中古マンション等,,22131,静岡県,浜松市中区,佐鳴台,浜松,30分?60分,１Ｋ,20,,,,昭和60年,ＲＣ,住宅,,,,,第２種住居地域,60.0,200.0,2013年第２四半期,未改装,,5.698970004336019
22128948,中古マンション等,,22210,静岡県,富士市,平垣本町,富士,11,３ＬＤＫ,50,,,,昭和54年,ＲＣ,住宅,,,,,近隣商業地域,80.0,200.0,2007年第４四半期,未改装,,6.681241237375588
22129572,中古マンション等,,22211,静岡県,磐田市,中泉,磐田,3,３ＬＤＫ,75,,,,平成19年,ＲＣ,住宅,,,,,商業地域,80.0,400.0,2007年第３四半期,未改装,,7.342422680822207
22012556,中古マンション等,,22132,静岡県,浜松市東区,小池町,自動車学校前,3,３ＬＤＫ,75,,,,昭和64年,ＲＣ,住宅,住宅,,,,準工業地域,60.0,200.0,2019年第４四半期,未改装,,7.041392685158225
22098077,中古マンション等,,22210,静岡県,富士市,蓼原,富士,18,４ＬＤＫ,75,,,,,ＲＣ,住宅,,,,,工業地域,60.0,200.0,2012年第１四半期,未改装,調停・競売等,7.0
22017689,中古マンション等,,22135,静岡県,浜松市北区,三ヶ日町都筑,都筑,29,２ＬＤＫ,70,,,,平成2年,ＳＲＣ,住宅,住宅,,,,市街化調整区域,60.0,200.0,2018年第１四半期,未改装,,6.929418925714293
22010081,中古マンション等,,22131,静岡県,浜松市中区,高丘東,浜松,1H30?2H,２ＬＤＫ,60,,,,平成4年,ＲＣ,住宅,住宅,,,,工業地域,60.0,200.0,2016年第３四半期,改装済,,6.963787827345556
22013040,中古マンション等,,22132,静岡県,浜松市東区,天龍川町,浜松,1H?1H30,３ＬＤＫ,70,,,,平成5年,ＳＲＣ,住宅,住宅,,,,近隣商業地域,80.0,300.0,2020年第１四半期,未改装,,7.041392685158225
22001655,中古マンション等,,22101,静岡県,静岡市葵区,瀬名,静岡,1H30?2H,２ＬＤＫ,45,,,,昭和47年,ＲＣ,住宅,住宅,,,,第１種中高層住居専用地域,60.0,150.0,2017年第２四半期,未改装,,6.447158031342219
22009082,中古マンション等,,22131,静岡県,浜松市中区,北寺島町,浜松,16,１Ｋ,25,,,,平成2年,ＳＲＣ,住宅,住宅,,,,商業地域,80.0,500.0,2018年第３四半期,未改装,,6.556302500767287
22088731,中古マンション等,,22211,静岡県,磐田市,今之浦,磐田,21,１ＤＫ,20,,,,昭和62年,鉄骨造,住宅,住宅,,,,第１種住居地域,60.0,200.0,2015年第１四半期,,,6.3979400086720375
22022957,中古マンション等,,22206,静岡県,三島市,梅名,大場,19,１Ｋ,20,,,,,ＲＣ,住宅,住宅,,,,第２種中高層住居専用地域,60.0,200.0,2016年第４四半期,未改装,,6.3979400086720375
22124143,中古マンション等,,22134,静岡県,浜松市南区,頭陀寺町,浜松,,３ＬＤＫ,65,,,,平成4年,ＲＣ,住宅,,,,,第１種住居地域,60.0,200.0,2008年第３四半期,未改装,,7.041392685158225
22055698,中古マンション等,,22101,静岡県,静岡市葵区,瀬名,草薙(ＪＲ),30分?60分,３ＬＤＫ,75,,,,平成13年,ＲＣ,住宅,住宅,,,,第１種中高層住居専用地域,60.0,150.0,2015年第３四半期,未改装,,7.146128035678238
22120457,中古マンション等,,22102,静岡県,静岡市駿河区,南町,静岡,3,２ＬＤＫ,70,,,,平成11年,ＳＲＣ,住宅,,,,,商業地域,80.0,400.0,2008年第４四半期,改装済,,7.414973347970818
22020276,中古マンション等,,22203,静岡県,沼津市,大岡,沼津,21,４ＬＤＫ,85,,,,平成15年,ＲＣ,住宅,住宅,,,,準住居地域,60.0,200.0,2019年第２四半期,未改装,,7.278753600952829
22053112,中古マンション等,,22101,静岡県,静岡市葵区,七間町,静岡,13,４ＬＤＫ,80,,,,昭和63年,ＳＲＣ,住宅,,,,,商業地域,80.0,600.0,2011年第２四半期,未改装,,7.3222192947339195
22005032,中古マンション等,,22102,静岡県,静岡市駿河区,曲金,静岡,24,３ＬＤＫ,55,,,,昭和48年,ＳＲＣ,,住宅,,,,工業地域,60.0,200.0,2018年第１四半期,改装済,,6.690196080028514
22078491,中古マンション等,,22131,静岡県,浜松市中区,上島,上島,13,３ＬＤＫ,65,,,,平成10年,ＳＲＣ,住宅,,,,,第１種住居地域,60.0,200.0,2013年第１四半期,未改装,,7.041392685158225
22016065,中古マンション等,,22134,静岡県,浜松市南区,本郷町,浜松,30分?60分,３ＬＤＫ,70,,,,平成10年,ＲＣ,住宅,住宅,,,,第２種中高層住居専用地域,60.0,200.0,2018年第４四半期,改装済,,7.079181246047625
22075046,中古マンション等,,22132,静岡県,浜松市東区,天龍川町,浜松,1H?1H30,３ＬＤＫ,60,,,,平成5年,ＳＲＣ,住宅,,,,,近隣商業地域,80.0,300.0,2012年第１四半期,,,7.113943352306837
22000950,中古マンション等,,22101,静岡県,静岡市葵区,北安東,静岡,30分?60分,３ＬＤＫ,80,,,,平成10年,ＲＣ,住宅,住宅,,,,第２種中高層住居専用地域,60.0,200.0,2019年第１四半期,未改装,,7.3222192947339195
22037970,中古マンション等,,22213,静岡県,掛川市,南,掛川,1,１Ｒ,15,,,,,ＲＣ,住宅,住宅,,,,商業地域,80.0,400.0,2019年第４四半期,未改装,,6.079181246047625
22020948,中古マンション等,,22203,静岡県,沼津市,志下,沼津,1H?1H30,２ＬＤＫ,75,,,,昭和64年,ＳＲＣ,,住宅,,,,第１種住居地域,60.0,200.0,2020年第２四半期,未改装,,6.544068044350276
22063672,中古マンション等,,22203,静岡県,沼津市,大岡,沼津,19,３ＬＤＫ,70,,,,戦前,ＲＣ,住宅,,,,,第２種住居地域,60.0,200.0,2014年第３四半期,未改装,,7.079181246047625
22077816,中古マンション等,,22101,静岡県,静岡市葵区,梅屋町,静岡,15,１Ｋ,25,,,,平成4年,ＲＣ,住宅,,,,,商業地域,80.0,400.0,2009年第２四半期,改装済,,6.724275869600789
22009685,中古マンション等,,22131,静岡県,浜松市中区,住吉,浜松,30分?60分,２ＤＫ,55,,,,昭和50年,ＳＲＣ,,住宅,,,,第２種住居地域,60.0,200.0,2019年第１四半期,改装済,,6.740362689494244
22122936,中古マンション等,,22131,静岡県,浜松市中区,山下町,浜松,23,３ＬＤＫ,65,,,,平成12年,ＲＣ,住宅,,,,,商業地域,80.0,400.0,2008年第２四半期,改装済,,7.301029995663981
22008580,中古マンション等,,22131,静岡県,浜松市中区,瓜内町,浜松,29,２ＬＤＫ,70,,,,平成4年,ＲＣ,住宅,住宅,,,,市街化調整区域,60.0,200.0,2020年第１四半期,改装済,,6.924279286061882
22058239,中古マンション等,,22102,静岡県,静岡市駿河区,西中原,静岡,30分?60分,３ＬＤＫ,70,,,,平成3年,ＲＣ,住宅,住宅,,,,工業地域,60.0,200.0,2015年第１四半期,未改装,,7.079181246047625
22001553,中古マンション等,,22101,静岡県,静岡市葵区,瀬名,草薙(ＪＲ),30分?60分,３ＬＤＫ,70,,,,平成13年,,住宅,,,,,第１種中高層住居専用地域,60.0,150.0,2017年第４四半期,未改装,,7.230448921378274
22011503,中古マンション等,,22131,静岡県,浜松市中区,龍禅寺町,浜松,14,２ＬＤＫ,65,,,,平成2年,ＳＲＣ,住宅,住宅,,,,近隣商業地域,80.0,300.0,2017年第２四半期,未改装,,7.079181246047625
22000305,中古マンション等,,22101,静岡県,静岡市葵区,梅屋町,静岡,15,３ＬＤＫ,65,,,,平成10年,ＲＣ,住宅,住宅,,,,商業地域,80.0,400.0,2018年第２四半期,改装済,,7.176091259055681
22073026,中古マンション等,,22206,静岡県,三島市,松が丘,三島,30分?60分,２ＬＤＫ,60,,,,平成13年,ＲＣ,住宅,,,,,第２種住居地域,60.0,200.0,2011年第１四半期,未改装,,7.146128035678238
22022125,中古マンション等,,22203,静岡県,沼津市,桃里,原(静岡),30分?60分,３ＬＤＫ,60,,,,平成6年,ＲＣ,,住宅,,,,市街化調整区域,60.0,200.0,2019年第４四半期,未改装,,6.763427993562937
22031268,中古マンション等,,22210,静岡県,富士市,平垣町,富士,10,３ＬＤＫ,85,,,,平成20年,ＲＣ,,住宅,,,,近隣商業地域,80.0,200.0,2018年第１四半期,,,7.380211241711606
22001138,中古マンション等,,22101,静岡県,静岡市葵区,呉服町,静岡,13,,75,,,,,ＲＣ,住宅,,,,,商業地域,80.0,600.0,2017年第３四半期,,,7.698970004336019
22122817,中古マンション等,,22131,静岡県,浜松市中区,東伊場,浜松,24,４ＬＤＫ,80,,,,昭和62年,ＳＲＣ,住宅,,,,,近隣商業地域,80.0,300.0,2007年第３四半期,改装済,,7.230448921378274
22051217,中古マンション等,,22101,静岡県,静岡市葵区,古庄,東静岡,19,２ＬＤＫ,60,,,,昭和54年,ＲＣ,住宅,住宅,,,,第１種住居地域,60.0,200.0,2014年第３四半期,未改装,,6.778151250383644
22054416,中古マンション等,,22131,静岡県,浜松市中区,鴨江,浜松,30分?60分,１Ｋ,25,,,,昭和50年,ＳＲＣ,住宅,住宅,,,,第２種中高層住居専用地域,60.0,200.0,2014年第２四半期,未改装,,6.0
22075415,中古マンション等,,22203,静岡県,沼津市,三園町,沼津,23,４ＬＤＫ,80,,,,平成4年,ＲＣ,住宅,住宅,,,,近隣商業地域,80.0,300.0,2015年第１四半期,未改装,,6.99563519459755
22005680,中古マンション等,,22102,静岡県,静岡市駿河区,森下町,静岡,8,３ＬＤＫ,65,,,,平成10年,ＲＣ,住宅,住宅,,,,商業地域,80.0,400.0,2016年第２四半期,未改装,,7.431363764158987
22008698,中古マンション等,,22131,静岡県,浜松市中区,上島,上島,7,４ＬＤＫ,95,,,,平成15年,ＳＲＣ,住宅,,,,,第１種住居地域,60.0,200.0,2016年第３四半期,,,7.380211241711606
22009100,中古マンション等,,22131,静岡県,浜松市中区,北寺島町,浜松,13,３ＬＤＫ,90,,,,平成15年,ＲＣ,住宅,住宅,,,,第２種住居地域,60.0,200.0,2016年第４四半期,未改装,,7.278753600952829
22008598,中古マンション等,,22131,静岡県,浜松市中区,海老塚,浜松,7,１Ｋ,20,,,,平成4年,ＳＲＣ,住宅,住宅,,,,商業地域,80.0,500.0,2019年第４四半期,未改装,,6.176091259055681
22122693,中古マンション等,,22131,静岡県,浜松市中区,中沢町,浜松,30分?60分,１Ｋ,15,,,,昭和60年,ＲＣ,住宅,,,,,近隣商業地域,80.0,200.0,2008年第１四半期,改装済,,6.2552725051033065
22083675,中古マンション等,,22102,静岡県,静岡市駿河区,中田,静岡,15,２ＬＤＫ,65,,,,平成7年,ＳＲＣ,住宅,,,,,近隣商業地域,80.0,300.0,2009年第４四半期,未改装,,7.176091259055681
22021527,中古マンション等,,22203,静岡県,沼津市,西椎路,片浜,21,３ＬＤＫ,65,,,,平成4年,ＲＣ,,住宅,,,,第１種住居地域,60.0,200.0,2018年第３四半期,改装済,,6.903089986991944
22077398,中古マンション等,,22206,静岡県,三島市,本町,三島広小路,3,２ＤＫ,80,,,,平成13年,ＳＲＣ,住宅,住宅,,,,商業地域,80.0,400.0,2015年第３四半期,改装済,,7.5910646070264995
22000773,中古マンション等,,22101,静岡県,静岡市葵区,川合,静岡,1H?1H30,３ＬＤＫ,75,,,,平成3年,ＲＣ,,住宅,,,,第２種中高層住居専用地域,60.0,200.0,2018年第１四半期,改装済,,7.0
22057860,中古マンション等,,22103,静岡県,静岡市清水区,本郷町,清水(静岡),5,３ＬＤＫ,70,,,,昭和49年,ＳＲＣ,住宅,,,,,商業地域,80.0,400.0,2011年第１四半期,未改装,,6.6020599913279625
22052292,中古マンション等,,22101,静岡県,静岡市葵区,日出町,静岡,11,３ＬＤＫ,75,,,,平成3年,ＳＲＣ,住宅,,,,,商業地域,80.0,400.0,2010年第１四半期,未改装,,7.204119982655925
22121733,中古マンション等,,22103,静岡県,静岡市清水区,松原町,清水(静岡),15,４ＬＤＫ,80,,,,平成18年,ＲＣ,住宅,,,,,商業地域,80.0,400.0,2006年第２四半期,未改装,,7.447158031342219
22056580,中古マンション等,,22131,静岡県,浜松市中区,上島,浜松,1H?1H30,３ＬＤＫ,75,,,,平成10年,ＳＲＣ,住宅,,,,,第１種住居地域,60.0,200.0,2010年第４四半期,,,7.2552725051033065
22023899,中古マンション等,,22206,静岡県,三島市,南二日町,三島田町,9,３ＬＤＫ,80,,,,平成25年,ＲＣ,住宅,住宅,,,,工業地域,60.0,200.0,2016年第４四半期,未改装,,7.4623979978989565
22015527,中古マンション等,,22134,静岡県,浜松市南区,西伝寺町,浜松,30分?60分,２ＬＤＫ＋Ｓ,70,,,,平成2年,ＳＲＣ,住宅,住宅,,,,第１種住居地域,60.0,200.0,2018年第２四半期,改装済,,7.176091259055681
22002167,中古マンション等,,22101,静岡県,静岡市葵区,常磐町,静岡,8,１Ｋ,25,,,,平成9年,ＳＲＣ,,住宅,,,,商業地域,80.0,500.0,2018年第１四半期,未改装,,6.838849090737256
22004223,中古マンション等,,22102,静岡県,静岡市駿河区,高松,静岡,30分?60分,４ＬＤＫ,80,,,,平成10年,ＲＣ,住宅,住宅,,,,,,,2016年第４四半期,,,6.991226075692495
22123338,中古マンション等,,22132,静岡県,浜松市東区,天王町,天竜川,30分?60分,２ＬＤＫ,45,,,,昭和61年,ＳＲＣ,住宅,,,,,第１種住居地域,60.0,200.0,2008年第３四半期,未改装,調停・競売等,6.623249290397901
22010215,中古マンション等,,22131,静岡県,浜松市中区,中央,浜松,12,３ＬＤＫ,60,,,,平成12年,ＲＣ,住宅,,,,,近隣商業地域,80.0,300.0,2016年第４四半期,未改装,,7.113943352306837
22020621,中古マンション等,,22203,静岡県,沼津市,岡一色,沼津,30分?60分,３ＬＤＫ,60,,,,,ＲＣ,住宅,住宅,,,,第１種住居地域,60.0,200.0,2019年第４四半期,,,7.113943352306837
22078628,中古マンション等,,22131,静岡県,浜松市中区,上島,浜松,30分?60分,２ＬＤＫ,75,,,,平成15年,ＳＲＣ,住宅,住宅,,,,第１種住居地域,60.0,200.0,2013年第４四半期,改装済,,7.301029995663981
22021671,中古マンション等,,22203,静岡県,沼津市,原,原(静岡),14,２ＬＤＫ,85,,,,昭和64年,ＳＲＣ,,住宅,,,,第１種住居地域,60.0,200.0,2019年第４四半期,未改装,,6.8750612633917
22110820,中古マンション等,,22210,静岡県,富士市,蓼原,富士,16,３ＬＤＫ,70,,,,平成19年,ＲＣ,住宅,,,,,工業地域,60.0,200.0,2009年第１四半期,未改装,,7.230448921378274
22062690,中古マンション等,,22133,静岡県,浜松市西区,入野町,浜松,1H?1H30,３ＬＤＫ,55,,,,平成6年,ＲＣ,住宅,,,,,市街化調整区域,60.0,200.0,2011年第１四半期,未改装,,6.963787827345556
22069857,中古マンション等,,22203,静岡県,沼津市,新宿町,沼津,7,３ＬＤＫ,75,,,,昭和59年,ＳＲＣ,住宅,,,,,商業地域,80.0,400.0,2011年第１四半期,改装済,,6.079181246047625
22003439,中古マンション等,,22102,静岡県,静岡市駿河区,稲川,静岡,7,,60,,,,平成23年,ＲＣ,住宅,,,,,商業地域,80.0,500.0,2017年第３四半期,,,7.3979400086720375
22031728,中古マンション等,,22210,静岡県,富士市,水戸島本町,富士,5,１ＤＫ,30,,,,平成4年,ＳＲＣ,住宅,住宅,,,,近隣商業地域,80.0,300.0,2017年第３四半期,,,7.041392685158225
22078450,中古マンション等,,22101,静岡県,静岡市葵区,川辺町,静岡,14,３ＬＤＫ,60,,,,平成7年,ＲＣ,住宅,,,,,商業地域,80.0,400.0,2009年第２四半期,未改装,,7.079181246047625
22069673,中古マンション等,,22131,静岡県,浜松市中区,葵東,浜松,1H?1H30,３ＬＤＫ,70,,,,平成11年,ＲＣ,住宅,,,,,近隣商業地域,80.0,300.0,2012年第２四半期,未改装,,7.204119982655925
22119636,中古マンション等,,22102,静岡県,静岡市駿河区,さつき町,静岡,11,３ＬＤＫ,75,,,,昭和57年,,住宅,,,,,,,,2007年第１四半期,改装済,,7.079181246047625
22053650,中古マンション等,,22102,静岡県,静岡市駿河区,西中原,静岡,30分?60分,３ＬＤＫ,70,,,,平成3年,ＲＣ,住宅,,,,,工業地域,60.0,200.0,2010年第２四半期,未改装,,7.146128035678238
22021562,中古マンション等,,22203,静岡県,沼津市,西島町,沼津,29,３ＬＤＫ,70,,,,平成4年,ＳＲＣ,住宅,その他,,,,準工業地域,60.0,200.0,2017年第１四半期,,調停・競売等,6.8061799739838875
22009620,中古マンション等,,22131,静岡県,浜松市中区,助信町,浜松,30分?60分,４ＬＤＫ,75,,,,平成11年,ＲＣ,住宅,住宅,,,,第１種住居地域,60.0,200.0,2016年第２四半期,,調停・競売等,7.146128035678238
22008744,中古マンション等,,22131,静岡県,浜松市中区,上島,浜松,30分?60分,３ＬＤＫ,70,,,,平成16年,ＲＣ,,住宅,,,,第１種住居地域,60.0,200.0,2019年第１四半期,改装済,,7.414973347970818
22063095,中古マンション等,,22135,静岡県,浜松市北区,三ヶ日町都筑,都筑,30分?60分,２ＤＫ,45,,,,昭和49年,ＳＲＣ,住宅,,,,,市街化調整区域,60.0,200.0,2010年第１四半期,未改装,,6.301029995663981
22073061,中古マンション等,,22131,静岡県,浜松市中区,広沢,浜松,25,３ＬＤＫ,65,,,,平成14年,ＲＣ,住宅,,,,,第１種中高層住居専用地域,60.0,200.0,2012年第４四半期,未改装,,7.176091259055681
22032903,中古マンション等,,22211,静岡県,磐田市,上本郷,豊田町,1,３ＬＤＫ,70,,,,平成9年,ＳＲＣ,住宅,住宅,,,,近隣商業地域,80.0,200.0,2019年第１四半期,改装済,,7.278753600952829
22051690,中古マンション等,,22101,静岡県,静岡市葵区,駒形通,静岡,18,１Ｋ,20,,,,昭和60年,鉄骨造,住宅,,,,,商業地域,80.0,400.0,2010年第３四半期,未改装,,6.3979400086720375
22107324,中古マンション等,,22214,静岡県,藤枝市,田沼,藤枝,1,３ＬＤＫ,65,,,,平成16年,ＳＲＣ,住宅,,,,,商業地域,80.0,400.0,2012年第１四半期,未改装,,7.3222192947339195
22008570,中古マンション等,,22131,静岡県,浜松市中区,板屋町,浜松,6,２ＬＤＫ,75,,,,平成18年,ＲＣ,住宅,住宅,,,,商業地域,80.0,600.0,2017年第２四半期,未改装,,7.57978359661681
22010731,中古マンション等,,22131,静岡県,浜松市中区,西浅田,浜松,19,１ＬＤＫ,60,,,,平成3年,,,住宅,,,,近隣商業地域,80.0,300.0,2019年第３四半期,改装済,,7.113943352306837
22097803,中古マンション等,,22134,静岡県,浜松市南区,東若林町,浜松,30分?60分,２ＬＤＫ,65,,,,平成20年,ＲＣ,住宅,,,,,第２種住居地域,60.0,200.0,2009年第２四半期,未改装,,7.278753600952829
22058070,中古マンション等,,22131,静岡県,浜松市中区,西伊場町,浜松,30分?60分,３ＬＤＫ,70,,,,平成8年,ＲＣ,住宅,,,,,工業地域,60.0,200.0,2010年第３四半期,改装済,,6.079181246047625
22010201,中古マンション等,,22131,静岡県,浜松市中区,中央,浜松,9,３ＬＤＫ,75,,,,平成12年,,,住宅,,,,商業地域,80.0,400.0,2017年第４四半期,未改装,,7.361727836017593
22077847,中古マンション等,,22211,静岡県,磐田市,東新町,磐田,30分?60分,３ＬＤＫ,60,,,,平成8年,ＳＲＣ,住宅,住宅,,,,市街化調整区域,60.0,200.0,2014年第２四半期,未改装,調停・競売等,6.6020599913279625
22128783,中古マンション等,,22210,静岡県,富士市,中島,富士,20,１ＬＤＫ,35,,,,平成2年,ＲＣ,住宅,,,,,第１種住居地域,60.0,200.0,2007年第３四半期,改装済,,6.7160033436347994
22052205,中古マンション等,,22102,静岡県,静岡市駿河区,丸子新田,静岡,30分?60分,３ＬＤＫ,65,,,,平成16年,ＲＣ,住宅,住宅,,,,準工業地域,60.0,200.0,2014年第４四半期,未改装,,7.113943352306837
22096165,中古マンション等,,22133,静岡県,浜松市西区,西山町,浜松,1H?1H30,４ＬＤＫ,90,,,,平成3年,ＲＣ,住宅,,,,,市街化調整区域,60.0,200.0,2009年第３四半期,改装済,,7.230448921378274
22023341,中古マンション等,,22206,静岡県,三島市,徳倉,三島,29,２ＬＤＫ,85,,,,平成3年,ＳＲＣ,住宅,住宅,,,,第１種中高層住居専用地域,60.0,200.0,2020年第３四半期,未改装,,7.146128035678238
22031215,中古マンション等,,22210,静岡県,富士市,富士町,富士,4,３ＬＤＫ,65,,,,平成18年,ＲＣ,住宅,その他,,,,商業地域,80.0,400.0,2020年第３四半期,未改装,,7.204119982655925
22060180,中古マンション等,,22131,静岡県,浜松市中区,西浅田,浜松,23,３ＬＤＫ,60,,,,平成3年,ＳＲＣ,住宅,,,,,近隣商業地域,80.0,300.0,2011年第３四半期,未改装,,6.799340549453582
22007885,中古マンション等,,22103,静岡県,静岡市清水区,宮下町,清水(静岡),17,４ＤＫ,50,,,,昭和53年,,,住宅,,,,第２種住居地域,60.0,200.0,2019年第１四半期,未改装,,6.477121254719663
22033814,中古マンション等,,22211,静岡県,磐田市,中泉,磐田,2,２ＬＤＫ,60,,,,平成19年,ＲＣ,住宅,住宅,,,,商業地域,80.0,400.0,2017年第４四半期,未改装,,7.301029995663981
22021218,中古マンション等,,22203,静岡県,沼津市,杉崎町,沼津,14,３ＬＤＫ,65,,,,平成9年,ＳＲＣ,住宅,住宅,,,,第２種住居地域,60.0,200.0,2016年第１四半期,未改装,,6.959041392321094
22011378,中古マンション等,,22131,静岡県,浜松市中区,元浜町,浜松,16,,80,,,,平成24年,ＲＣ,住宅,,,,,商業地域,80.0,400.0,2019年第２四半期,,,7.3979400086720375
22089566,中古マンション等,,22135,静岡県,浜松市北区,三ヶ日町大崎,都筑,30分?60分,１ＬＤＫ,45,,,,,ＳＲＣ,住宅,,,,,市街化調整区域,60.0,200.0,2013年第３四半期,未改装,,6.414973347970818
22099691,中古マンション等,,22135,静岡県,浜松市北区,三ヶ日町大崎,浜松,2H?,３ＬＤＫ,75,,,,平成2年,ＳＲＣ,住宅,,,,,市街化調整区域,60.0,200.0,2009年第３四半期,未改装,,6.903089986991944
22008379,中古マンション等,,22131,静岡県,浜松市中区,葵東,浜松,1H?1H30,３ＬＤＫ,70,,,,平成11年,ＲＣ,住宅,住宅,,,,近隣商業地域,80.0,300.0,2018年第１四半期,改装済,,7.176091259055681
22057859,中古マンション等,,22103,静岡県,静岡市清水区,本郷町,清水(静岡),6,２ＬＤＫ,50,,,,昭和49年,ＳＲＣ,住宅,,,,,商業地域,80.0,400.0,2011年第１四半期,改装済,,6.477121254719663
22053928,中古マンション等,,22101,静岡県,静岡市葵区,東千代田,静岡,30分?60分,３ＬＤＫ,55,,,,平成3年,ＲＣ,住宅,,,,,第２種中高層住居専用地域,60.0,200.0,2011年第３四半期,改装済,,6.977723605288848
22060737,中古マンション等,,22135,静岡県,浜松市北区,三ヶ日町大崎,都筑,30分?60分,２ＬＤＫ,80,,,,平成2年,ＳＲＣ,住宅,住宅,,,,市街化調整区域,60.0,200.0,2014年第２四半期,未改装,,6.892094602690481
22055264,中古マンション等,,22101,静岡県,静岡市葵区,北安東,静岡,30分?60分,３ＬＤＫ,75,,,,平成14年,ＲＣ,住宅,住宅,,,,第２種中高層住居専用地域,60.0,200.0,2015年第２四半期,,,7.342422680822207
22050964,中古マンション等,,22101,静岡県,静岡市葵区,神明町,静岡,26,３ＤＫ,60,,,,昭和54年,ＲＣ,住宅,,,,,準工業地域,60.0,200.0,2014年第１四半期,未改装,,6.672097857935717
22129585,中古マンション等,,22211,静岡県,磐田市,中泉,磐田,3,３ＬＤＫ,80,,,,平成19年,ＲＣ,住宅,,,,,商業地域,80.0,400.0,2007年第３四半期,未改装,,7.4623979978989565
22118744,中古マンション等,,22101,静岡県,静岡市葵区,長沼,東静岡,13,３ＬＤＫ,75,,,,平成14年,ＲＣ,住宅,,,,,第１種住居地域,60.0,200.0,2008年第１四半期,未改装,,7.380211241711606
22001917,中古マンション等,,22101,静岡県,静岡市葵区,鷹匠,静岡,10,２ＬＤＫ,70,,,,平成23年,ＲＣ,住宅,住宅,,,,商業地域,80.0,400.0,2016年第１四半期,未改装,,7.518513939877887
22061945,中古マンション等,,22131,静岡県,浜松市中区,幸,浜松,1H?1H30,３ＬＤＫ,65,,,,昭和50年,ＳＲＣ,住宅,住宅,,,,第２種住居地域,60.0,200.0,2015年第２四半期,未改装,,6.2552725051033065
22051740,中古マンション等,,22102,静岡県,静岡市駿河区,石部,用宗,18,２ＤＫ,50,,,,,ＲＣ,住宅,住宅,,,,第１種住居地域,60.0,200.0,2014年第４四半期,未改装,,6.929418925714293
22024930,中古マンション等,,22207,静岡県,富士宮市,中央町,富士宮,1,４ＬＤＫ,90,,,,平成25年,ＳＲＣ,住宅,住宅,,,,商業地域,80.0,400.0,2020年第３四半期,未改装,,7.505149978319906
22009280,中古マンション等,,22131,静岡県,浜松市中区,佐藤,浜松,30分?60分,３ＬＤＫ,70,,,,平成14年,ＳＲＣ,住宅,住宅,,,,第２種住居地域,60.0,200.0,2016年第１四半期,未改装,,7.204119982655925
22002228,中古マンション等,,22101,静岡県,静岡市葵区,長沼,東静岡,15,４ＬＤＫ,75,,,,平成9年,ＲＣ,,住宅,,,,準工業地域,60.0,200.0,2018年第４四半期,改装済,,7.361727836017593
22002139,中古マンション等,,22101,静岡県,静岡市葵区,伝馬町,静岡,11,３ＬＤＫ,95,,,,平成24年,ＲＣ,住宅,住宅,,,,商業地域,80.0,500.0,2017年第２四半期,改装済,,7.707570176097937
22064329,中古マンション等,,22131,静岡県,浜松市中区,和合町,浜松,1H?1H30,３ＬＤＫ,65,,,,平成7年,ＲＣ,住宅,その他,,,,第１種住居地域,60.0,200.0,2015年第３四半期,未改装,調停・競売等,6.944482672150168
22081693,中古マンション等,,22213,静岡県,掛川市,青葉台,掛川,30分?60分,３ＬＤＫ,40,,,,平成4年,ＳＲＣ,住宅,住宅,,,,市街化区域及び市街化調整区域外の都市計画区域,,,2014年第３四半期,,,6.763427993562937
22076481,中古マンション等,,22103,静岡県,静岡市清水区,千歳町,新清水,6,３ＬＤＫ,95,,,,平成14年,ＳＲＣ,住宅,,,,,商業地域,80.0,400.0,2013年第２四半期,改装済,,7.301029995663981
22072146,中古マンション等,,22102,静岡県,静岡市駿河区,小鹿,静岡,30分?60分,３ＬＤＫ,75,,,,平成13年,ＲＣ,住宅,,,,,近隣商業地域,80.0,200.0,2013年第２四半期,未改装,,7.278753600952829
22073290,中古マンション等,,22206,静岡県,三島市,谷田,三島,30分?60分,３ＬＤＫ,70,,,,平成14年,ＲＣ,住宅,,,,,第１種低層住居専用地域,50.0,80.0,2011年第４四半期,未改装,,7.146128035678238
22050857,中古マンション等,,22101,静岡県,静岡市葵区,北安東,静岡,30分?60分,３ＬＤＫ,70,,,,平成16年,ＲＣ,住宅,住宅,,,,第２種中高層住居専用地域,60.0,200.0,2014年第４四半期,未改装,,7.2552725051033065
22011218,中古マンション等,,22131,静岡県,浜松市中区,広沢,浜松,24,３ＬＤＫ,80,,,,昭和60年,ＳＲＣ,,,,,,第１種中高層住居専用地域,60.0,200.0,2020年第３四半期,未改装,,6.944482672150168
22064033,中古マンション等,,22131,静岡県,浜松市中区,元浜町,浜松,16,２ＬＤＫ,85,,,,平成20年,ＲＣ,住宅,住宅,,,,商業地域,80.0,500.0,2015年第２四半期,未改装,,7.531478917042255
22022875,中古マンション等,,22206,静岡県,三島市,一番町,三島,3,２ＬＤＫ,50,,,,昭和61年,,,住宅,,,,商業地域,80.0,400.0,2018年第２四半期,未改装,,7.204119982655925
22057483,中古マンション等,,22103,静岡県,静岡市清水区,堂林,清水(静岡),30分?60分,３ＬＤＫ,80,,,,平成4年,ＲＣ,住宅,,,,,第２種中高層住居専用地域,60.0,200.0,2011年第４四半期,未改装,,7.176091259055681
22068892,中古マンション等,,22203,静岡県,沼津市,大岡,沼津,20,４ＬＤＫ,85,,,,昭和64年,ＲＣ,住宅,,,,,準工業地域,60.0,200.0,2011年第４四半期,改装済,,7.146128035678238
22013089,中古マンション等,,22132,静岡県,浜松市東区,中郡町,浜松,2H?,４ＤＫ,70,,,,平成4年,,住宅,住宅,,,,市街化調整区域,60.0,200.0,2020年第１四半期,未改装,,6.838849090737256
22000939,中古マンション等,,22101,静岡県,静岡市葵区,北安東,静岡,30分?60分,３ＬＤＫ,70,,,,平成7年,ＲＣ,,住宅,,,,第２種中高層住居専用地域,60.0,200.0,2019年第３四半期,改装済,,7.301029995663981
22062032,中古マンション等,,22132,静岡県,浜松市東区,天龍川町,天竜川,2,,65,,,,平成5年,ＳＲＣ,住宅,,,,,近隣商業地域,80.0,300.0,2011年第３四半期,改装済,,7.113943352306837
22011108,中古マンション等,,22131,静岡県,浜松市中区,東伊場,浜松,23,４ＬＤＫ,85,,,,昭和62年,ＳＲＣ,住宅,住宅,,,,第１種中高層住居専用地域,60.0,200.0,2016年第４四半期,未改装,,7.041392685158225
22021339,中古マンション等,,22203,静岡県,沼津市,高島町,沼津,4,１ＬＤＫ,50,,,,平成19年,ＲＣ,住宅,住宅,,,,商業地域,80.0,400.0,2017年第２四半期,未改装,,7.278753600952829
22012244,中古マンション等,,22132,静岡県,浜松市東区,大瀬町,浜松,1H?1H30,３ＬＤＫ,75,,,,平成10年,ＲＣ,,住宅,,,,市街化調整区域,60.0,200.0,2018年第１四半期,未改装,,7.146128035678238
22058554,中古マンション等,,22131,静岡県,浜松市中区,板屋町,浜松,9,３ＬＤＫ,70,,,,平成13年,ＲＣ,住宅,,,,,商業地域,80.0,400.0,2011年第２四半期,未改装,,7.361727836017593
22000807,中古マンション等,,22101,静岡県,静岡市葵区,川辺町,静岡,15,１ＤＫ,25,,,,平成11年,ＲＣ,,住宅,,,,商業地域,80.0,400.0,2020年第３四半期,,,6.799340549453582
22001186,中古マンション等,,22101,静岡県,静岡市葵区,駒形通,静岡,14,３ＬＤＫ,70,,,,平成15年,ＲＣ,住宅,住宅,,,,商業地域,80.0,400.0,2016年第１四半期,未改装,,7.380211241711606
22102391,中古マンション等,,22211,静岡県,磐田市,一言,磐田,28,４ＬＤＫ,75,,,,平成5年,ＳＲＣ,住宅,,,,,市街化調整区域,60.0,200.0,2012年第３四半期,改装済,,6.913813852383717
22075384,中古マンション等,,22203,静岡県,沼津市,松長,片浜,5,２ＬＤＫ,65,,,,平成16年,ＲＣ,住宅,住宅,,,,第２種中高層住居専用地域,60.0,200.0,2015年第３四半期,改装済,,7.204119982655925
22080324,中古マンション等,,22135,静岡県,浜松市北区,三ヶ日町都筑,都筑,20,１ＬＤＫ,75,,,,平成2年,ＳＲＣ,住宅,,,,,市街化調整区域,60.0,200.0,2012年第４四半期,改装済,,6.812913356642856
22023891,中古マンション等,,22206,静岡県,三島市,南町,三島田町,10,３ＬＤＫ,70,,,,平成13年,ＲＣ,住宅,住宅,,,,第２種住居地域,60.0,200.0,2016年第４四半期,未改装,,7.176091259055681
22067921,中古マンション等,,22101,静岡県,静岡市葵区,東町,静岡,11,３ＬＤＫ,65,,,,平成22年,ＳＲＣ,住宅,,,,,近隣商業地域,80.0,300.0,2013年第１四半期,未改装,,7.380211241711606
22011526,中古マンション等,,22131,静岡県,浜松市中区,領家,浜松,25,３ＬＤＫ,70,,,,平成19年,ＲＣ,住宅,住宅,,,,第１種住居地域,60.0,200.0,2020年第２四半期,未改装,,7.3222192947339195
22001768,中古マンション等,,22101,静岡県,静岡市葵区,瀬名中央,草薙(ＪＲ),30分?60分,３ＬＤＫ,60,,,,平成7年,ＲＣ,住宅,住宅,,,,第２種中高層住居専用地域,60.0,200.0,2016年第４四半期,未改装,,7.041392685158225
22078935,中古マンション等,,22210,静岡県,富士市,水戸島,富士,9,３ＬＤＫ,70,,,,昭和64年,ＳＲＣ,住宅,,,,,第２種住居地域,60.0,200.0,2010年第２四半期,改装済,,7.0
22073316,中古マンション等,,22131,静岡県,浜松市中区,山手町,浜松,30分?60分,２ＬＤＫ,65,,,,,ＲＣ,住宅,,,,,第１種中高層住居専用地域,60.0,200.0,2012年第１四半期,未改装,,6.380211241711606
22124645,中古マンション等,,22135,静岡県,浜松市北区,三ヶ日町大崎,東都筑,30分?60分,１ＬＤＫ,45,,,,昭和61年,ＲＣ,住宅,,,,,市街化調整区域,60.0,200.0,2008年第４四半期,未改装,,6.732393759822968
22008509,中古マンション等,,22131,静岡県,浜松市中区,泉,浜松,1H?1H30,３ＬＤＫ,65,,,,昭和64年,ＲＣ,住宅,住宅,,,,準工業地域,60.0,200.0,2018年第１四半期,未改装,,6.826074802700826
22055480,中古マンション等,,22101,静岡県,静岡市葵区,七間町,静岡,10,１Ｋ,20,,,,昭和61年,ＳＲＣ,住宅,住宅,,,,商業地域,80.0,600.0,2015年第４四半期,改装済,,6.544068044350276
22031741,中古マンション等,,22210,静岡県,富士市,水戸島元町,富士,5,,55,,,,昭和56年,ＳＲＣ,,住宅,,,,商業地域,80.0,400.0,2019年第２四半期,未改装,,6.342422680822207
22008614,中古マンション等,,22131,静岡県,浜松市中区,海老塚,浜松,12,３ＬＤＫ,65,,,,平成7年,ＲＣ,住宅,住宅,,,,第１種住居地域,60.0,200.0,2018年第２四半期,未改装,,6.799340549453582
22081447,中古マンション等,,22131,静岡県,浜松市中区,東伊場,浜松,24,４ＬＤＫ＋Ｓ,90,,,,昭和62年,ＳＲＣ,住宅,,,,,近隣商業地域,80.0,300.0,2013年第４四半期,未改装,調停・競売等,7.3979400086720375
22004136,中古マンション等,,22102,静岡県,静岡市駿河区,新川,静岡,20,３ＬＤＫ,55,,,,平成5年,ＲＣ,,住宅,,,,準工業地域,60.0,200.0,2020年第２四半期,未改装,調停・競売等,6.763427993562937
22052110,中古マンション等,,22102,静岡県,静岡市駿河区,曲金,東静岡,8,３ＬＤＫ,80,,,,平成20年,ＲＣ,住宅,住宅,,,,工業地域,60.0,200.0,2014年第３四半期,未改装,,7.431363764158987
22099939,中古マンション等,,22135,静岡県,浜松市北区,三ヶ日町都筑,都筑,20,１ＬＤＫ,55,,,,平成2年,ＳＲＣ,住宅,,,,,市街化調整区域,60.0,200.0,2009年第１四半期,未改装,,6.724275869600789
22058100,中古マンション等,,22102,静岡県,静岡市駿河区,中田,静岡,15,３ＬＤＫ,60,,,,平成7年,ＳＲＣ,住宅,住宅,,,,近隣商業地域,80.0,300.0,2015年第４四半期,,,7.204119982655925
22065508,中古マンション等,,22132,静岡県,浜松市東区,天龍川町,天竜川,2,４ＬＤＫ,80,,,,平成5年,ＳＲＣ,住宅,住宅,,,,近隣商業地域,80.0,300.0,2015年第１四半期,未改装,,7.146128035678238
22074097,中古マンション等,,22132,静岡県,浜松市東区,大蒲町,浜松,30分?60分,３ＬＤＫ,70,,,,平成17年,ＲＣ,住宅,,,,,工業地域,60.0,200.0,2012年第１四半期,未改装,,7.176091259055681
22010167,中古マンション等,,22131,静岡県,浜松市中区,中央,浜松,11,３ＬＤＫ,100,,,,平成19年,,,住宅,,,,商業地域,80.0,400.0,2020年第３四半期,未改装,,7.633468455579586
22129646,中古マンション等,,22211,静岡県,磐田市,一言,磐田,29,３ＬＤＫ,55,,,,平成5年,ＳＲＣ,住宅,,,,,市街化調整区域,60.0,200.0,2007年第３四半期,未改装,,6.8750612633917
22057954,中古マンション等,,22133,静岡県,浜松市西区,入野町,浜松,1H?1H30,,65,,,,平成7年,ＲＣ,住宅,,,,,市街化調整区域,60.0,200.0,2014年第３四半期,,,7.041392685158225
22130341,中古マンション等,,22212,静岡県,焼津市,本町,焼津,7,３ＬＤＫ,75,,,,平成19年,ＲＣ,住宅,,,,,商業地域,80.0,400.0,2007年第２四半期,未改装,,7.380211241711606
22119011,中古マンション等,,22101,静岡県,静岡市葵区,本通,静岡,,３ＬＤＫ,70,,,,昭和55年,ＲＣ,住宅,,,,,商業地域,80.0,500.0,2006年第２四半期,改装済,,7.079181246047625
22064403,中古マンション等,,22203,静岡県,沼津市,新沢田町,沼津,30分?60分,３ＬＤＫ,75,,,,平成19年,ＲＣ,住宅,住宅,,,,第１種住居地域,60.0,200.0,2014年第３四半期,未改装,,7.204119982655925
22058035,中古マンション等,,22131,静岡県,浜松市中区,西浅田,浜松,23,４ＬＤＫ,70,,,,平成3年,ＳＲＣ,住宅,,,,,近隣商業地域,80.0,300.0,2010年第２四半期,未改装,,6.977723605288848
22009308,中古マンション等,,22131,静岡県,浜松市中区,佐鳴台,浜松,30分?60分,３ＬＤＫ＋Ｓ,90,,,,平成4年,,,住宅,,,,第１種中高層住居専用地域,60.0,200.0,2019年第４四半期,改装済,,7.230448921378274
22120610,中古マンション等,,22102,静岡県,静岡市駿河区,八幡,静岡,11,３ＬＤＫ,65,,,,平成14年,,住宅,,,,,近隣商業地域,80.0,300.0,2006年第２四半期,未改装,,7.380211241711606
22124646,中古マンション等,,22135,静岡県,浜松市北区,三ヶ日町大崎,東都筑,30分?60分,２ＬＤＫ,60,,,,平成2年,ＳＲＣ,住宅,,,,,市街化調整区域,60.0,200.0,2008年第１四半期,未改装,,6.903089986991944
22023972,中古マンション等,,22206,静岡県,三島市,谷田,三島,30分?60分,３ＬＤＫ,65,,,,平成14年,,,住宅,,,,第１種低層住居専用地域,50.0,80.0,2020年第１四半期,改装済,,7.0
22098000,中古マンション等,,22134,静岡県,浜松市南区,三島町,浜松,26,３ＬＤＫ,70,,,,平成8年,ＲＣ,住宅,,,,,第１種住居地域,60.0,200.0,2009年第３四半期,未改装,,7.176091259055681
22022945,中古マンション等,,22206,静岡県,三島市,梅名,大場,14,３ＬＤＫ,70,,,,平成8年,,,住宅,,,,第２種中高層住居専用地域,60.0,150.0,2018年第１四半期,改装済,,7.113943352306837
22130333,中古マンション等,,22212,静岡県,焼津市,本町,焼津,8,３ＬＤＫ,75,,,,平成19年,ＲＣ,住宅,,,,,商業地域,,,2007年第３四半期,未改装,,7.361727836017593
22079205,中古マンション等,,22131,静岡県,浜松市中区,佐藤,浜松,30分?60分,４ＬＤＫ,105,,,,平成14年,ＳＲＣ,住宅,,,,,第２種住居地域,60.0,200.0,2013年第１四半期,改装済,,7.414973347970818
22002633,中古マンション等,,22101,静岡県,静岡市葵区,日出町,静岡,11,３ＬＤＫ,75,,,,平成3年,,,住宅,,,,商業地域,80.0,400.0,2018年第４四半期,改装済,,7.278753600952829
22051111,中古マンション等,,22101,静岡県,静岡市葵区,常磐町,静岡,9,３ＬＤＫ,60,,,,平成10年,ＲＣ,住宅,住宅,,,,商業地域,80.0,500.0,2014年第２四半期,未改装,,7.361727836017593
22089899,中古マンション等,,22131,静岡県,浜松市中区,幸,浜松,30分?60分,３ＬＤＫ,75,,,,平成19年,ＲＣ,住宅,,,,,第２種住居地域,60.0,200.0,2009年第３四半期,未改装,調停・競売等,7.176091259055681
22122698,中古マンション等,,22131,静岡県,浜松市中区,中沢町,浜松,23,２ＬＤＫ,70,,,,平成15年,ＲＣ,住宅,,,,,近隣商業地域,80.0,300.0,2007年第３四半期,未改装,,7.2552725051033065
22068796,中古マンション等,,22103,静岡県,静岡市清水区,松原町,清水(静岡),19,３ＬＤＫ,70,,,,平成18年,ＲＣ,住宅,,,,,商業地域,80.0,400.0,2012年第１四半期,未改装,,7.230448921378274
22069035,中古マンション等,,22203,静岡県,沼津市,大手町,沼津,1,,85,,,,平成20年,ＲＣ,住宅,,,,,商業地域,80.0,600.0,2011年第４四半期,未改装,,7.5910646070264995
22003163,中古マンション等,,22101,静岡県,静岡市葵区,竜南,静岡,30分?60分,２ＬＤＫ,65,,,,平成5年,ＲＣ,住宅,住宅,,,,第２種中高層住居専用地域,60.0,200.0,2017年第１四半期,未改装,,6.939519252618618
22080060,中古マンション等,,22131,静岡県,浜松市中区,高丘北,浜松,1H30?2H,３ＬＤＫ＋Ｓ,85,,,,平成20年,ＲＣ,住宅,,,,,第１種住居地域,60.0,200.0,2013年第３四半期,未改装,調停・競売等,7.113943352306837
22057053,中古マンション等,,22103,静岡県,静岡市清水区,楠新田,草薙(ＪＲ),9,３ＬＤＫ,70,,,,平成4年,ＲＣ,住宅,,,,,準工業地域,60.0,200.0,2011年第１四半期,改装済,,7.146128035678238
22121781,中古マンション等,,22103,静岡県,静岡市清水区,港町,清水(静岡),26,３ＬＤＫ,70,,,,平成8年,ＳＲＣ,住宅,,,,,工業地域,60.0,200.0,2006年第２四半期,未改装,,7.414973347970818
22003629,中古マンション等,,22102,静岡県,静岡市駿河区,小黒,静岡,25,３ＬＤＫ,70,,,,平成12年,ＲＣ,住宅,住宅,,,,近隣商業地域,80.0,200.0,2016年第２四半期,未改装,,7.301029995663981
22055487,中古マンション等,,22103,静岡県,静岡市清水区,西高町,清水(静岡),30分?60分,３ＬＤＫ,70,,,,平成19年,ＲＣ,住宅,,,,,第２種中高層住居専用地域,60.0,200.0,2010年第１四半期,未改装,,7.414973347970818
22057606,中古マンション等,,22131,静岡県,浜松市中区,高林,浜松,30分?60分,４ＬＤＫ,95,,,,昭和64年,ＲＣ,住宅,,,,,第２種中高層住居専用地域,60.0,200.0,2010年第２四半期,未改装,,7.113943352306837
22000103,中古マンション等,,22101,静岡県,静岡市葵区,東町,静岡,14,３ＬＤＫ,90,,,,平成22年,ＳＲＣ,住宅,住宅,,,,近隣商業地域,80.0,300.0,2016年第４四半期,未改装,,7.623249290397901
22076549,中古マンション等,,22103,静岡県,静岡市清水区,天神,清水(静岡),15,３ＬＤＫ,75,,,,平成10年,ＲＣ,住宅,,,,,第２種住居地域,60.0,200.0,2013年第３四半期,未改装,,7.204119982655925
22119544,中古マンション等,,22102,静岡県,静岡市駿河区,国吉田,草薙(ＪＲ),21,４ＬＤＫ,80,,,,平成14年,ＲＣ,住宅,,,,,準工業地域,60.0,200.0,2007年第４四半期,未改装,,7.3979400086720375
22070095,中古マンション等,,22135,静岡県,浜松市北区,三ヶ日町都筑,東都筑,23,３ＬＤＫ,95,,,,平成2年,ＳＲＣ,住宅,住宅,,,,市街化調整区域,60.0,200.0,2015年第２四半期,改装済,,7.176091259055681
22020973,中古マンション等,,22203,静岡県,沼津市,志下,沼津,1H?1H30,,70,,,,,ＲＣ,住宅,住宅,,,,,,,2017年第１四半期,,,6.778151250383644
22052571,中古マンション等,,22103,静岡県,静岡市清水区,永楽町,清水(静岡),16,４ＬＤＫ,85,,,,平成16年,ＲＣ,住宅,住宅,,,,工業地域,60.0,200.0,2014年第３四半期,未改装,,7.2552725051033065
22005043,中古マンション等,,22102,静岡県,静岡市駿河区,曲金,静岡,25,３ＬＤＫ,75,,,,,ＲＣ,住宅,住宅,,,,工業地域,60.0,200.0,2016年第１四半期,未改装,,7.176091259055681
22121738,中古マンション等,,22103,静岡県,静岡市清水区,松原町,新清水,,３ＬＤＫ,75,,,,平成18年,ＲＣ,住宅,,,,,商業地域,80.0,400.0,2006年第２四半期,未改装,,7.414973347970818
22097517,中古マンション等,,22206,静岡県,三島市,栄町,三島,14,３ＬＤＫ,55,,,,平成2年,ＲＣ,住宅,,,,,商業地域,80.0,400.0,2013年第１四半期,未改装,,7.041392685158225
22050819,中古マンション等,,22101,静岡県,静岡市葵区,唐瀬,静岡,30分?60分,３ＬＤＫ,65,,,,平成7年,ＲＣ,住宅,住宅,,,,第１種住居地域,60.0,200.0,2014年第４四半期,未改装,,7.176091259055681
22052340,中古マンション等,,22101,静岡県,静岡市葵区,平和,静岡,30分?60分,３ＬＤＫ,60,,,,平成4年,ＲＣ,住宅,,,,,準工業地域,60.0,200.0,2010年第３四半期,改装済,,7.079181246047625
22058256,中古マンション等,,22131,静岡県,浜松市中区,曳馬,浜松,30分?60分,４ＬＤＫ,90,,,,平成16年,ＲＣ,住宅,,,,,第１種住居地域,60.0,200.0,2010年第４四半期,改装済,,7.342422680822207
22010191,中古マンション等,,22131,静岡県,浜松市中区,中央,浜松,14,５ＬＤＫ,140,,,,平成19年,,住宅,住宅,,,,商業地域,80.0,400.0,2018年第３四半期,未改装,,7.826074802700826
22013058,中古マンション等,,22132,静岡県,浜松市東区,天龍川町,浜松,1H?1H30,４ＬＤＫ,80,,,,平成5年,ＳＲＣ,,住宅,,,,近隣商業地域,80.0,300.0,2017年第４四半期,未改装,,7.146128035678238
22023905,中古マンション等,,22206,静岡県,三島市,南二日町,三島二日町,3,３ＬＤＫ,70,,,,平成26年,ＲＣ,住宅,住宅,,,,工業地域,60.0,200.0,2017年第３四半期,未改装,,7.4623979978989565
22063734,中古マンション等,,22136,静岡県,浜松市浜北区,貴布祢,浜北,4,１Ｋ,15,,,,平成3年,ＲＣ,住宅,,,,,商業地域,80.0,400.0,2010年第１四半期,未改装,,6.2552725051033065
22079727,中古マンション等,,22131,静岡県,浜松市中区,助信町,浜松,28,４ＬＤＫ,95,,,,,ＲＣ,住宅,,,,,第１種住居地域,60.0,200.0,2013年第４四半期,改装済,,7.3222192947339195
22052248,中古マンション等,,22102,静岡県,静岡市駿河区,みずほ,安倍川,4,２ＬＤＫ,60,,,,昭和62年,ＲＣ,住宅,住宅,,,,第２種中高層住居専用地域,60.0,200.0,2014年第２四半期,改装済,,6.6020599913279625
22053265,中古マンション等,,22101,静岡県,静岡市葵区,神明町,静岡,29,１Ｋ,15,,,,昭和60年,ＲＣ,住宅,,,,,工業地域,60.0,200.0,2011年第４四半期,未改装,,6.079181246047625
22086383,中古マンション等,,22211,静岡県,磐田市,見付,磐田,30分?60分,３ＬＤＫ,60,,,,平成8年,ＲＣ,住宅,,,,,第１種中高層住居専用地域,60.0,150.0,2011年第４四半期,改装済,,6.986771734266245
22005329,中古マンション等,,22102,静岡県,静岡市駿河区,丸子新田,安倍川,24,４ＬＤＫ,80,,,,平成16年,ＲＣ,住宅,住宅,,,,準工業地域,60.0,200.0,2016年第１四半期,,,7.204119982655925
22005016,中古マンション等,,22102,静岡県,静岡市駿河区,曲金,静岡,24,４ＬＤＫ,80,,,,昭和47年,,,住宅,,,,工業地域,60.0,200.0,2020年第３四半期,未改装,,6.431363764158987
22098356,中古マンション等,,22210,静岡県,富士市,伝法,富士,30分?60分,３ＬＤＫ,65,,,,平成6年,ＲＣ,住宅,,,,,第１種住居地域,60.0,200.0,2012年第２四半期,未改装,,6.924279286061882
22069668,中古マンション等,,22101,静岡県,静岡市葵区,瀬名,東静岡,1H?1H30,３ＤＫ,45,,,,昭和48年,ＲＣ,住宅,,,,,第１種中高層住居専用地域,60.0,150.0,2013年第１四半期,未改装,,6.230448921378274
22009130,中古マンション等,,22131,静岡県,浜松市中区,紺屋町,浜松,15,２ＬＤＫ,90,,,,平成26年,ＲＣ,,住宅,,,,商業地域,80.0,500.0,2019年第４四半期,未改装,,7.6127838567197355
22059480,中古マンション等,,22131,静岡県,浜松市中区,大工町,浜松,10,２ＬＤＫ,100,,,,平成17年,ＳＲＣ,住宅,,,,,商業地域,80.0,400.0,2011年第３四半期,未改装,,7.431363764158987
22119425,中古マンション等,,22102,静岡県,静岡市駿河区,小黒,静岡,21,３ＬＤＫ,55,,,,昭和63年,ＲＣ,住宅,,,,,準工業地域,60.0,200.0,2008年第２四半期,改装済,,7.0
22067918,中古マンション等,,22101,静岡県,静岡市葵区,東町,静岡,13,３ＬＤＫ,65,,,,平成22年,ＳＲＣ,住宅,,,,,近隣商業地域,80.0,300.0,2013年第４四半期,,,7.4623979978989565
22080815,中古マンション等,,22131,静岡県,浜松市中区,中沢町,浜松,30分?60分,１Ｋ,20,,,,昭和63年,ＲＣ,住宅,,,,,第２種中高層住居専用地域,60.0,200.0,2013年第４四半期,,調停・競売等,6.113943352306837
22092672,中古マンション等,,22131,静岡県,浜松市中区,龍禅寺町,浜松,20,３ＬＤＫ,60,,,,,ＲＣ,住宅,,,,,第１種住居地域,60.0,200.0,2009年第２四半期,未改装,調停・競売等,6.845098040014257
22058235,中古マンション等,,22102,静岡県,静岡市駿河区,西中原,静岡,25,２ＤＫ,45,,,,昭和48年,ＳＲＣ,住宅,住宅,,,,近隣商業地域,80.0,200.0,2015年第２四半期,改装済,,6.414973347970818
22012160,中古マンション等,,22132,静岡県,浜松市東区,大蒲町,浜松,30分?60分,４ＬＤＫ,95,,,,平成17年,ＲＣ,,住宅,,,,工業地域,60.0,200.0,2018年第２四半期,未改装,,7.4623979978989565
22052117,中古マンション等,,22101,静岡県,静岡市葵区,常磐町,静岡,9,３ＬＤＫ,60,,,,平成10年,ＲＣ,住宅,,,,,商業地域,80.0,500.0,2010年第３四半期,未改装,,7.361727836017593
22052535,中古マンション等,,22101,静岡県,静岡市葵区,追手町,静岡,14,２ＬＤＫ,55,,,,昭和54年,ＳＲＣ,住宅,,,,,商業地域,80.0,600.0,2011年第３四半期,未改装,,6.845098040014257
22000056,中古マンション等,,22101,静岡県,静岡市葵区,上土,東静岡,30分?60分,３ＬＤＫ,70,,,,平成9年,ＲＣ,住宅,住宅,,,,第１種住居地域,60.0,200.0,2016年第３四半期,,,7.176091259055681
22123865,中古マンション等,,22133,静岡県,浜松市西区,舞阪町弁天島,浜松,,２ＬＤＫ,75,,,,平成17年,ＲＣ,住宅,,,,,商業地域,80.0,400.0,2008年第３四半期,未改装,,7.531478917042255
22034883,中古マンション等,,22212,静岡県,焼津市,駅北,焼津,1,１ＤＫ,25,,,,,ＲＣ,,住宅,,,,商業地域,80.0,400.0,2018年第４四半期,未改装,,6.568201724066995
22008699,中古マンション等,,22131,静岡県,浜松市中区,上島,上島,13,４ＬＤＫ,90,,,,平成12年,ＲＣ,住宅,住宅,,,,第１種中高層住居専用地域,60.0,200.0,2016年第２四半期,未改装,,7.204119982655925
22002229,中古マンション等,,22101,静岡県,静岡市葵区,長沼,東静岡,16,２ＬＤＫ,60,,,,平成13年,ＲＣ,住宅,住宅,,,,第１種住居地域,60.0,200.0,2018年第３四半期,,,7.278753600952829
22000172,中古マンション等,,22101,静岡県,静岡市葵区,安東,静岡,30分?60分,２ＬＤＫ,65,,,,昭和64年,ＲＣ,住宅,住宅,,,,第２種中高層住居専用地域,60.0,200.0,2019年第１四半期,改装済,,7.176091259055681
22020227,中古マンション等,,22203,静岡県,沼津市,大岡,沼津,18,３ＬＤＫ,75,,,,平成16年,ＳＲＣ,,住宅,,,,準工業地域,60.0,200.0,2020年第２四半期,未改装,,7.301029995663981
22119822,中古マンション等,,22102,静岡県,静岡市駿河区,津島町,静岡,,１ＬＤＫ,30,,,,昭和49年,ＳＲＣ,住宅,,,,,近隣商業地域,80.0,200.0,2006年第３四半期,,,6.477121254719663
22011009,中古マンション等,,22131,静岡県,浜松市中区,八幡町,浜松,18,３ＬＤＫ,90,,,,平成10年,ＳＲＣ,住宅,住宅,,,,近隣商業地域,80.0,300.0,2017年第２四半期,未改装,,7.447158031342219
22080409,中古マンション等,,22131,静岡県,浜松市中区,中央,浜松,11,３ＬＤＫ,80,,,,,ＲＣ,住宅,,,,,商業地域,80.0,400.0,2013年第２四半期,未改装,,7.447158031342219
22020141,中古マンション等,,22203,静岡県,沼津市,魚町,沼津,10,３ＬＤＫ,85,,,,平成22年,ＲＣ,住宅,住宅,,,,商業地域,80.0,400.0,2018年第４四半期,未改装,,7.491361693834273
22030569,中古マンション等,,22210,静岡県,富士市,伝法,富士,30分?60分,３ＬＤＫ,65,,,,平成5年,ＲＣ,住宅,住宅,,,,第１種住居地域,60.0,200.0,2018年第４四半期,未改装,,6.903089986991944
22061395,中古マンション等,,22101,静岡県,静岡市葵区,追手町,静岡,13,１ＬＤＫ,45,,,,昭和54年,ＳＲＣ,住宅,,,,,商業地域,80.0,600.0,2012年第２四半期,改装済,,7.041392685158225
22060741,中古マンション等,,22135,静岡県,浜松市北区,三ヶ日町大崎,都筑,30分?60分,１ＬＤＫ,45,,,,昭和63年,ＳＲＣ,住宅,,,,,市街化調整区域,60.0,200.0,2014年第１四半期,未改装,,5.903089986991944
22009191,中古マンション等,,22131,静岡県,浜松市中区,幸,浜松,1H?1H30,３ＬＤＫ,65,,,,昭和50年,ＳＲＣ,住宅,その他,,,,第２種住居地域,60.0,200.0,2017年第２四半期,未改装,,6.518513939877887
22088933,中古マンション等,,22131,静岡県,浜松市中区,葵西,浜松,2H?,４ＬＤＫ,80,,,,平成9年,ＲＣ,住宅,,,,,第１種住居地域,60.0,200.0,2009年第３四半期,未改装,,7.204119982655925
22002557,中古マンション等,,22101,静岡県,静岡市葵区,東静岡,東静岡,3,３ＬＤＫ,90,,,,,,,住宅,,,,商業地域,80.0,500.0,2018年第４四半期,未改装,,7.633468455579586
22012163,中古マンション等,,22132,静岡県,浜松市東区,大蒲町,浜松,30分?60分,３ＬＤＫ,70,,,,平成15年,,,住宅,,,,第１種住居地域,60.0,200.0,2018年第１四半期,未改装,,7.079181246047625
22112428,中古マンション等,,22211,静岡県,磐田市,立野,豊田町,1,３ＬＤＫ,70,,,,平成11年,ＲＣ,住宅,,,,,近隣商業地域,80.0,200.0,2009年第４四半期,未改装,,7.2552725051033065
22092736,中古マンション等,,22131,静岡県,浜松市中区,領家,浜松,25,３ＬＤＫ,65,,,,平成20年,ＲＣ,住宅,,,,,第１種住居地域,60.0,200.0,2009年第２四半期,未改装,,7.204119982655925
22122431,中古マンション等,,22131,静岡県,浜松市中区,菅原町,浜松,18,３ＬＤＫ,65,,,,,ＲＣ,住宅,,,,,近隣商業地域,80.0,300.0,2007年第２四半期,未改装,,7.079181246047625
22004164,中古マンション等,,22102,静岡県,静岡市駿河区,石部,用宗,17,１ＤＫ,30,,,,平成6年,ＲＣ,住宅,その他,,,,第１種住居地域,60.0,200.0,2017年第４四半期,,,6.690196080028514
22017446,中古マンション等,,22135,静岡県,浜松市北区,三ヶ日町大崎,都筑,30分?60分,１ＬＤＫ,40,,,,昭和61年,ＲＣ,住宅,その他,,,,市街化調整区域,60.0,200.0,2019年第２四半期,改装済,,6.838849090737256
22122814,中古マンション等,,22131,静岡県,浜松市中区,東伊場,浜松,18,２ＬＤＫ,70,,,,平成7年,ＲＣ,住宅,,,,,近隣商業地域,80.0,300.0,2007年第４四半期,未改装,,7.041392685158225
22004108,中古マンション等,,22102,静岡県,静岡市駿河区,下島,静岡,30分?60分,２ＬＤＫ,50,,,,昭和50年,ＲＣ,,住宅,,,,第２種中高層住居専用地域,60.0,200.0,2018年第３四半期,改装済,,6.6020599913279625
22062865,中古マンション等,,22131,静岡県,浜松市中区,中央,浜松,9,４ＬＤＫ,85,,,,平成12年,ＲＣ,住宅,住宅,,,,商業地域,80.0,400.0,2015年第１四半期,未改装,,7.431363764158987
22119751,中古マンション等,,22102,静岡県,静岡市駿河区,石部,用宗,15,２ＬＤＫ,50,,,,平成6年,ＲＣ,住宅,,,,,第１種住居地域,60.0,200.0,2008年第１四半期,未改装,,6.903089986991944
22075082,中古マンション等,,22210,静岡県,富士市,錦町,富士,30分?60分,３ＬＤＫ,65,,,,昭和57年,ＲＣ,住宅,,,,,近隣商業地域,80.0,300.0,2014年第１四半期,,調停・競売等,6.544068044350276
22072058,中古マンション等,,22131,静岡県,浜松市中区,寺島町,浜松,13,２ＤＫ,55,,,,平成3年,ＳＲＣ,住宅,,,,,近隣商業地域,80.0,300.0,2012年第１四半期,未改装,,6.812913356642856
22098859,中古マンション等,,22206,静岡県,三島市,（大字なし）,三島,21,５ＬＤＫ,100,,,,平成13年,ＲＣ,住宅,,,,,第１種低層住居専用地域,50.0,80.0,2013年第３四半期,未改装,,7.3222192947339195
22110950,中古マンション等,,22213,静岡県,掛川市,連雀,掛川,5,３ＬＤＫ,75,,,,平成9年,ＳＲＣ,住宅,,,,,商業地域,80.0,400.0,2013年第１四半期,改装済,,7.146128035678238
22091225,中古マンション等,,22131,静岡県,浜松市中区,中央,浜松,9,３ＬＤＫ,70,,,,平成12年,ＳＲＣ,住宅,,,,,商業地域,80.0,400.0,2009年第４四半期,改装済,,7.230448921378274
22021619,中古マンション等,,22203,静岡県,沼津市,沼北町,沼津,24,３ＬＤＫ,70,,,,平成17年,ＲＣ,住宅,住宅,,,,準工業地域,60.0,200.0,2018年第４四半期,未改装,,7.230448921378274
22073614,中古マンション等,,22102,静岡県,静岡市駿河区,西中原,静岡,30分?60分,,70,,,,,ＲＣ,住宅,,,,,工業地域,60.0,200.0,2013年第１四半期,改装済,,7.176091259055681
22004540,中古マンション等,,22102,静岡県,静岡市駿河区,中島,静岡,30分?60分,４ＬＤＫ,110,,,,平成13年,,,事務所,,,,準工業地域,60.0,200.0,2018年第４四半期,未改装,,7.505149978319906
22124699,中古マンション等,,22135,静岡県,浜松市北区,三ヶ日町都筑,東都筑,23,１Ｋ,25,,,,昭和49年,ＳＲＣ,住宅,,,,,市街化調整区域,60.0,200.0,2008年第２四半期,改装済,,5.778151250383644
22051445,中古マンション等,,22102,静岡県,静岡市駿河区,稲川,静岡,7,３ＬＤＫ,85,,,,平成21年,ＲＣ,住宅,住宅,,,,商業地域,80.0,400.0,2014年第４四半期,未改装,,7.57978359661681
22078859,中古マンション等,,22207,静岡県,富士宮市,中央町,富士宮,3,２ＬＤＫ,75,,,,平成17年,ＲＣ,住宅,住宅,,,,商業地域,80.0,400.0,2015年第２四半期,改装済,,7.3979400086720375
22023791,中古マンション等,,22206,静岡県,三島市,松が丘,三島,30分?60分,３ＬＤＫ,65,,,,平成13年,,,住宅,,,,第２種住居地域,60.0,200.0,2018年第４四半期,未改装,,7.204119982655925
22082442,中古マンション等,,22210,静岡県,富士市,平垣本町,富士,16,３ＬＤＫ,75,,,,平成7年,ＲＣ,住宅,,,,,第２種住居地域,60.0,200.0,2011年第１四半期,未改装,,7.113943352306837
22017714,中古マンション等,,22135,静岡県,浜松市北区,三ヶ日町都筑,都筑,30分?60分,１ＬＤＫ,40,,,,昭和59年,ＲＣ,住宅,その他,,,,市街化調整区域,,,2016年第４四半期,未改装,,6.041392685158225
22058175,中古マンション等,,22102,静岡県,静岡市駿河区,中原,静岡,30分?60分,３ＬＤＫ,65,,,,平成8年,ＲＣ,住宅,住宅,,,,準工業地域,60.0,200.0,2015年第３四半期,未改装,,7.176091259055681
22019094,中古マンション等,,22136,静岡県,浜松市浜北区,沼,浜北,10,３ＬＤＫ,75,,,,平成19年,ＲＣ,,住宅,,,,第２種住居地域,60.0,200.0,2018年第２四半期,未改装,,7.3222192947339195
22050716,中古マンション等,,22101,静岡県,静岡市葵区,安西,静岡,30分?60分,３ＬＤＫ,70,,,,,ＲＣ,住宅,住宅,,,,近隣商業地域,80.0,300.0,2014年第２四半期,未改装,,7.2552725051033065
22122973,中古マンション等,,22131,静岡県,浜松市中区,領家,浜松,24,３ＬＤＫ,65,,,,平成18年,ＲＣ,住宅,,,,,第１種住居地域,60.0,200.0,2008年第４四半期,,,7.301029995663981
22002171,中古マンション等,,22101,静岡県,静岡市葵区,常磐町,静岡,10,３ＬＤＫ,50,,,,平成10年,ＳＲＣ,,住宅,,,,商業地域,80.0,500.0,2017年第４四半期,未改装,,7.342422680822207
22118704,中古マンション等,,22101,静岡県,静岡市葵区,伝馬町,静岡,4,３ＬＤＫ,80,,,,昭和59年,ＳＲＣ,住宅,,,,,商業地域,80.0,600.0,2008年第３四半期,未改装,,7.301029995663981
22034908,中古マンション等,,22212,静岡県,焼津市,駅北,焼津,4,２ＬＤＫ,65,,,,平成3年,ＲＣ,住宅,住宅,,,,第１種住居地域,60.0,200.0,2016年第２四半期,未改装,,6.7160033436347994
22009048,中古マンション等,,22131,静岡県,浜松市中区,鴨江町,浜松,18,３ＬＤＫ,55,,,,,,,,,,,第２種住居地域,60.0,200.0,2020年第３四半期,,,7.6020599913279625
22122088,中古マンション等,,22131,静岡県,浜松市中区,葵東,浜松,1H?1H30,４ＬＤＫ,75,,,,平成11年,ＲＣ,住宅,,,,,近隣商業地域,80.0,300.0,2007年第４四半期,改装済,,7.301029995663981
22009096,中古マンション等,,22131,静岡県,浜松市中区,北寺島町,浜松,12,１ＬＤＫ,20,,,,平成2年,,,住宅,,,,商業地域,80.0,500.0,2017年第３四半期,未改装,,6.380211241711606
22119237,中古マンション等,,22101,静岡県,静岡市葵区,竜南,静岡,30分?60分,３ＬＤＫ,70,,,,平成19年,ＲＣ,住宅,,,,,第２種中高層住居専用地域,60.0,200.0,2008年第１四半期,,,7.431363764158987
22058181,中古マンション等,,22102,静岡県,静岡市駿河区,中原,静岡,25,３ＬＤＫ,70,,,,,ＲＣ,住宅,住宅,,,,準工業地域,60.0,200.0,2015年第１四半期,,,7.3979400086720375
22061699,中古マンション等,,22131,静岡県,浜松市中区,鴨江,浜松,30分?60分,１Ｋ,25,,,,昭和50年,ＳＲＣ,住宅,その他,,,,第２種中高層住居専用地域,60.0,200.0,2015年第４四半期,未改装,,5.991226075692495
22051447,中古マンション等,,22102,静岡県,静岡市駿河区,稲川,静岡,6,３ＬＤＫ,70,,,,平成21年,ＲＣ,住宅,住宅,,,,商業地域,80.0,400.0,2014年第３四半期,未改装,,7.491361693834273
22039924,中古マンション等,,22214,静岡県,藤枝市,前島,藤枝,6,２ＬＤＫ,65,,,,平成20年,,,住宅,,,,第２種住居地域,60.0,200.0,2018年第２四半期,未改装,,7.301029995663981
22076507,中古マンション等,,22206,静岡県,三島市,加茂川町,三島,16,３ＬＤＫ,70,,,,平成27年,ＳＲＣ,住宅,住宅,,,,第２種住居地域,60.0,200.0,2015年第２四半期,未改装,,7.2552725051033065
22020339,中古マンション等,,22203,静岡県,沼津市,大岡,沼津,20,４ＬＤＫ,80,,,,平成28年,,住宅,住宅,,,,準工業地域,60.0,200.0,2018年第１四半期,未改装,,7.3979400086720375
22006982,中古マンション等,,22103,静岡県,静岡市清水区,庄福町,清水(静岡),30分?60分,３Ｋ,50,,,,,ＲＣ,住宅,,,,,第１種中高層住居専用地域,60.0,200.0,2017年第２四半期,未改装,,5.8750612633917
22105747,中古マンション等,,22210,静岡県,富士市,蓼原,富士,30分?60分,２ＤＫ,35,,,,昭和63年,ＳＲＣ,住宅,,,,,工業地域,60.0,200.0,2013年第２四半期,未改装,,6.079181246047625
22030425,中古マンション等,,22210,静岡県,富士市,蓼原,富士,18,３ＬＤＫ,65,,,,平成19年,ＲＣ,住宅,住宅,,,,工業地域,60.0,200.0,2020年第２四半期,改装済,,7.431363764158987
22020559,中古マンション等,,22203,静岡県,沼津市,大手町,沼津,4,３ＬＤＫ,75,,,,平成18年,ＳＲＣ,住宅,住宅,,,,商業地域,80.0,500.0,2016年第３四半期,未改装,,7.361727836017593
22105411,中古マンション等,,22206,静岡県,三島市,青木,三島田町,15,３ＬＤＫ,70,,,,平成16年,ＲＣ,住宅,,,,,第１種住居地域,60.0,200.0,2009年第１四半期,未改装,,7.204119982655925
22014698,中古マンション等,,22133,静岡県,浜松市西区,舞阪町弁天島,弁天島,2,１ＬＤＫ,55,,,,昭和51年,ＳＲＣ,住宅,その他,,,,商業地域,80.0,400.0,2019年第１四半期,未改装,,6.633468455579586
22056318,中古マンション等,,22131,静岡県,浜松市中区,小豆餅,浜松,1H?1H30,３ＬＤＫ,65,,,,平成4年,ＲＣ,住宅,,,,,第１種住居地域,60.0,200.0,2010年第２四半期,未改装,調停・競売等,6.857332496431268
22010027,中古マンション等,,22131,静岡県,浜松市中区,高丘東,浜松,1H30?2H,３ＬＤＫ,70,,,,平成5年,ＳＲＣ,住宅,住宅,,,,工業地域,60.0,200.0,2020年第１四半期,改装済,,7.146128035678238
22070531,中古マンション等,,22131,静岡県,浜松市中区,木戸町,浜松,18,３ＬＤＫ,70,,,,平成7年,ＲＣ,住宅,,,,,近隣商業地域,80.0,200.0,2012年第２四半期,未改装,,7.146128035678238
22007783,中古マンション等,,22103,静岡県,静岡市清水区,港町,清水(静岡),23,１ＬＤＫ,70,,,,平成8年,ＳＲＣ,住宅,住宅,,,,工業地域,60.0,200.0,2016年第３四半期,改装済,,7.176091259055681
22011375,中古マンション等,,22131,静岡県,浜松市中区,元浜町,浜松,16,２ＬＤＫ,65,,,,平成20年,ＲＣ,住宅,住宅,,,,商業地域,80.0,500.0,2019年第４四半期,未改装,,7.361727836017593
22122686,中古マンション等,,22131,静岡県,浜松市中区,中沢町,浜松,25,２Ｋ,25,,,,平成3年,ＲＣ,住宅,,,,,商業地域,80.0,400.0,2008年第３四半期,未改装,,6.643452676486188
22055148,中古マンション等,,22131,静岡県,浜松市中区,高町,浜松,16,４ＬＤＫ,95,,,,平成14年,ＳＲＣ,住宅,,,,,商業地域,80.0,500.0,2014年第１四半期,未改装,,7.361727836017593
22059410,中古マンション等,,22103,静岡県,静岡市清水区,神田町,清水(静岡),30分?60分,２ＬＤＫ,60,,,,平成10年,ＲＣ,住宅,住宅,,,,第１種住居地域,60.0,200.0,2015年第１四半期,未改装,調停・競売等,7.041392685158225
22088478,中古マンション等,,22210,静岡県,富士市,横割本町,富士,4,３ＬＤＫ,70,,,,平成24年,ＲＣ,住宅,住宅,,,,商業地域,80.0,400.0,2015年第４四半期,未改装,,7.3222192947339195
22078243,中古マンション等,,22101,静岡県,静岡市葵区,上足洗,静岡,30分?60分,３ＬＤＫ,100,,,,平成11年,ＲＣ,住宅,,,,,第１種中高層住居専用地域,60.0,200.0,2009年第２四半期,未改装,,7.3979400086720375
22009349,中古マンション等,,22131,静岡県,浜松市中区,佐鳴台,浜松,30分?60分,３ＬＤＫ,75,,,,昭和53年,ＲＣ,住宅,住宅,,,,第１種中高層住居専用地域,60.0,200.0,2017年第３四半期,改装済,,6.826074802700826
22005067,中古マンション等,,22102,静岡県,静岡市駿河区,曲金,東静岡,13,３ＬＤＫ,85,,,,平成20年,ＲＣ,,住宅,,,,工業地域,,,2019年第３四半期,未改装,,7.491361693834273
22055239,中古マンション等,,22101,静岡県,静岡市葵区,北安東,静岡,30分?60分,４ＬＤＫ,90,,,,平成16年,ＲＣ,住宅,住宅,,,,第２種中高層住居専用地域,60.0,200.0,2015年第４四半期,未改装,,7.431363764158987
22007112,中古マンション等,,22103,静岡県,静岡市清水区,千歳町,清水(静岡),16,３ＬＤＫ,60,,,,平成8年,ＲＣ,,住宅,,,,近隣商業地域,80.0,300.0,2017年第４四半期,未改装,,7.113943352306837
22017558,中古マンション等,,22135,静岡県,浜松市北区,三ヶ日町下尾奈,三ケ日,30分?60分,２ＤＫ,45,,,,,,,その他,,,,市街化調整区域,60.0,200.0,2018年第２四半期,未改装,,5.698970004336019
22005460,中古マンション等,,22102,静岡県,静岡市駿河区,南町,静岡,5,２ＤＫ,35,,,,昭和55年,,住宅,住宅,,,,商業地域,80.0,400.0,2020年第１四半期,未改装,,7.301029995663981
22057305,中古マンション等,,22131,静岡県,浜松市中区,住吉,浜松,30分?60分,３ＬＤＫ,60,,,,昭和50年,ＲＣ,住宅,,,,,第２種住居地域,60.0,200.0,2010年第３四半期,未改装,,6.7160033436347994
22020242,中古マンション等,,22203,静岡県,沼津市,大岡,沼津,29,３ＬＤＫ,65,,,,平成6年,,住宅,住宅,,,,第２種中高層住居専用地域,60.0,200.0,2020年第１四半期,改装済,,6.9084850188786495
22066123,中古マンション等,,22133,静岡県,浜松市西区,入野町,浜松,30分?60分,４ＬＤＫ,125,,,,平成15年,ＲＣ,住宅,その他,,,,第２種住居地域,60.0,200.0,2015年第２四半期,改装済,,7.643452676486188
22006757,中古マンション等,,22103,静岡県,静岡市清水区,楠新田,草薙(ＪＲ),9,３ＬＤＫ,65,,,,平成12年,ＲＣ,,住宅,,,,準工業地域,60.0,200.0,2017年第４四半期,未改装,,7.204119982655925
22082230,中古マンション等,,22211,静岡県,磐田市,見付,磐田,30分?60分,３ＬＤＫ,70,,,,,ＲＣ,住宅,,,,,第１種中高層住居専用地域,60.0,150.0,2010年第４四半期,改装済,,6.954242509439325
22100588,中古マンション等,,22136,静岡県,浜松市浜北区,貴布祢,浜北,4,１Ｋ,15,,,,平成3年,ＲＣ,住宅,,,,,商業地域,80.0,400.0,2009年第１四半期,未改装,,5.447158031342219
22008409,中古マンション等,,22131,静岡県,浜松市中区,旭町,浜松,3,３ＬＤＫ,80,,,,令和2年,ＲＣ,住宅,住宅,,,,商業地域,80.0,600.0,2020年第２四半期,改装済,,7.643452676486188
22071719,中古マンション等,,22131,静岡県,浜松市中区,高丘西,浜松,1H30?2H,３ＬＤＫ,70,,,,昭和64年,ＲＣ,住宅,,,,,第１種住居地域,60.0,200.0,2012年第１四半期,改装済,,6.929418925714293
22054462,中古マンション等,,22131,静岡県,浜松市中区,紺屋町,浜松,14,３ＬＤＫ,75,,,,平成18年,ＲＣ,住宅,,,,,近隣商業地域,80.0,300.0,2014年第１四半期,,,7.342422680822207
22053749,中古マンション等,,22101,静岡県,静岡市葵区,長沼,東静岡,11,３ＬＤＫ,110,,,,平成15年,ＲＣ,住宅,,,,,第１種住居地域,60.0,200.0,2011年第４四半期,未改装,,7.6020599913279625
22065606,中古マンション等,,22132,静岡県,浜松市東区,中郡町,浜松,2H?,３ＬＤＫ,70,,,,平成7年,ＳＲＣ,住宅,住宅,,,,市街化調整区域,60.0,200.0,2015年第３四半期,未改装,,7.041392685158225
22071149,中古マンション等,,22131,静岡県,浜松市中区,新津町,助信,1,４ＬＤＫ,75,,,,昭和59年,ＳＲＣ,住宅,,,,,近隣商業地域,80.0,200.0,2012年第３四半期,未改装,,6.954242509439325
22023613,中古マンション等,,22206,静岡県,三島市,東本町,三島田町,5,３ＬＤＫ,65,,,,平成8年,,,住宅,,,,第１種住居地域,60.0,200.0,2019年第１四半期,未改装,,7.176091259055681
22099690,中古マンション等,,22135,静岡県,浜松市北区,三ヶ日町大崎,都筑,30分?60分,２ＬＤＫ,60,,,,平成2年,ＳＲＣ,住宅,,,,,市街化調整区域,60.0,200.0,2009年第１四半期,改装済,,6.949390006644912
22023742,中古マンション等,,22206,静岡県,三島市,文教町,三島,16,３ＬＤＫ,75,,,,平成24年,ＲＣ,,住宅,,,,第１種中高層住居専用地域,60.0,200.0,2019年第１四半期,未改装,,7.477121254719663
22087842,中古マンション等,,22103,静岡県,静岡市清水区,半左衛門新田,草薙(ＪＲ),24,２ＬＤＫ,75,,,,昭和56年,ＳＲＣ,住宅,,,,,準住居地域,60.0,200.0,2009年第１四半期,未改装,,6.977723605288848
22084032,中古マンション等,,22132,静岡県,浜松市東区,天龍川町,天竜川,1,３ＬＤＫ,60,,,,,ＳＲＣ,住宅,,,,,近隣商業地域,80.0,300.0,2013年第３四半期,未改装,,7.0
22057201,中古マンション等,,22102,静岡県,静岡市駿河区,稲川,静岡,7,３ＬＤＫ,90,,,,平成21年,ＲＣ,住宅,住宅,,,,商業地域,80.0,400.0,2015年第１四半期,未改装,,7.5910646070264995
22052787,中古マンション等,,22103,静岡県,静岡市清水区,神田町,清水(静岡),30分?60分,２ＬＤＫ,60,,,,,ＲＣ,住宅,その他,,,,第１種住居地域,60.0,200.0,2014年第４四半期,未改装,調停・競売等,7.041392685158225
22073232,中古マンション等,,22131,静岡県,浜松市中区,元魚町,浜松,16,３ＬＤＫ,90,,,,平成2年,ＲＣ,住宅,,,,,近隣商業地域,80.0,300.0,2012年第３四半期,未改装,,7.146128035678238
22068160,中古マンション等,,22101,静岡県,静岡市葵区,追手町,静岡,14,２ＬＤＫ,55,,,,昭和54年,ＳＲＣ,住宅,,,,,商業地域,80.0,600.0,2013年第４四半期,,,6.954242509439325
22016891,中古マンション等,,22135,静岡県,浜松市北区,初生町,浜松,1H30?2H,３ＬＤＫ,75,,,,平成13年,ＲＣ,住宅,住宅,,,,市街化調整区域,60.0,200.0,2016年第１四半期,未改装,,7.176091259055681
22011377,中古マンション等,,22131,静岡県,浜松市中区,元浜町,浜松,18,３ＬＤＫ,80,,,,平成24年,,,住宅,,,,商業地域,80.0,400.0,2019年第３四半期,改装済,,7.477121254719663
22086858,中古マンション等,,22203,静岡県,沼津市,桃里,原(静岡),30分?60分,３ＬＤＫ,65,,,,,ＲＣ,住宅,,,,,市街化調整区域,,,2012年第４四半期,改装済,,6.944482672150168
22007425,中古マンション等,,22103,静岡県,静岡市清水区,西久保,清水(静岡),25,３ＬＤＫ,75,,,,,ＲＣ,住宅,その他,,,,第１種住居地域,60.0,200.0,2016年第３四半期,未改装,調停・競売等,7.113943352306837
22009600,中古マンション等,,22131,静岡県,浜松市中区,助信町,浜松,29,３ＬＤＫ,75,,,,平成14年,ＲＣ,住宅,住宅,,,,第１種住居地域,60.0,200.0,2019年第２四半期,未改装,調停・競売等,7.146128035678238
22119745,中古マンション等,,22102,静岡県,静岡市駿河区,新川,静岡,,３ＬＤＫ,70,,,,平成5年,ＲＣ,住宅,,,,,準工業地域,60.0,200.0,2007年第１四半期,未改装,,7.230448921378274
22033763,中古マンション等,,22211,静岡県,磐田市,中泉,磐田,4,３ＬＤＫ,85,,,,平成18年,,,住宅,,,,第１種住居地域,60.0,200.0,2019年第４四半期,未改装,,7.380211241711606
22022930,中古マンション等,,22206,静岡県,三島市,梅名,大場,15,３ＬＤＫ,70,,,,平成8年,,,住宅,,,,第２種中高層住居専用地域,60.0,150.0,2019年第２四半期,未改装,,7.146128035678238
22093656,中古マンション等,,22203,静岡県,沼津市,大岡,沼津,21,２ＬＤＫ,65,,,,昭和59年,ＲＣ,住宅,,,,,準工業地域,60.0,200.0,2013年第４四半期,未改装,,6.812913356642856
22078426,中古マンション等,,22131,静岡県,浜松市中区,鍛冶町,浜松,9,３ＬＤＫ,75,,,,,ＳＲＣ,住宅,,,,,商業地域,80.0,400.0,2013年第４四半期,未改装,,7.342422680822207
22018285,中古マンション等,,22136,静岡県,浜松市浜北区,貴布祢,浜北,6,４ＬＤＫ,75,,,,平成30年,ＲＣ,住宅,住宅,,,,第２種中高層住居専用地域,60.0,150.0,2020年第２四半期,未改装,,7.491361693834273
22023618,中古マンション等,,22206,静岡県,三島市,東本町,三島田町,5,３ＬＤＫ,75,,,,平成8年,,,住宅,,,,第１種住居地域,60.0,200.0,2018年第４四半期,改装済,,7.301029995663981
22063935,中古マンション等,,22131,静岡県,浜松市中区,三組町,浜松,25,３ＬＤＫ,65,,,,平成17年,ＲＣ,住宅,住宅,,,,第１種住居地域,60.0,200.0,2015年第１四半期,未改装,,7.278753600952829
22059768,中古マンション等,,22132,静岡県,浜松市東区,半田山,浜松,1H30?2H,,70,,,,平成14年,ＲＣ,住宅,,,,,第２種中高層住居専用地域,60.0,200.0,2010年第４四半期,,,7.176091259055681
22129234,中古マンション等,,22210,静岡県,富士市,吉原,富士,30分?60分,３ＬＤＫ,60,,,,平成5年,ＳＲＣ,住宅,,,,,商業地域,80.0,400.0,2007年第４四半期,未改装,,7.041392685158225
22066569,中古マンション等,,22203,静岡県,沼津市,新宿町,沼津,8,３ＬＤＫ,75,,,,昭和59年,ＳＲＣ,住宅,,,,,商業地域,80.0,400.0,2010年第４四半期,未改装,,7.176091259055681
22084099,中古マンション等,,22132,静岡県,浜松市東区,中郡町,天竜川,1H?1H30,２ＬＤＫ,70,,,,,ＲＣ,住宅,,,,,市街化調整区域,60.0,200.0,2013年第３四半期,未改装,,6.653212513775344
22008868,中古マンション等,,22131,静岡県,浜松市中区,神田町,浜松,29,４ＬＤＫ,80,,,,平成10年,ＲＣ,住宅,住宅,,,,第１種住居地域,60.0,200.0,2018年第２四半期,未改装,調停・競売等,7.041392685158225
22011093,中古マンション等,,22131,静岡県,浜松市中区,東伊場,浜松,23,３ＬＤＫ,80,,,,平成20年,ＲＣ,,住宅,,,,第２種住居地域,60.0,200.0,2018年第１四半期,未改装,,7.380211241711606
22001243,中古マンション等,,22101,静岡県,静岡市葵区,三番町,静岡,20,１ＬＤＫ,50,,,,平成31年,ＲＣ,住宅,住宅,,,,近隣商業地域,80.0,200.0,2020年第３四半期,,,6.477121254719663
22000513,中古マンション等,,22101,静岡県,静岡市葵区,春日,春日町,6,３ＬＤＫ,65,,,,平成13年,ＲＣ,,住宅,,,,第１種住居地域,60.0,200.0,2019年第２四半期,,,7.230448921378274
22008608,中古マンション等,,22131,静岡県,浜松市中区,海老塚,浜松,9,２ＬＤＫ＋Ｓ,65,,,,平成7年,ＳＲＣ,住宅,住宅,,,,商業地域,80.0,500.0,2019年第１四半期,未改装,,6.903089986991944
22020554,中古マンション等,,22203,静岡県,沼津市,大手町,沼津,7,２ＬＤＫ,60,,,,昭和64年,鉄骨造,住宅,住宅,,,,商業地域,80.0,400.0,2017年第３四半期,未改装,,6.491361693834273
22071539,中古マンション等,,22101,静岡県,静岡市葵区,竜南,静岡,30分?60分,２ＬＤＫ,65,,,,平成4年,ＲＣ,住宅,,,,,第２種中高層住居専用地域,60.0,200.0,2013年第４四半期,,,7.079181246047625
22068158,中古マンション等,,22101,静岡県,静岡市葵区,追手町,静岡,13,２ＬＤＫ,55,,,,昭和54年,ＳＲＣ,住宅,,,,,商業地域,80.0,600.0,2013年第４四半期,改装済,,6.977723605288848
22092320,中古マンション等,,22131,静岡県,浜松市中区,広沢,浜松,30分?60分,３ＬＤＫ,65,,,,平成9年,ＲＣ,住宅,,,,,第１種中高層住居専用地域,60.0,200.0,2009年第１四半期,未改装,,6.544068044350276
22094504,中古マンション等,,22132,静岡県,浜松市東区,中郡町,浜松,2H?,３ＬＤＫ,70,,,,平成7年,ＳＲＣ,住宅,,,,,市街化調整区域,60.0,200.0,2009年第３四半期,未改装,,7.113943352306837
22120172,中古マンション等,,22102,静岡県,静岡市駿河区,西中原,静岡,,４ＬＤＫ,160,,,,平成3年,ＲＣ,住宅,,,,,工業地域,60.0,200.0,2007年第１四半期,未改装,,7.531478917042255
22078341,中古マンション等,,22131,静岡県,浜松市中区,板屋町,浜松,6,１ＬＤＫ,55,,,,平成18年,ＲＣ,住宅,,,,,商業地域,80.0,600.0,2013年第３四半期,未改装,,7.380211241711606
22085589,中古マンション等,,22203,静岡県,沼津市,新宿町,沼津,8,３ＤＫ,65,,,,昭和59年,ＳＲＣ,住宅,,,,,商業地域,80.0,400.0,2012年第１四半期,改装済,,7.041392685158225
22094736,中古マンション等,,22203,静岡県,沼津市,新宿町,沼津,9,３ＬＤＫ,80,,,,,ＳＲＣ,住宅,,,,,商業地域,80.0,400.0,2013年第２四半期,改装済,,7.2552725051033065
22054311,中古マンション等,,22131,静岡県,浜松市中区,上島,浜松,30分?60分,３ＬＤＫ,100,,,,平成16年,ＲＣ,住宅,,,,,第１種住居地域,60.0,200.0,2014年第１四半期,改装済,,7.361727836017593
22056386,中古マンション等,,22131,静岡県,浜松市中区,和地山,浜松,30分?60分,１ＤＫ,25,,,,昭和49年,ＳＲＣ,住宅,住宅,,,,第２種中高層住居専用地域,60.0,200.0,2014年第４四半期,未改装,,6.361727836017593
22017693,中古マンション等,,22135,静岡県,浜松市北区,三ヶ日町都筑,都筑,23,２ＬＤＫ,85,,,,平成2年,,,住宅,,,,市街化調整区域,60.0,200.0,2017年第４四半期,未改装,,7.079181246047625
22003252,中古マンション等,,22102,静岡県,静岡市駿河区,池田,東静岡,30分?60分,３ＬＤＫ,65,,,,平成9年,ＳＲＣ,住宅,住宅,,,,第１種中高層住居専用地域,60.0,150.0,2020年第３四半期,未改装,,7.041392685158225
22059684,中古マンション等,,22131,静岡県,浜松市中区,高丘東,浜松,1H30?2H,３ＬＤＫ,60,,,,平成4年,ＲＣ,住宅,,,,,工業地域,60.0,200.0,2011年第２四半期,未改装,,6.919078092376074
22052273,中古マンション等,,22102,静岡県,静岡市駿河区,南町,静岡,3,３ＬＤＫ,90,,,,平成5年,ＳＲＣ,住宅,住宅,,,,商業地域,80.0,500.0,2014年第３四半期,改装済,,7.204119982655925
22032214,中古マンション等,,22210,静岡県,富士市,吉原,吉原,30分?60分,３ＬＤＫ,60,,,,平成5年,ＳＲＣ,住宅,住宅,,,,商業地域,80.0,400.0,2018年第３四半期,改装済,,7.041392685158225
22004813,中古マンション等,,22102,静岡県,静岡市駿河区,西中原,静岡,30分?60分,３ＬＤＫ,75,,,,平成3年,ＲＣ,住宅,住宅,,,,工業地域,60.0,200.0,2017年第１四半期,未改装,,7.113943352306837
22059825,中古マンション等,,22131,静岡県,浜松市中区,寺島町,浜松,11,１Ｋ,20,,,,昭和64年,ＲＣ,住宅,,,,,近隣商業地域,80.0,300.0,2011年第３四半期,,,6.301029995663981
22023504,中古マンション等,,22206,静岡県,三島市,長伏,三島,1H?1H30,３ＬＤＫ,70,,,,平成11年,,,住宅,,,,準工業地域,60.0,200.0,2017年第３四半期,,,7.176091259055681
22065992,中古マンション等,,22203,静岡県,沼津市,大手町,沼津,3,３ＬＤＫ,85,,,,平成19年,ＲＣ,住宅,,,,,商業地域,80.0,600.0,2010年第２四半期,未改装,,7.544068044350276
22123118,中古マンション等,,22132,静岡県,浜松市東区,植松町,天竜川,30分?60分,２ＤＫ,40,,,,昭和49年,ＳＲＣ,住宅,,,,,第１種住居地域,60.0,200.0,2007年第４四半期,未改装,,6.544068044350276
22056430,中古マンション等,,22131,静岡県,浜松市中区,海老塚,浜松,11,３ＬＤＫ,65,,,,昭和49年,ＲＣ,住宅,,,,,第１種住居地域,60.0,200.0,2010年第１四半期,改装済,,6.812913356642856
22009828,中古マンション等,,22131,静岡県,浜松市中区,高丘北,浜松,1H30?2H,３ＬＤＫ,65,,,,平成18年,ＲＣ,,住宅,,,,近隣商業地域,80.0,200.0,2020年第１四半期,未改装,,7.230448921378274
22024154,中古マンション等,,22207,静岡県,富士宮市,朝日町,富士宮,14,３ＬＤＫ,55,,,,平成5年,ＲＣ,住宅,住宅,,,,第２種住居地域,60.0,200.0,2016年第２四半期,,,6.812913356642856
22096330,中古マンション等,,22133,静岡県,浜松市西区,舞阪町弁天島,弁天島,6,１ＤＫ,35,,,,平成3年,ＲＣ,住宅,,,,,第１種住居地域,60.0,200.0,2009年第４四半期,未改装,,6.477121254719663
22103647,中古マンション等,,22212,静岡県,焼津市,栄町,焼津,4,３ＬＤＫ,65,,,,平成9年,ＲＣ,住宅,,,,,準工業地域,60.0,200.0,2012年第２四半期,未改装,,7.230448921378274
22032215,中古マンション等,,22210,静岡県,富士市,吉原,吉原,30分?60分,４ＬＤＫ,70,,,,平成5年,ＳＲＣ,住宅,住宅,,,,商業地域,80.0,400.0,2018年第３四半期,未改装,,7.041392685158225
22101205,中古マンション等,,22211,静岡県,磐田市,上本郷,豊田町,1,３ＬＤＫ,75,,,,平成9年,ＳＲＣ,住宅,,,,,近隣商業地域,80.0,200.0,2012年第３四半期,改装済,,7.204119982655925
22055870,中古マンション等,,22131,静岡県,浜松市中区,東伊場,浜松,19,３ＬＤＫ,80,,,,昭和61年,ＲＣ,住宅,住宅,,,,近隣商業地域,80.0,300.0,2014年第４四半期,未改装,,6.845098040014257
22076520,中古マンション等,,22103,静岡県,静岡市清水区,辻,清水(静岡),3,４ＬＤＫ,80,,,,平成13年,ＳＲＣ,住宅,,,,,商業地域,80.0,500.0,2013年第４四半期,未改装,,7.2552725051033065
22014720,中古マンション等,,22133,静岡県,浜松市西区,舞阪町弁天島,弁天島,2,１ＤＫ,40,,,,昭和51年,ＳＲＣ,住宅,住宅,,,,商業地域,80.0,400.0,2016年第２四半期,,,6.505149978319906
22071967,中古マンション等,,22131,静岡県,浜松市中区,中央,浜松,14,３ＬＤＫ,75,,,,平成16年,ＳＲＣ,住宅,,,,,近隣商業地域,80.0,300.0,2012年第４四半期,未改装,,7.380211241711606
22060497,中古マンション等,,22131,静岡県,浜松市中区,広沢,浜松,30分?60分,４ＬＤＫ,140,,,,平成13年,ＲＣ,住宅,,,,,第１種中高層住居専用地域,60.0,200.0,2011年第３四半期,改装済,,7.707570176097937
22051359,中古マンション等,,22101,静岡県,静岡市葵区,追手町,静岡,16,２ＬＤＫ,55,,,,昭和54年,ＳＲＣ,住宅,,,,,商業地域,80.0,600.0,2010年第２四半期,改装済,,6.973127853599698
22119723,中古マンション等,,22102,静岡県,静岡市駿河区,下島,静岡,30分?60分,３ＬＤＫ,75,,,,昭和51年,ＲＣ,住宅,,,,,第２種中高層住居専用地域,60.0,200.0,2008年第１四半期,未改装,,6.903089986991944
22003156,中古マンション等,,22101,静岡県,静岡市葵区,竜南,静岡,30分?60分,３ＬＤＫ,75,,,,平成13年,ＲＣ,住宅,住宅,,,,第２種中高層住居専用地域,60.0,200.0,2018年第１四半期,未改装,,6.431363764158987
22065500,中古マンション等,,22132,静岡県,浜松市東区,天王町,浜松,1H?1H30,,80,,,,平成2年,ＲＣ,住宅,住宅,,,,第１種住居地域,60.0,200.0,2015年第１四半期,改装済,,6.991226075692495
22122299,中古マンション等,,22131,静岡県,浜松市中区,幸,浜松,30分?60分,３ＬＤＫ,65,,,,平成19年,ＲＣ,住宅,,,,,第２種住居地域,60.0,200.0,2007年第４四半期,未改装,,7.431363764158987
22021138,中古マンション等,,22203,静岡県,沼津市,庄栄町,沼津,10,３ＬＤＫ,75,,,,平成4年,ＳＲＣ,住宅,住宅,,,,準住居地域,60.0,200.0,2016年第１四半期,改装済,,7.041392685158225
22075522,中古マンション等,,22203,静岡県,沼津市,吉田町,沼津,22,２ＬＤＫ,65,,,,昭和62年,ＲＣ,住宅,住宅,,,,準工業地域,60.0,200.0,2015年第３四半期,,,6.897627091290442
22003333,中古マンション等,,22102,静岡県,静岡市駿河区,池田,東静岡,30分?60分,３ＬＤＫ,70,,,,平成23年,ＲＣ,住宅,住宅,,,,第１種住居地域,60.0,200.0,2017年第１四半期,未改装,,7.380211241711606
22011127,中古マンション等,,22131,静岡県,浜松市中区,曳馬,浜松,30分?60分,３ＬＤＫ,80,,,,平成16年,ＲＣ,住宅,住宅,,,,第１種住居地域,60.0,200.0,2020年第３四半期,未改装,,7.230448921378274
22124682,中古マンション等,,22135,静岡県,浜松市北区,三ヶ日町都筑,都筑,21,１ＬＤＫ,50,,,,平成2年,ＳＲＣ,住宅,,,,,市街化調整区域,60.0,200.0,2008年第１四半期,未改装,,6.698970004336019
22001262,中古マンション等,,22101,静岡県,静岡市葵区,三番町,静岡,23,３ＬＤＫ,70,,,,平成20年,ＲＣ,住宅,住宅,,,,近隣商業地域,80.0,200.0,2016年第４四半期,未改装,,7.361727836017593
22079204,中古マンション等,,22131,静岡県,浜松市中区,佐藤,浜松,29,４ＬＤＫ,105,,,,平成14年,ＳＲＣ,住宅,,,,,第２種住居地域,60.0,200.0,2013年第１四半期,未改装,,7.2552725051033065
22070065,中古マンション等,,22135,静岡県,浜松市北区,三ヶ日町都筑,都筑,30分?60分,１ＬＤＫ,50,,,,平成2年,ＳＲＣ,住宅,住宅,,,,市街化調整区域,60.0,200.0,2015年第３四半期,未改装,,6.6020599913279625
22002876,中古マンション等,,22101,静岡県,静岡市葵区,南安倍,静岡,23,３ＬＤＫ,65,,,,平成12年,ＳＲＣ,,住宅,,,,近隣商業地域,80.0,200.0,2018年第１四半期,未改装,,7.0
22001291,中古マンション等,,22101,静岡県,静岡市葵区,七間町,静岡,12,３ＬＤＫ,80,,,,平成14年,ＳＲＣ,住宅,住宅,,,,商業地域,80.0,600.0,2019年第３四半期,未改装,,7.431363764158987
22002577,中古マンション等,,22101,静岡県,静岡市葵区,東鷹匠町,静岡,24,３ＬＤＫ,80,,,,平成13年,ＲＣ,住宅,住宅,,,,第２種住居地域,60.0,200.0,2016年第１四半期,未改装,,7.491361693834273
22128455,中古マンション等,,22210,静岡県,富士市,大淵,富士,1H30?2H,４ＬＤＫ,85,,,,平成3年,ＲＣ,住宅,,,,,市街化調整区域,60.0,200.0,2007年第４四半期,未改装,,7.0
22120337,中古マンション等,,22102,静岡県,静岡市駿河区,馬渕,静岡,,３ＬＤＫ,75,,,,平成14年,ＲＣ,住宅,,,,,近隣商業地域,80.0,200.0,2006年第２四半期,未改装,,7.342422680822207
22084783,中古マンション等,,22203,静岡県,沼津市,大手町,沼津,3,３ＬＤＫ,90,,,,平成19年,ＲＣ,住宅,,,,,商業地域,80.0,500.0,2012年第３四半期,未改装,調停・競売等,7.361727836017593
22064614,中古マンション等,,22203,静岡県,沼津市,常盤町,沼津,20,,65,,,,,ＲＣ,住宅,住宅,,,,近隣商業地域,80.0,200.0,2014年第４四半期,未改装,,6.763427993562937
22126500,中古マンション等,,22206,静岡県,三島市,広小路町,三島広小路,1,３ＬＤＫ,85,,,,平成20年,ＲＣ,住宅,,,,,商業地域,80.0,400.0,2008年第３四半期,未改装,,7.681241237375588
22031269,中古マンション等,,22210,静岡県,富士市,平垣町,富士,10,３ＬＤＫ,80,,,,平成20年,ＲＣ,住宅,住宅,,,,近隣商業地域,80.0,200.0,2017年第３四半期,未改装,,7.278753600952829
22056197,中古マンション等,,22131,静岡県,浜松市中区,相生町,浜松,19,３ＬＤＫ,70,,,,平成11年,ＳＲＣ,住宅,,,,,商業地域,80.0,400.0,2010年第３四半期,改装済,,7.204119982655925
22053964,中古マンション等,,22102,静岡県,静岡市駿河区,宮竹,静岡,30分?60分,４ＬＤＫ,75,,,,平成16年,ＲＣ,住宅,,,,,第２種中高層住居専用地域,60.0,200.0,2010年第３四半期,未改装,,7.342422680822207
22083355,中古マンション等,,22210,静岡県,富士市,元町,富士,7,３ＬＤＫ,60,,,,昭和61年,ＳＲＣ,住宅,,,,,近隣商業地域,80.0,200.0,2011年第４四半期,未改装,,6.880813592280791
22121172,中古マンション等,,22103,静岡県,静岡市清水区,草薙,草薙(ＪＲ),15,３ＬＤＫ,75,,,,平成12年,ＲＣ,住宅,,,,,第１種低層住居専用地域,40.0,80.0,2007年第３四半期,未改装,,7.380211241711606
22069226,中古マンション等,,22203,静岡県,沼津市,岡一色,沼津,30分?60分,３ＬＤＫ,60,,,,平成7年,ＲＣ,住宅,,,,,第１種住居地域,60.0,200.0,2011年第３四半期,未改装,調停・競売等,6.653212513775344
22003443,中古マンション等,,22102,静岡県,静岡市駿河区,稲川,静岡,6,２ＬＤＫ,50,,,,平成12年,ＲＣ,住宅,住宅,,,,商業地域,80.0,500.0,2017年第２四半期,未改装,調停・競売等,7.113943352306837
22051184,中古マンション等,,22101,静岡県,静岡市葵区,馬場町,静岡,16,３ＬＤＫ,80,,,,平成15年,ＳＲＣ,住宅,住宅,,,,商業地域,80.0,400.0,2014年第２四半期,未改装,,7.531478917042255
22119088,中古マンション等,,22101,静岡県,静岡市葵区,南安倍,静岡,,１Ｒ,15,,,,平成3年,ＲＣ,住宅,,,,,近隣商業地域,80.0,300.0,2006年第２四半期,,,6.477121254719663
22066718,中古マンション等,,22203,静岡県,沼津市,高島町,沼津,4,１ＬＤＫ,50,,,,平成19年,ＲＣ,住宅,,,,,商業地域,80.0,400.0,2010年第２四半期,未改装,,7.2552725051033065
22122254,中古マンション等,,22131,静岡県,浜松市中区,北寺島町,浜松,11,,75,,,,平成15年,ＲＣ,住宅,,,,,第２種住居地域,60.0,200.0,2008年第３四半期,,調停・競売等,7.176091259055681
22068504,中古マンション等,,22203,静岡県,沼津市,内浦小海,沼津,2H?,１ＬＤＫ,45,,,,平成2年,ＳＲＣ,住宅,,,,,市街化調整区域,60.0,200.0,2011年第２四半期,未改装,,6.838849090737256
22124696,中古マンション等,,22135,静岡県,浜松市北区,三ヶ日町都筑,東都筑,26,１ＬＤＫ,50,,,,平成2年,ＳＲＣ,住宅,,,,,市街化調整区域,60.0,200.0,2008年第３四半期,未改装,,6.698970004336019
22061606,中古マンション等,,22101,静岡県,静岡市葵区,音羽町,静岡,13,１ＬＤＫ,70,,,,平成16年,ＲＣ,住宅,,,,,第２種住居地域,60.0,200.0,2012年第１四半期,未改装,,7.361727836017593
22122823,中古マンション等,,22131,静岡県,浜松市中区,東伊場,浜松,23,４ＬＤＫ,80,,,,昭和62年,ＳＲＣ,住宅,,,,,近隣商業地域,80.0,300.0,2007年第２四半期,未改装,,7.079181246047625
22129551,中古マンション等,,22211,静岡県,磐田市,中泉,磐田,2,３ＬＤＫ,75,,,,平成19年,ＲＣ,住宅,,,,,商業地域,80.0,400.0,2008年第３四半期,未改装,,7.3979400086720375
22054761,中古マンション等,,22131,静岡県,浜松市中区,新津町,浜松,30分?60分,３ＬＤＫ,75,,,,平成11年,ＲＣ,住宅,住宅,,,,第１種住居地域,60.0,200.0,2014年第３四半期,未改装,,7.146128035678238
22072726,中古マンション等,,22206,静岡県,三島市,西若町,三島,11,４ＬＤＫ,80,,,,昭和64年,ＳＲＣ,住宅,,,,,第１種住居地域,60.0,200.0,2011年第４四半期,改装済,,7.204119982655925
22122592,中古マンション等,,22131,静岡県,浜松市中区,中央,浜松,7,３ＬＤＫ,70,,,,平成14年,ＳＲＣ,住宅,,,,,商業地域,80.0,400.0,2008年第３四半期,改装済,,7.477121254719663
22088288,中古マンション等,,22103,静岡県,静岡市清水区,宮下町,清水(静岡),17,４ＬＤＫ,50,,,,昭和53年,ＲＣ,住宅,,,,,第２種中高層住居専用地域,60.0,200.0,2009年第３四半期,改装済,,6.785329835010767
22010196,中古マンション等,,22131,静岡県,浜松市中区,中央,浜松,15,３ＬＤＫ,80,,,,,,,住宅,,,,近隣商業地域,80.0,300.0,2018年第１四半期,改装済,,7.477121254719663
22074154,中古マンション等,,22210,静岡県,富士市,国久保,富士,30分?60分,,65,,,,平成7年,ＲＣ,住宅,,,,,第１種住居地域,60.0,200.0,2014年第２四半期,,,6.977723605288848
22011555,中古マンション等,,22131,静岡県,浜松市中区,連尺町,浜松,13,１ＤＫ,20,,,,昭和56年,ＳＲＣ,住宅,住宅,,,,商業地域,80.0,600.0,2016年第４四半期,未改装,,6.342422680822207
22062289,中古マンション等,,22131,静岡県,浜松市中区,菅原町,浜松,16,３ＬＤＫ,60,,,,昭和63年,ＲＣ,住宅,住宅,,,,近隣商業地域,80.0,300.0,2015年第４四半期,未改装,調停・競売等,6.505149978319906
22007125,中古マンション等,,22103,静岡県,静岡市清水区,千歳町,新清水,5,４ＬＤＫ,95,,,,昭和62年,ＳＲＣ,住宅,住宅,,,,商業地域,80.0,400.0,2017年第１四半期,未改装,,6.903089986991944
22010614,中古マンション等,,22131,静岡県,浜松市中区,中島,浜松,16,,55,,,,昭和64年,ＳＲＣ,住宅,住宅,,,,第１種住居地域,60.0,200.0,2020年第３四半期,改装済,,6.8750612633917
22008611,中古マンション等,,22131,静岡県,浜松市中区,海老塚,浜松,11,１Ｋ,15,,,,平成12年,ＳＲＣ,住宅,,,,,商業地域,80.0,500.0,2018年第３四半期,未改装,,6.2552725051033065
22059680,中古マンション等,,22131,静岡県,浜松市中区,高丘東,浜松,1H30?2H,４ＬＤＫ,80,,,,昭和64年,ＲＣ,住宅,,,,,第１種住居地域,60.0,200.0,2011年第４四半期,未改装,,6.903089986991944
22000626,中古マンション等,,22101,静岡県,静岡市葵区,上足洗,静岡,30分?60分,３ＬＤＫ,70,,,,平成10年,ＲＣ,住宅,住宅,,,,第２種中高層住居専用地域,60.0,200.0,2018年第１四半期,未改装,,7.278753600952829
22023615,中古マンション等,,22206,静岡県,三島市,東本町,三島田町,5,３ＬＤＫ,65,,,,平成8年,,,住宅,,,,第１種住居地域,60.0,200.0,2019年第１四半期,未改装,,7.079181246047625
22061205,中古マンション等,,22132,静岡県,浜松市東区,植松町,浜松,30分?60分,２ＤＫ,40,,,,昭和49年,ＳＲＣ,住宅,,,,,第１種住居地域,60.0,200.0,2011年第２四半期,改装済,,6.0
22122732,中古マンション等,,22131,静岡県,浜松市中区,西浅田,浜松,25,３ＬＤＫ,60,,,,平成3年,ＳＲＣ,住宅,,,,,工業地域,60.0,200.0,2007年第４四半期,未改装,,6.732393759822968
22010273,中古マンション等,,22131,静岡県,浜松市中区,寺島町,浜松,12,１Ｋ,20,,,,平成3年,ＳＲＣ,住宅,住宅,,,,近隣商業地域,80.0,300.0,2016年第３四半期,未改装,,6.230448921378274
22069061,中古マンション等,,22206,静岡県,三島市,広小路町,三島広小路,2,１ＬＤＫ,50,,,,平成20年,ＲＣ,住宅,,,,,商業地域,80.0,400.0,2010年第１四半期,未改装,,7.342422680822207
22015531,中古マンション等,,22134,静岡県,浜松市南区,西伝寺町,浜松,30分?60分,３ＬＤＫ,75,,,,,ＳＲＣ,住宅,,,,,第１種住居地域,60.0,200.0,2016年第３四半期,,,6.8061799739838875
22066918,中古マンション等,,22103,静岡県,静岡市清水区,江尻東,清水(静岡),6,３ＬＤＫ,65,,,,平成9年,ＳＲＣ,住宅,,,,,商業地域,80.0,600.0,2012年第４四半期,未改装,,7.113943352306837
22008599,中古マンション等,,22131,静岡県,浜松市中区,海老塚,浜松,9,２ＬＤＫ＋Ｓ,65,,,,平成7年,ＳＲＣ,住宅,住宅,,,,商業地域,80.0,500.0,2019年第４四半期,未改装,,6.826074802700826
22053972,中古マンション等,,22102,静岡県,静岡市駿河区,宮本町,静岡,16,４ＬＤＫ,85,,,,平成10年,ＲＣ,住宅,,,,,近隣商業地域,80.0,200.0,2010年第２四半期,改装済,,7.431363764158987
22120289,中古マンション等,,22102,静岡県,静岡市駿河区,曲金,東静岡,11,３ＬＤＫ,70,,,,平成7年,ＲＣ,住宅,,,,,近隣商業地域,80.0,300.0,2007年第４四半期,未改装,調停・競売等,7.146128035678238
22077070,中古マンション等,,22206,静岡県,三島市,長伏,大場,30分?60分,３ＬＤＫ,65,,,,平成7年,ＲＣ,住宅,,,,,準工業地域,60.0,200.0,2015年第３四半期,未改装,,7.0
22010302,中古マンション等,,22131,静岡県,浜松市中区,常盤町,浜松,12,３ＬＤＫ,70,,,,平成10年,ＳＲＣ,住宅,住宅,,,,商業地域,80.0,500.0,2020年第１四半期,未改装,,7.113943352306837
22017447,中古マンション等,,22135,静岡県,浜松市北区,三ヶ日町大崎,都筑,30分?60分,２ＬＤＫ,65,,,,平成2年,ＳＲＣ,住宅,住宅,,,,市街化調整区域,60.0,200.0,2019年第２四半期,未改装,,6.8061799739838875
22069953,中古マンション等,,22131,静岡県,浜松市中区,海老塚,浜松,10,３ＬＤＫ,60,,,,平成5年,ＳＲＣ,住宅,,,,,商業地域,80.0,500.0,2012年第４四半期,未改装,,6.991226075692495
22066353,中古マンション等,,22206,静岡県,三島市,徳倉,三島,20,３ＬＤＫ,75,,,,平成8年,ＲＣ,住宅,その他,,,,第１種中高層住居専用地域,60.0,150.0,2014年第４四半期,未改装,調停・競売等,7.0
22000816,中古マンション等,,22101,静岡県,静岡市葵区,川辺町,静岡,15,１ＤＫ,25,,,,平成11年,ＲＣ,,住宅,,,,商業地域,80.0,400.0,2017年第３四半期,未改装,,6.799340549453582
22060693,中古マンション等,,22133,静岡県,浜松市西区,舞阪町弁天島,弁天島,7,２ＬＤＫ,55,,,,平成3年,ＲＣ,住宅,,,,,第１種住居地域,60.0,200.0,2010年第３四半期,未改装,,6.740362689494244
22020074,中古マンション等,,22203,静岡県,沼津市,泉町,沼津,16,３ＬＤＫ,70,,,,昭和64年,ＲＣ,,住宅,,,,第２種中高層住居専用地域,60.0,200.0,2019年第２四半期,未改装,,6.770852011642144
22003965,中古マンション等,,22102,静岡県,静岡市駿河区,さつき町,静岡,12,３ＬＤＫ,75,,,,昭和57年,ＲＣ,住宅,住宅,,,,準工業地域,60.0,200.0,2016年第４四半期,改装済,,6.986771734266245
22009622,中古マンション等,,22131,静岡県,浜松市中区,助信町,浜松,26,３ＬＤＫ,95,,,,,ＲＣ,住宅,,,,,商業地域,80.0,400.0,2016年第１四半期,,,7.431363764158987
22080252,中古マンション等,,22101,静岡県,静岡市葵区,天王町,静岡,16,１Ｋ,15,,,,昭和59年,ＲＣ,住宅,,,,,商業地域,80.0,400.0,2009年第４四半期,未改装,,6.361727836017593
22078410,中古マンション等,,22210,静岡県,富士市,平垣・十兵衛・上横割・下横割,富士,10,３ＬＤＫ,70,,,,平成10年,ＲＣ,住宅,,,,,第２種住居地域,60.0,200.0,2010年第１四半期,未改装,,7.113943352306837
22073439,中古マンション等,,22102,静岡県,静岡市駿河区,中原,静岡,30分?60分,,75,,,,平成8年,ＲＣ,住宅,,,,,準工業地域,60.0,200.0,2013年第２四半期,改装済,,7.176091259055681
22081073,中古マンション等,,22210,静岡県,富士市,,富士,11,４ＬＤＫ,70,,,,,ＲＣ,住宅,,,,,第２種住居地域,60.0,200.0,2011年第１四半期,改装済,,7.204119982655925
22065528,中古マンション等,,22132,静岡県,浜松市東区,中郡町,遠州西ケ崎,2,３ＬＤＫ,70,,,,平成7年,ＳＲＣ,住宅,住宅,,,,市街化調整区域,60.0,200.0,2015年第４四半期,改装済,,7.079181246047625
22074472,中古マンション等,,22102,静岡県,静岡市駿河区,宮本町,静岡,16,３ＬＤＫ,70,,,,平成10年,ＲＣ,住宅,,,,,近隣商業地域,80.0,200.0,2013年第１四半期,未改装,,7.230448921378274
22072831,中古マンション等,,22206,静岡県,三島市,東本町,三島,,３ＬＤＫ,65,,,,平成8年,ＲＣ,住宅,,,,,第１種住居地域,,,2011年第１四半期,,調停・競売等,7.146128035678238
22084366,中古マンション等,,22102,静岡県,静岡市駿河区,馬渕,静岡,7,３ＬＤＫ,80,,,,平成19年,ＳＲＣ,住宅,,,,,近隣商業地域,80.0,300.0,2009年第１四半期,未改装,,7.5910646070264995
22011742,中古マンション等,,22131,静岡県,浜松市中区,和合町,浜松,1H?1H30,３ＬＤＫ,65,,,,平成7年,ＲＣ,住宅,住宅,,,,第１種住居地域,60.0,200.0,2016年第１四半期,未改装,調停・競売等,6.869231719730976
22009207,中古マンション等,,22131,静岡県,浜松市中区,幸,曳馬,25,３ＬＤＫ,80,,,,平成19年,ＲＣ,住宅,住宅,,,,第２種住居地域,60.0,200.0,2016年第３四半期,未改装,,7.301029995663981
22052136,中古マンション等,,22101,静岡県,静岡市葵区,長沼,東静岡,19,３ＬＤＫ,75,,,,平成15年,ＲＣ,住宅,,,,,第１種住居地域,60.0,200.0,2010年第３四半期,未改装,,7.380211241711606
22122829,中古マンション等,,22131,静岡県,浜松市中区,曳馬,浜松,30分?60分,３ＬＤＫ,80,,,,平成16年,ＲＣ,住宅,,,,,第１種住居地域,60.0,200.0,2008年第４四半期,未改装,,7.301029995663981
22002321,中古マンション等,,22101,静岡県,静岡市葵区,西千代田町,静岡,30分?60分,２ＤＫ,45,,,,平成9年,ＲＣ,住宅,住宅,,,,第１種中高層住居専用地域,60.0,200.0,2019年第３四半期,未改装,,6.857332496431268
22013030,中古マンション等,,22132,静岡県,浜松市東区,天龍川町,天竜川,2,４ＬＤＫ,80,,,,平成5年,ＳＲＣ,住宅,住宅,,,,近隣商業地域,80.0,300.0,2020年第１四半期,未改装,,7.146128035678238
22001074,中古マンション等,,22101,静岡県,静岡市葵区,沓谷,静岡,29,３ＬＤＫ,70,,,,平成8年,ＲＣ,住宅,住宅,,,,第１種中高層住居専用地域,60.0,200.0,2018年第２四半期,未改装,,6.812913356642856
22014571,中古マンション等,,22133,静岡県,浜松市西区,西山町,浜松,1H?1H30,４ＬＤＫ,90,,,,平成3年,ＲＣ,住宅,住宅,,,,市街化調整区域,60.0,200.0,2017年第１四半期,未改装,,6.986771734266245
22031920,中古マンション等,,22210,静岡県,富士市,御幸町,吉原本町,7,４ＬＤＫ,85,,,,平成31年,ＲＣ,住宅,住宅,,,,近隣商業地域,80.0,300.0,2019年第３四半期,改装済,,7.6127838567197355
22011357,中古マンション等,,22131,静岡県,浜松市中区,元魚町,浜松,15,４ＬＤＫ,100,,,,平成2年,ＲＣ,住宅,住宅,,,,近隣商業地域,80.0,300.0,2018年第３四半期,未改装,,7.176091259055681
22061496,中古マンション等,,22131,静岡県,浜松市中区,上島,浜松,30分?60分,３ＬＤＫ,75,,,,平成5年,ＲＣ,住宅,住宅,,,,第１種住居地域,60.0,200.0,2015年第３四半期,改装済,,7.361727836017593
22012697,中古マンション等,,22132,静岡県,浜松市東区,篠ケ瀬町,天竜川,25,３ＬＤＫ,65,,,,平成7年,,住宅,住宅,,,,第１種住居地域,60.0,200.0,2020年第１四半期,未改装,,6.857332496431268
22002214,中古マンション等,,22101,静岡県,静岡市葵区,長沼,長沼(静岡),5,４ＬＤＫ,110,,,,平成15年,,住宅,住宅,,,,,,,2018年第２四半期,未改装,,7.505149978319906
22021168,中古マンション等,,22203,静岡県,沼津市,新宿町,沼津,5,２ＬＤＫ,65,,,,平成11年,ＳＲＣ,住宅,住宅,,,,近隣商業地域,80.0,200.0,2020年第３四半期,改装済,,7.4623979978989565
22058440,中古マンション等,,22131,静岡県,浜松市中区,元浜町,浜松,17,１ＤＫ,35,,,,平成2年,ＳＲＣ,住宅,,,,,商業地域,80.0,400.0,2010年第１四半期,未改装,,6.707570176097937
22054213,中古マンション等,,22131,静岡県,浜松市中区,上島,上島,3,３ＬＤＫ,70,,,,平成21年,ＲＣ,住宅,住宅,,,,第１種住居地域,60.0,200.0,2014年第４四半期,未改装,,7.204119982655925
22009095,中古マンション等,,22131,静岡県,浜松市中区,北寺島町,浜松,13,１ＤＫ,25,,,,平成2年,,,住宅,,,,商業地域,80.0,500.0,2017年第３四半期,未改装,,6.477121254719663
22020142,中古マンション等,,22203,静岡県,沼津市,魚町,沼津,10,３ＬＤＫ,85,,,,平成22年,ＲＣ,,住宅,,,,商業地域,80.0,400.0,2017年第４四半期,改装済,,7.491361693834273
22057280,中古マンション等,,22103,静岡県,静岡市清水区,庄福町,清水(静岡),30分?60分,２ＬＤＫ,55,,,,平成23年,ＲＣ,住宅,,,,,第１種中高層住居専用地域,60.0,200.0,2011年第２四半期,未改装,,6.0
22119635,中古マンション等,,22102,静岡県,静岡市駿河区,さつき町,静岡,15,３ＬＤＫ,70,,,,昭和55年,ＳＲＣ,住宅,,,,,準工業地域,60.0,200.0,2007年第２四半期,改装済,,7.079181246047625
22055709,中古マンション等,,22131,静岡県,浜松市中区,野口町,八幡(静岡),3,３ＬＤＫ,70,,,,平成9年,ＲＣ,住宅,住宅,,,,近隣商業地域,80.0,200.0,2014年第４四半期,未改装,,7.146128035678238
22006015,中古マンション等,,22103,静岡県,静岡市清水区,永楽町,清水(静岡),15,２ＬＤＫ,70,,,,平成16年,ＲＣ,,住宅,,,,工業地域,60.0,200.0,2020年第１四半期,改装済,,7.2552725051033065
22009341,中古マンション等,,22131,静岡県,浜松市中区,佐鳴台,浜松,30分?60分,２ＬＤＫ,75,,,,,,住宅,住宅,,,,第１種中高層住居専用地域,60.0,200.0,2017年第４四半期,改装済,,7.230448921378274
22061843,中古マンション等,,22131,静岡県,浜松市中区,北寺島町,浜松,13,１Ｋ,20,,,,平成2年,ＳＲＣ,住宅,住宅,,,,商業地域,80.0,500.0,2015年第２四半期,未改装,,6.518513939877887
22121776,中古マンション等,,22103,静岡県,静岡市清水区,港町,清水(静岡),,３ＬＤＫ,90,,,,平成18年,ＲＣ,住宅,,,,,商業地域,80.0,400.0,2006年第４四半期,未改装,,7.505149978319906
22089164,中古マンション等,,22206,静岡県,三島市,南二日町,三島,29,３ＬＤＫ,75,,,,平成10年,ＳＲＣ,住宅,,,,,工業地域,60.0,200.0,2012年第４四半期,改装済,,7.204119982655925
22054814,中古マンション等,,22131,静岡県,浜松市中区,助信町,浜松,24,３ＬＤＫ,80,,,,平成16年,ＲＣ,住宅,住宅,,,,商業地域,80.0,400.0,2014年第２四半期,,,7.3979400086720375
22081767,中古マンション等,,22101,静岡県,静岡市葵区,両替町,静岡,13,２ＬＤＫ,65,,,,平成10年,ＳＲＣ,住宅,,,,,商業地域,80.0,600.0,2009年第４四半期,改装済,,7.414973347970818
22118052,中古マンション等,,22101,静岡県,静岡市葵区,川辺町,静岡,14,１Ｋ,15,,,,昭和60年,ＲＣ,住宅,,,,,商業地域,80.0,400.0,2008年第２四半期,未改装,,6.477121254719663
22118774,中古マンション等,,22101,静岡県,静岡市葵区,西千代田町,静岡,30分?60分,２ＬＤＫ,65,,,,昭和64年,ＳＲＣ,住宅,,,,,第１種中高層住居専用地域,60.0,200.0,2006年第３四半期,改装済,,7.176091259055681
22089205,中古マンション等,,22131,静岡県,浜松市中区,海老塚,浜松,10,３ＬＤＫ,60,,,,平成7年,ＳＲＣ,住宅,,,,,商業地域,80.0,500.0,2009年第４四半期,改装済,,7.146128035678238
22033406,中古マンション等,,22211,静岡県,磐田市,立野,豊田町,2,３ＬＤＫ,65,,,,平成11年,ＳＲＣ,住宅,住宅,,,,近隣商業地域,80.0,200.0,2018年第４四半期,未改装,,7.176091259055681
22058965,中古マンション等,,22131,静岡県,浜松市中区,幸,浜松,1H?1H30,２ＬＤＫ,60,,,,昭和50年,ＳＲＣ,住宅,,,,,第２種住居地域,60.0,200.0,2011年第４四半期,未改装,,6.6127838567197355
22012569,中古マンション等,,22132,静岡県,浜松市東区,小池町,浜松,1H?1H30,２ＬＤＫ,75,,,,昭和64年,,,住宅,,,,準工業地域,60.0,200.0,2020年第３四半期,未改装,,7.230448921378274
22008577,中古マンション等,,22131,静岡県,浜松市中区,板屋町,浜松,5,１ＬＤＫ,55,,,,平成18年,ＲＣ,住宅,住宅,,,,商業地域,80.0,600.0,2016年第１四半期,未改装,,7.4623979978989565
22056829,中古マンション等,,22132,静岡県,浜松市東区,笠井新田町,浜松,2H?,４ＬＤＫ,75,,,,平成4年,ＳＲＣ,住宅,,,,,市街化調整区域,60.0,200.0,2014年第１四半期,未改装,,7.041392685158225
22061083,中古マンション等,,22132,静岡県,浜松市東区,有玉南町,浜松,1H?1H30,４ＬＤＫ,85,,,,平成3年,ＳＲＣ,住宅,,,,,市街化調整区域,60.0,200.0,2011年第１四半期,未改装,,7.146128035678238
22009160,中古マンション等,,22131,静岡県,浜松市中区,幸,浜松,30分?60分,３ＬＤＫ,70,,,,平成6年,ＲＣ,住宅,住宅,,,,第１種中高層住居専用地域,60.0,200.0,2019年第３四半期,未改装,,7.041392685158225
22009376,中古マンション等,,22131,静岡県,浜松市中区,佐鳴台,浜松,30分?60分,３ＬＤＫ,75,,,,平成7年,ＲＣ,住宅,住宅,,,,第１種中高層住居専用地域,60.0,200.0,2016年第２四半期,未改装,,7.230448921378274
22000467,中古マンション等,,22101,静岡県,静岡市葵区,太田町,静岡,21,,65,,,,平成19年,ＲＣ,住宅,,,,,近隣商業地域,80.0,300.0,2017年第１四半期,,,7.414973347970818
22118715,中古マンション等,,22101,静岡県,静岡市葵区,常磐町,静岡,16,２ＬＤＫ,70,,,,平成18年,ＲＣ,住宅,,,,,商業地域,80.0,400.0,2008年第２四半期,未改装,,7.531478917042255
22050927,中古マンション等,,22101,静岡県,静岡市葵区,七間町,静岡,11,オープンフロア,760,,,,平成14年,ＳＲＣ,店舗,,,,,商業地域,80.0,600.0,2014年第１四半期,未改装,,8.176091259055681
22126018,中古マンション等,,22203,静岡県,沼津市,米山町,沼津,8,３ＬＤＫ,70,,,,平成9年,ＲＣ,住宅,,,,,第２種住居地域,60.0,200.0,2007年第４四半期,,,7.278753600952829
22119003,中古マンション等,,22101,静岡県,静岡市葵区,本通,静岡,15,２ＤＫ,35,,,,昭和55年,ＲＣ,住宅,,,,,商業地域,80.0,500.0,2008年第１四半期,改装済,,6.954242509439325
22051688,中古マンション等,,22101,静岡県,静岡市葵区,駒形通,静岡,21,２ＬＤＫ,65,,,,平成20年,ＲＣ,住宅,,,,,近隣商業地域,80.0,300.0,2010年第４四半期,改装済,,7.3979400086720375
22066091,中古マンション等,,22102,静岡県,静岡市駿河区,馬渕,静岡,12,４ＬＤＫ,75,,,,平成14年,ＲＣ,住宅,,,,,近隣商業地域,80.0,300.0,2012年第２四半期,未改装,,7.414973347970818
22073096,中古マンション等,,22131,静岡県,浜松市中区,船越町,浜松,30分?60分,４ＬＤＫ,85,,,,平成20年,ＲＣ,住宅,,,,,近隣商業地域,80.0,200.0,2012年第３四半期,未改装,,7.380211241711606
22008571,中古マンション等,,22131,静岡県,浜松市中区,板屋町,浜松,6,３ＬＤＫ,70,,,,平成19年,ＲＣ,住宅,住宅,,,,商業地域,80.0,400.0,2017年第１四半期,未改装,,7.380211241711606
22002759,中古マンション等,,22101,静岡県,静岡市葵区,本通,静岡,15,２ＤＫ,55,,,,昭和55年,ＳＲＣ,住宅,住宅,,,,商業地域,80.0,500.0,2019年第２四半期,未改装,,6.785329835010767
22008603,中古マンション等,,22131,静岡県,浜松市中区,海老塚,浜松,10,１Ｋ,15,,,,,,,住宅,,,,商業地域,80.0,500.0,2019年第３四半期,未改装,,6.278753600952829
22065126,中古マンション等,,22203,静岡県,沼津市,本,沼津,9,１Ｋ,20,,,,昭和60年,ＲＣ,住宅,,,,,近隣商業地域,80.0,200.0,2014年第１四半期,未改装,,5.954242509439325
22122119,中古マンション等,,22131,静岡県,浜松市中区,板屋町,浜松,6,２ＬＤＫ,75,,,,平成20年,ＲＣ,住宅,,,,,商業地域,80.0,400.0,2008年第２四半期,,,7.505149978319906
22008838,中古マンション等,,22131,静岡県,浜松市中区,上島,浜松,30分?60分,３ＬＤＫ,75,,,,平成15年,ＳＲＣ,住宅,住宅,,,,第１種住居地域,60.0,200.0,2016年第１四半期,未改装,,7.301029995663981
22053251,中古マンション等,,22101,静岡県,静岡市葵区,新通,静岡,21,２ＬＤＫ,65,,,,平成7年,ＲＣ,住宅,,,,,商業地域,80.0,400.0,2011年第２四半期,改装済,,7.204119982655925
22066100,中古マンション等,,22206,静岡県,三島市,幸原町,三島,15,２ＬＤＫ＋Ｓ,75,,,,平成19年,ＲＣ,住宅,住宅,,,,近隣商業地域,80.0,200.0,2014年第４四半期,未改装,,7.380211241711606
22068240,中古マンション等,,22101,静岡県,静岡市葵区,大岩,静岡,30分?60分,３ＬＤＫ,80,,,,平成14年,ＲＣ,住宅,,,,,第１種中高層住居専用地域,60.0,200.0,2013年第４四半期,未改装,,7.414973347970818
22006758,中古マンション等,,22103,静岡県,静岡市清水区,楠新田,草薙(ＪＲ),9,３ＬＤＫ,65,,,,平成12年,ＲＣ,,住宅,,,,準工業地域,60.0,200.0,2017年第４四半期,未改装,,7.113943352306837
22005678,中古マンション等,,22102,静岡県,静岡市駿河区,森下町,静岡,7,２ＬＤＫ,65,,,,平成10年,ＲＣ,,住宅,,,,商業地域,80.0,200.0,2017年第３四半期,改装済,,7.414973347970818
22005537,中古マンション等,,22102,静岡県,静岡市駿河区,宮本町,静岡,16,３ＬＤＫ,75,,,,平成18年,ＲＣ,住宅,住宅,,,,近隣商業地域,80.0,200.0,2017年第２四半期,未改装,,7.414973347970818
22082041,中古マンション等,,22102,静岡県,静岡市駿河区,泉町,静岡,7,３ＬＤＫ,65,,,,平成15年,ＲＣ,住宅,,,,,近隣商業地域,80.0,300.0,2009年第４四半期,未改装,,7.361727836017593
22066517,中古マンション等,,22203,静岡県,沼津市,下香貫,原木,30分?60分,３ＬＤＫ,55,,,,平成2年,ＲＣ,住宅,,,,,第１種住居地域,60.0,200.0,2010年第３四半期,未改装,,6.826074802700826
22013302,中古マンション等,,22132,静岡県,浜松市東区,原島町,浜松,1H?1H30,３ＬＤＫ,65,,,,平成3年,ＲＣ,,住宅,,,,第１種住居地域,60.0,200.0,2017年第４四半期,改装済,,6.929418925714293
22093874,中古マンション等,,22203,静岡県,沼津市,大手町,沼津,4,１ＬＤＫ,35,,,,平成19年,ＲＣ,住宅,,,,,商業地域,80.0,500.0,2013年第１四半期,未改装,,7.3979400086720375
22002638,中古マンション等,,22101,静岡県,静岡市葵区,日出町,日吉町,6,４ＬＤＫ,85,,,,平成3年,ＳＲＣ,住宅,その他,,,,商業地域,80.0,400.0,2017年第１四半期,未改装,,7.230448921378274
22080806,中古マンション等,,22211,静岡県,磐田市,立野,豊田町,1,３ＬＤＫ,80,,,,平成11年,ＳＲＣ,住宅,,,,,近隣商業地域,80.0,200.0,2010年第３四半期,改装済,,7.278753600952829
22073440,中古マンション等,,22203,静岡県,沼津市,大岡,沼津,13,３ＬＤＫ,75,,,,平成15年,ＳＲＣ,住宅,,,,,近隣商業地域,80.0,300.0,2015年第４四半期,未改装,,7.301029995663981
22121732,中古マンション等,,22103,静岡県,静岡市清水区,松原町,清水(静岡),,３ＬＤＫ,85,,,,平成18年,,住宅,,,,,商業地域,80.0,400.0,2006年第３四半期,未改装,,7.447158031342219
22070027,中古マンション等,,22203,静岡県,沼津市,高島町,沼津,4,３ＬＤＫ,65,,,,平成11年,ＲＣ,住宅,,,,,商業地域,80.0,400.0,2011年第４四半期,未改装,,7.079181246047625
22055725,中古マンション等,,22103,静岡県,静岡市清水区,港町,清水(静岡),26,３ＬＤＫ,70,,,,平成8年,ＳＲＣ,住宅,,,,,工業地域,60.0,200.0,2010年第４四半期,未改装,,7.278753600952829
22059034,中古マンション等,,22132,静岡県,浜松市東区,笠井新田町,浜松,2H?,４ＬＤＫ,75,,,,平成4年,ＳＲＣ,住宅,,,,,市街化調整区域,60.0,200.0,2010年第３四半期,未改装,,7.113943352306837
22085533,中古マンション等,,22203,静岡県,沼津市,下河原町,沼津,19,,55,,,,昭和63年,ＲＣ,住宅,,,,,近隣商業地域,80.0,300.0,2012年第４四半期,改装済,,6.740362689494244
22088892,中古マンション等,,22212,静岡県,焼津市,,焼津,0,３ＬＤＫ,80,,,,平成16年,ＳＲＣ,住宅,,,,,商業地域,80.0,400.0,2011年第１四半期,未改装,,7.3222192947339195
22083007,中古マンション等,,22210,静岡県,富士市,水戸島,富士,15,２ＬＤＫ,70,,,,平成2年,ＳＲＣ,住宅,,,,,第２種住居地域,60.0,200.0,2011年第３四半期,未改装,,6.857332496431268
22004100,中古マンション等,,22102,静岡県,静岡市駿河区,下島,静岡,30分?60分,２ＬＤＫ,75,,,,昭和51年,ＲＣ,,住宅,,,,第２種中高層住居専用地域,60.0,200.0,2019年第２四半期,改装済,,6.7160033436347994
22008558,中古マンション等,,22131,静岡県,浜松市中区,板屋町,浜松,5,２ＬＤＫ,95,,,,平成6年,ＲＣ,,住宅,,,,商業地域,80.0,600.0,2018年第３四半期,未改装,,7.763427993562937
22120697,中古マンション等,,22103,静岡県,静岡市清水区,入江,清水(静岡),,２ＬＤＫ,55,,,,平成18年,ＲＣ,住宅,,,,,近隣商業地域,80.0,300.0,2006年第３四半期,未改装,,7.3222192947339195
22067199,中古マンション等,,22133,静岡県,浜松市西区,雄踏町宇布見,浜松,1H30?2H,１ＬＤＫ,65,,,,平成6年,ＳＲＣ,住宅,住宅,,,,第２種中高層住居専用地域,60.0,200.0,2015年第３四半期,改装済,,6.986771734266245
22055706,中古マンション等,,22131,静岡県,浜松市中区,布橋,浜松,30分?60分,１Ｋ,15,,,,昭和60年,ＲＣ,住宅,住宅,,,,第１種住居地域,60.0,200.0,2014年第２四半期,未改装,,5.7160033436347994
22060078,中古マンション等,,22103,静岡県,静岡市清水区,千歳町,清水(静岡),18,３ＬＤＫ,60,,,,昭和56年,ＳＲＣ,住宅,住宅,,,,商業地域,80.0,400.0,2015年第３四半期,改装済,,6.8061799739838875
22053664,中古マンション等,,22103,静岡県,静岡市清水区,万世町,清水(静岡),16,３ＬＤＫ,70,,,,平成9年,ＳＲＣ,住宅,住宅,,,,商業地域,80.0,400.0,2014年第３四半期,未改装,,7.113943352306837
22009703,中古マンション等,,22131,静岡県,浜松市中区,住吉,浜松,30分?60分,３ＬＤＫ,70,,,,昭和50年,ＳＲＣ,住宅,住宅,,,,第２種住居地域,60.0,200.0,2017年第４四半期,改装済,,6.845098040014257
22009153,中古マンション等,,22131,静岡県,浜松市中区,幸,浜松,1H?1H30,３ＬＤＫ,65,,,,昭和50年,,住宅,その他,,,,第２種住居地域,60.0,200.0,2020年第１四半期,未改装,,6.176091259055681
22070735,中古マンション等,,22101,静岡県,静岡市葵区,馬場町,静岡,15,３ＬＤＫ,100,,,,平成16年,ＳＲＣ,住宅,,,,,商業地域,80.0,600.0,2013年第３四半期,未改装,,7.556302500767287
22065104,中古マンション等,,22132,静岡県,浜松市東区,小池町,自動車学校前,2,３ＬＤＫ,80,,,,平成7年,ＲＣ,住宅,住宅,,,,準工業地域,60.0,200.0,2015年第３四半期,未改装,,7.113943352306837
22000481,中古マンション等,,22101,静岡県,静岡市葵区,音羽町,静岡,14,２ＬＤＫ,70,,,,平成16年,ＲＣ,,住宅,,,,第２種住居地域,60.0,200.0,2020年第１四半期,,,7.414973347970818
22082440,中古マンション等,,22210,静岡県,富士市,平垣本町,富士,11,３ＬＤＫ,50,,,,,ＲＣ,住宅,,,,,,,,2011年第３四半期,,,6.633468455579586
22060088,中古マンション等,,22131,静岡県,浜松市中区,中沢町,浜松,25,３ＬＤＫ,75,,,,平成16年,ＲＣ,住宅,,,,,近隣商業地域,80.0,300.0,2011年第３四半期,未改装,調停・競売等,7.146128035678238
22011499,中古マンション等,,22131,静岡県,浜松市中区,龍禅寺町,浜松,12,２ＬＤＫ,55,,,,平成2年,,,住宅,,,,近隣商業地域,80.0,300.0,2017年第３四半期,改装済,,7.301029995663981
22080344,中古マンション等,,22101,静岡県,静岡市葵区,常磐町,静岡,12,２ＬＤＫ,65,,,,平成18年,ＲＣ,住宅,,,,,商業地域,80.0,400.0,2009年第１四半期,未改装,調停・競売等,7.278753600952829
22068823,中古マンション等,,22101,静岡県,静岡市葵区,北安東,静岡,30分?60分,３ＤＫ,55,,,,昭和63年,ＲＣ,住宅,,,,,第２種中高層住居専用地域,60.0,200.0,2013年第４四半期,未改装,,6.929418925714293
22120280,中古マンション等,,22102,静岡県,静岡市駿河区,曲金,静岡,24,４ＬＤＫ,55,,,,昭和48年,ＳＲＣ,住宅,,,,,工業地域,60.0,200.0,2007年第２四半期,未改装,,6.653212513775344
22052384,中古マンション等,,22102,静岡県,静岡市駿河区,八幡,静岡,20,４ＬＤＫ,100,,,,平成9年,ＲＣ,住宅,住宅,,,,第２種住居地域,60.0,200.0,2014年第３四半期,改装済,,7.447158031342219
22053657,中古マンション等,,22102,静岡県,静岡市駿河区,西脇,静岡,30分?60分,２ＬＤＫ,55,,,,平成8年,ＲＣ,住宅,,,,,第２種中高層住居専用地域,60.0,200.0,2010年第２四半期,未改装,,7.113943352306837
22099701,中古マンション等,,22135,静岡県,浜松市北区,三ヶ日町大崎,東都筑,30分?60分,３ＬＤＫ,95,,,,昭和63年,ＳＲＣ,住宅,,,,,市街化調整区域,60.0,200.0,2009年第３四半期,未改装,,6.863322860120456
22051897,中古マンション等,,22102,静岡県,静岡市駿河区,中島,静岡,1H?1H30,３ＬＤＫ,70,,,,平成3年,ＲＣ,住宅,住宅,,,,第１種住居地域,60.0,200.0,2014年第３四半期,改装済,,6.778151250383644
22008985,中古マンション等,,22131,静岡県,浜松市中区,鴨江,浜松,30分?60分,２ＬＤＫ,55,,,,昭和50年,,,住宅,,,,第２種中高層住居専用地域,60.0,200.0,2018年第１四半期,改装済,,6.778151250383644
22124708,中古マンション等,,22135,静岡県,浜松市北区,三ヶ日町都筑,東都筑,25,１Ｋ,25,,,,昭和49年,ＳＲＣ,住宅,,,,,市街化調整区域,60.0,200.0,2007年第３四半期,未改装,,6.2552725051033065
22087707,中古マンション等,,22103,静岡県,静岡市清水区,西高町,清水(静岡),30分?60分,１ＬＤＫ,50,,,,平成20年,ＲＣ,住宅,,,,,第２種中高層住居専用地域,60.0,200.0,2009年第１四半期,,,7.204119982655925
22004803,中古マンション等,,22102,静岡県,静岡市駿河区,西中原,静岡,30分?60分,４ＬＤＫ,100,,,,平成3年,ＲＣ,,住宅,,,,工業地域,60.0,200.0,2018年第２四半期,未改装,,7.041392685158225
22011553,中古マンション等,,22131,静岡県,浜松市中区,連尺町,浜松,13,１Ｋ,20,,,,昭和56年,,住宅,店舗,,,,商業地域,80.0,600.0,2019年第１四半期,改装済,,6.3979400086720375
22008394,中古マンション等,,22131,静岡県,浜松市中区,葵東,浜松,1H30?2H,３ＬＤＫ,90,,,,平成15年,ＲＣ,住宅,住宅,,,,近隣商業地域,80.0,300.0,2016年第３四半期,未改装,,7.3222192947339195
22066378,中古マンション等,,22102,静岡県,静岡市駿河区,南町,静岡,5,２ＤＫ,35,,,,昭和55年,ＳＲＣ,住宅,,,,,商業地域,80.0,400.0,2012年第３四半期,,,6.3979400086720375
22002555,中古マンション等,,22101,静岡県,静岡市葵区,東静岡,東静岡,3,３ＬＤＫ,75,,,,平成26年,ＲＣ,,住宅,,,,商業地域,80.0,500.0,2019年第１四半期,,,7.544068044350276
22092665,中古マンション等,,22131,静岡県,浜松市中区,龍禅寺町,浜松,15,３ＬＤＫ,70,,,,平成9年,ＲＣ,住宅,,,,,第２種住居地域,60.0,200.0,2009年第３四半期,未改装,,7.278753600952829
22065643,中古マンション等,,22102,静岡県,静岡市駿河区,中田,静岡,16,４ＬＤＫ,90,,,,平成3年,ＳＲＣ,住宅,,,,,近隣商業地域,80.0,300.0,2012年第１四半期,改装済,,7.342422680822207
22085033,中古マンション等,,22210,静岡県,富士市,今泉,吉原,30分?60分,３ＬＤＫ,70,,,,平成18年,ＲＣ,住宅,住宅,,,,工業地域,60.0,200.0,2015年第４四半期,改装済,,7.278753600952829
22124679,中古マンション等,,22135,静岡県,浜松市北区,三ヶ日町都筑,都筑,25,１Ｋ,25,,,,昭和49年,ＳＲＣ,住宅,,,,,市街化調整区域,60.0,200.0,2008年第２四半期,未改装,,5.778151250383644
22122408,中古マンション等,,22131,静岡県,浜松市中区,新津町,助信,3,３ＬＤＫ,65,,,,平成7年,ＲＣ,住宅,,,,,第１種住居地域,60.0,200.0,2008年第４四半期,未改装,調停・競売等,6.977723605288848
22013269,中古マンション等,,22132,静岡県,浜松市東区,西ケ崎町,浜松,1H30?2H,３ＬＤＫ,75,,,,平成24年,鉄骨造,住宅,,,,,市街化調整区域,60.0,200.0,2017年第１四半期,未改装,,6.8750612633917
22120909,中古マンション等,,22103,静岡県,静岡市清水区,小芝町,清水(静岡),,２ＬＤＫ,55,,,,平成5年,,住宅,,,,,商業地域,80.0,400.0,2006年第４四半期,未改装,,7.079181246047625
22123869,中古マンション等,,22133,静岡県,浜松市西区,舞阪町弁天島,弁天島,1,２ＬＤＫ,65,,,,平成17年,ＲＣ,住宅,,,,,商業地域,80.0,400.0,2008年第３四半期,未改装,,7.301029995663981
22118400,中古マンション等,,22101,静岡県,静岡市葵区,新通,静岡,,４ＬＤＫ,80,,,,平成11年,,住宅,,,,,,,,2007年第２四半期,未改装,,6.3222192947339195
22068239,中古マンション等,,22101,静岡県,静岡市葵区,大岩,静岡,30分?60分,３ＬＤＫ,55,,,,昭和50年,ＲＣ,住宅,,,,,第１種住居地域,60.0,200.0,2013年第４四半期,改装済,,6.812913356642856
22111081,中古マンション等,,22214,静岡県,藤枝市,駅前,藤枝,1,３ＬＤＫ,70,,,,平成14年,ＲＣ,住宅,,,,,商業地域,80.0,400.0,2013年第３四半期,未改装,,7.278753600952829
22066367,中古マンション等,,22203,静岡県,沼津市,志下,沼津,1H?1H30,２ＬＤＫ,75,,,,昭和64年,ＳＲＣ,住宅,,,,,第１種住居地域,60.0,200.0,2010年第４四半期,未改装,,6.968482948553935
22008448,中古マンション等,,22131,静岡県,浜松市中区,小豆餅,浜松,1H?1H30,３ＬＤＫ,70,,,,平成27年,ＲＣ,住宅,住宅,,,,準工業地域,60.0,200.0,2018年第３四半期,未改装,,7.342422680822207
22033857,中古マンション等,,22211,静岡県,磐田市,中泉,磐田,16,３ＬＤＫ,75,,,,平成21年,ＲＣ,住宅,住宅,,,,第２種中高層住居専用地域,60.0,150.0,2016年第２四半期,未改装,,7.2552725051033065
22052352,中古マンション等,,22102,静岡県,静岡市駿河区,森下町,静岡,8,,70,,,,平成10年,ＲＣ,住宅,住宅,,,,商業地域,80.0,400.0,2014年第４四半期,未改装,,7.342422680822207
22004381,中古マンション等,,22102,静岡県,静岡市駿河区,豊田,静岡,30分?60分,３ＬＤＫ,65,,,,平成8年,ＳＲＣ,,住宅,,,,工業地域,60.0,200.0,2019年第２四半期,改装済,,7.278753600952829
22117900,中古マンション等,,22101,静岡県,静岡市葵区,大岩,静岡,,１ＬＤＫ,55,,,,昭和50年,,住宅,,,,,第１種中高層住居専用地域,60.0,200.0,2006年第４四半期,未改装,,6.812913356642856
22063724,中古マンション等,,22131,静岡県,浜松市中区,東伊場,浜松,23,４ＬＤＫ,90,,,,昭和63年,ＳＲＣ,住宅,住宅,,,,近隣商業地域,80.0,500.0,2015年第４四半期,未改装,,7.146128035678238
22022892,中古マンション等,,22206,静岡県,三島市,壱町田,三島,14,３ＬＤＫ,70,,,,平成20年,ＲＣ,,住宅,,,,第１種中高層住居専用地域,60.0,200.0,2019年第１四半期,未改装,,7.3222192947339195
22093975,中古マンション等,,22203,静岡県,沼津市,岡一色,大岡(静岡),14,３ＬＤＫ,65,,,,平成6年,ＲＣ,住宅,,,,,第１種住居地域,60.0,200.0,2013年第１四半期,未改装,調停・競売等,6.973127853599698
22076658,中古マンション等,,22206,静岡県,三島市,栄町,三島,11,３ＬＤＫ,55,,,,平成2年,ＲＣ,住宅,住宅,,,,近隣商業地域,80.0,200.0,2015年第１四半期,,,7.041392685158225
22059044,中古マンション等,,22131,静岡県,浜松市中区,佐藤,浜松,30分?60分,１ＬＤＫ,70,,,,平成14年,ＳＲＣ,住宅,,,,,準住居地域,60.0,200.0,2011年第３四半期,改装済,,7.2552725051033065
22011462,中古マンション等,,22131,静岡県,浜松市中区,山手町,浜松,30分?60分,４ＬＤＫ,100,,,,平成12年,ＲＣ,住宅,住宅,,,,第１種中高層住居専用地域,60.0,200.0,2016年第４四半期,未改装,,7.698970004336019
22001241,中古マンション等,,22101,静岡県,静岡市葵区,三番町,静岡,25,２ＬＤＫ,55,,,,平成31年,,住宅,住宅,,,,近隣商業地域,80.0,200.0,2020年第３四半期,未改装,,7.491361693834273
22008679,中古マンション等,,22131,静岡県,浜松市中区,上浅田,浜松,15,４ＬＤＫ,80,,,,平成10年,ＲＣ,住宅,住宅,,,,,,,2019年第２四半期,未改装,,7.176091259055681
22065153,中古マンション等,,22102,静岡県,静岡市駿河区,下川原,安倍川,19,３ＬＤＫ,65,,,,平成7年,ＲＣ,住宅,,,,,第２種中高層住居専用地域,60.0,200.0,2012年第３四半期,未改装,,6.954242509439325
22058653,中古マンション等,,22131,静岡県,浜松市中区,和地山,浜松,30分?60分,１ＤＫ,25,,,,昭和49年,ＳＲＣ,住宅,,,,,近隣商業地域,80.0,200.0,2010年第４四半期,未改装,,5.301029995663981
22122089,中古マンション等,,22131,静岡県,浜松市中区,葵東,浜松,1H30?2H,４ＬＤＫ,75,,,,平成11年,ＲＣ,住宅,,,,,近隣商業地域,80.0,300.0,2007年第２四半期,未改装,,7.342422680822207
22064412,中古マンション等,,22131,静岡県,浜松市中区,和地山,浜松,30分?60分,１ＬＤＫ,40,,,,昭和49年,ＳＲＣ,住宅,住宅,,,,近隣商業地域,80.0,200.0,2015年第４四半期,改装済,,6.57978359661681
22017742,中古マンション等,,22135,静岡県,浜松市北区,三ヶ日町都筑,東都筑,26,１ＬＤＫ,70,,,,平成2年,ＳＲＣ,,住宅,,,,市街化調整区域,60.0,200.0,2018年第４四半期,未改装,,6.763427993562937
22075527,中古マンション等,,22203,静岡県,沼津市,米山町,沼津,10,３ＬＤＫ,70,,,,平成21年,ＲＣ,住宅,住宅,,,,第２種住居地域,60.0,200.0,2015年第１四半期,改装済,,7.447158031342219
22053285,中古マンション等,,22102,静岡県,静岡市駿河区,高松,静岡,1H?1H30,３ＬＤＫ,60,,,,平成10年,ＲＣ,住宅,,,,,第１種中高層住居専用地域,60.0,150.0,2010年第３四半期,未改装,,7.146128035678238
22007123,中古マンション等,,22103,静岡県,静岡市清水区,千歳町,清水(静岡),21,３ＬＤＫ,60,,,,平成10年,ＲＣ,住宅,住宅,,,,商業地域,80.0,400.0,2016年第１四半期,未改装,関係者間取引,7.146128035678238
22055262,中古マンション等,,22101,静岡県,静岡市葵区,北安東,静岡,30分?60分,３ＬＤＫ,70,,,,平成7年,ＲＣ,住宅,住宅,,,,第２種中高層住居専用地域,60.0,200.0,2015年第２四半期,改装済,,7.204119982655925
22000007,中古マンション等,,22101,静岡県,静岡市葵区,相生町,静岡,13,３ＬＤＫ,65,,,,昭和61年,ＳＲＣ,,住宅,,,,商業地域,80.0,400.0,2018年第３四半期,未改装,,7.113943352306837
22007441,中古マンション等,,22103,静岡県,静岡市清水区,西高町,清水(静岡),30分?60分,３ＬＤＫ,65,,,,,,,住宅,,,,第２種中高層住居専用地域,60.0,200.0,2018年第４四半期,未改装,,7.2552725051033065
22005490,中古マンション等,,22102,静岡県,静岡市駿河区,南町,静岡,,４ＬＤＫ,130,,,,平成9年,ＳＲＣ,住宅,住宅,,,,商業地域,80.0,600.0,2016年第１四半期,未改装,,7.57978359661681
22069918,中古マンション等,,22131,静岡県,浜松市中区,板屋町,浜松,6,３ＬＤＫ,75,,,,平成22年,ＲＣ,住宅,,,,,商業地域,80.0,600.0,2012年第３四半期,未改装,,7.531478917042255
22104596,中古マンション等,,22210,静岡県,富士市,厚原,富士,21,３ＬＤＫ,65,,,,,ＲＣ,住宅,,,,,,,,2013年第４四半期,改装済,,6.954242509439325
22068381,中古マンション等,,22101,静岡県,静岡市葵区,春日,音羽町,3,３ＬＤＫ,75,,,,平成16年,ＲＣ,住宅,,,,,第２種住居地域,60.0,200.0,2013年第１四半期,未改装,,7.380211241711606
22075847,中古マンション等,,22210,静岡県,富士市,水戸島元町,富士,4,３ＬＤＫ,65,,,,昭和56年,ＳＲＣ,住宅,住宅,,,,商業地域,80.0,400.0,2014年第３四半期,改装済,,6.7160033436347994
22036521,中古マンション等,,22213,静岡県,掛川市,青葉台,掛川,26,３ＬＤＫ,70,,,,,,,住宅,,,,第２種住居地域,60.0,200.0,2018年第４四半期,未改装,,6.812913356642856
22058671,中古マンション等,,22102,静岡県,静岡市駿河区,見瀬,静岡,20,３ＬＤＫ,65,,,,平成2年,ＲＣ,住宅,住宅,,,,第２種住居地域,60.0,200.0,2015年第１四半期,未改装,,6.991226075692495
22098090,中古マンション等,,22210,静岡県,富士市,蓼原町,富士,21,２ＬＤＫ,65,,,,平成14年,ＲＣ,住宅,,,,,第１種住居地域,60.0,200.0,2012年第３四半期,未改装,,7.113943352306837
22003444,中古マンション等,,22102,静岡県,静岡市駿河区,稲川,静岡,7,１ＬＤＫ,60,,,,平成23年,ＲＣ,住宅,住宅,,,,商業地域,80.0,500.0,2017年第２四半期,改装済,,7.477121254719663
22005458,中古マンション等,,22102,静岡県,静岡市駿河区,南町,静岡,4,３ＬＤＫ,65,,,,平成11年,ＳＲＣ,住宅,事務所,,,,商業地域,80.0,400.0,2020年第３四半期,未改装,,7.278753600952829
22081373,中古マンション等,,22101,静岡県,静岡市葵区,宮ヶ崎町,静岡,19,２ＬＤＫ,75,,,,平成15年,ＲＣ,住宅,,,,,商業地域,80.0,400.0,2009年第１四半期,未改装,,7.380211241711606
22005485,中古マンション等,,22102,静岡県,静岡市駿河区,南町,静岡,4,２ＬＤＫ,60,,,,平成8年,鉄骨造,住宅,住宅,,,,近隣商業地域,80.0,300.0,2016年第２四半期,改装済,,7.176091259055681
22053012,中古マンション等,,22101,静岡県,静岡市葵区,沓谷,静岡,30分?60分,３ＬＤＫ,70,,,,平成8年,ＲＣ,住宅,,,,,第１種中高層住居専用地域,60.0,200.0,2011年第２四半期,未改装,,7.204119982655925
22078897,中古マンション等,,22101,静岡県,静岡市葵区,駒形通,静岡,21,３ＬＤＫ,75,,,,平成20年,ＲＣ,住宅,,,,,近隣商業地域,80.0,300.0,2009年第１四半期,未改装,,7.568201724066995
22125462,中古マンション等,,22203,静岡県,沼津市,大手町,沼津,1,３ＬＤＫ,90,,,,平成20年,ＲＣ,住宅,,,,,商業地域,80.0,500.0,2008年第２四半期,未改装,,7.6127838567197355
22005731,中古マンション等,,22102,静岡県,静岡市駿河区,八幡,静岡,11,１ＬＤＫ,50,,,,平成18年,,住宅,住宅,,,,近隣商業地域,80.0,300.0,2017年第４四半期,未改装,,7.301029995663981
22053528,中古マンション等,,22102,静岡県,静岡市駿河区,中田,静岡,13,オープンフロア,40,,,,昭和56年,ＲＣ,店舗,,,,,第２種住居地域,60.0,200.0,2010年第４四半期,未改装,,6.447158031342219
22008917,中古マンション等,,22131,静岡県,浜松市中区,鴨江,浜松,30分?60分,３ＬＤＫ,70,,,,,ＳＲＣ,,住宅,,,,第１種中高層住居専用地域,60.0,200.0,2020年第３四半期,未改装,,7.204119982655925
22074460,中古マンション等,,22102,静岡県,静岡市駿河区,宮竹,静岡,30分?60分,３ＬＤＫ,70,,,,平成16年,ＲＣ,住宅,,,,,第２種中高層住居専用地域,60.0,200.0,2013年第２四半期,未改装,,7.230448921378274
22122837,中古マンション等,,22131,静岡県,浜松市中区,曳馬,浜松,30分?60分,３ＬＤＫ,90,,,,平成17年,ＲＣ,住宅,,,,,第１種住居地域,60.0,200.0,2008年第３四半期,改装済,,7.431363764158987
22010629,中古マンション等,,22131,静岡県,浜松市中区,中島,浜松,15,１Ｋ,20,,,,平成3年,ＲＣ,住宅,住宅,,,,近隣商業地域,80.0,200.0,2019年第１四半期,改装済,,6.414973347970818
22002117,中古マンション等,,22101,静岡県,静岡市葵区,天王町,静岡,15,１Ｋ,15,,,,昭和58年,ＲＣ,,住宅,,,,商業地域,80.0,400.0,2020年第１四半期,未改装,,6.176091259055681
22021848,中古マンション等,,22203,静岡県,沼津市,東間門,沼津,18,３ＬＤＫ,75,,,,,ＲＣ,,住宅,,,,準工業地域,60.0,200.0,2019年第１四半期,未改装,,7.079181246047625
22095680,中古マンション等,,22203,静岡県,沼津市,平町,沼津,13,,30,,,,,ＲＣ,住宅,,,,,近隣商業地域,80.0,300.0,2013年第２四半期,未改装,,6.505149978319906
22058621,中古マンション等,,22131,静岡県,浜松市中区,上島,上島,8,２ＬＤＫ,75,,,,昭和64年,ＲＣ,住宅,,,,,準住居地域,60.0,200.0,2011年第４四半期,改装済,,6.939519252618618
22074320,中古マンション等,,22203,静岡県,沼津市,下香貫,沼津,30分?60分,,80,,,,平成5年,ＲＣ,住宅,住宅,,,,,,,2015年第２四半期,,,6.863322860120456
22051717,中古マンション等,,22101,静岡県,静岡市葵区,三番町,静岡,28,２ＤＫ,50,,,,平成3年,ＲＣ,住宅,,,,,近隣商業地域,80.0,200.0,2010年第３四半期,未改装,,6.977723605288848
22001179,中古マンション等,,22101,静岡県,静岡市葵区,駒形通,静岡,18,２ＬＤＫ,40,,,,昭和61年,ＲＣ,住宅,住宅,,,,商業地域,,,2016年第４四半期,,,6.832508912706237
22108140,中古マンション等,,22211,静岡県,磐田市,東新町,磐田,30分?60分,２ＬＤＫ,60,,,,平成8年,ＳＲＣ,住宅,,,,,市街化調整区域,60.0,200.0,2013年第４四半期,未改装,,5.812913356642856
22051039,中古マンション等,,22101,静岡県,静岡市葵区,瀬名中央,静岡,1H?1H30,３ＬＤＫ,65,,,,平成7年,ＲＣ,住宅,住宅,,,,第２種中高層住居専用地域,60.0,200.0,2014年第３四半期,未改装,,7.079181246047625
22002124,中古マンション等,,22101,静岡県,静岡市葵区,天王町,静岡,4,２ＤＫ,15,,,,昭和59年,ＲＣ,住宅,住宅,,,,商業地域,80.0,400.0,2016年第４四半期,改装済,,6.6020599913279625
22122928,中古マンション等,,22131,静岡県,浜松市中区,元浜町,浜松,18,２ＤＫ,50,,,,平成9年,ＳＲＣ,住宅,,,,,商業地域,80.0,500.0,2007年第３四半期,改装済,,7.113943352306837
22055483,中古マンション等,,22103,静岡県,静岡市清水区,西高町,清水(静岡),30分?60分,３ＬＤＫ,60,,,,平成18年,ＲＣ,住宅,,,,,第２種中高層住居専用地域,60.0,200.0,2010年第２四半期,未改装,,7.3222192947339195
22003155,中古マンション等,,22101,静岡県,静岡市葵区,竜南,静岡,30分?60分,３ＬＤＫ,60,,,,平成19年,ＲＣ,,住宅,,,,第２種中高層住居専用地域,60.0,200.0,2018年第１四半期,未改装,,7.230448921378274
22059273,中古マンション等,,22131,静岡県,浜松市中区,城北,浜松,30分?60分,２ＬＤＫ,65,,,,昭和61年,ＲＣ,住宅,,,,,第２種中高層住居専用地域,60.0,200.0,2011年第１四半期,改装済,,6.832508912706237
22001695,中古マンション等,,22101,静岡県,静岡市葵区,瀬名川,草薙(ＪＲ),30分?60分,３ＬＤＫ,70,,,,平成15年,ＲＣ,住宅,住宅,,,,第２種中高層住居専用地域,60.0,200.0,2016年第１四半期,未改装,,7.176091259055681
22022122,中古マンション等,,22203,静岡県,沼津市,桃里,原(静岡),30分?60分,２ＬＤＫ,60,,,,平成6年,ＲＣ,住宅,住宅,,,,市街化調整区域,60.0,200.0,2020年第３四半期,改装済,,7.079181246047625
22005768,中古マンション等,,22102,静岡県,静岡市駿河区,大和,静岡,13,３ＬＤＫ,75,,,,平成17年,ＲＣ,住宅,住宅,,,,準工業地域,60.0,200.0,2016年第３四半期,,,7.3222192947339195
22085476,中古マンション等,,22214,静岡県,藤枝市,高洲,藤枝,24,３ＬＤＫ,60,,,,平成7年,ＲＣ,住宅,住宅,,,,第２種中高層住居専用地域,60.0,150.0,2014年第４四半期,未改装,調停・競売等,6.9084850188786495
22009331,中古マンション等,,22131,静岡県,浜松市中区,佐鳴台,浜松,30分?60分,２ＬＤＫ,60,,,,平成7年,ＳＲＣ,住宅,住宅,,,,第１種中高層住居専用地域,60.0,200.0,2018年第２四半期,改装済,,7.113943352306837
22061290,中古マンション等,,22101,静岡県,静岡市葵区,安東,静岡,30分?60分,４ＬＤＫ,100,,,,平成21年,ＲＣ,住宅,,,,,第１種中高層住居専用地域,60.0,200.0,2012年第１四半期,未改装,,7.6020599913279625
22023151,中古マンション等,,22206,静岡県,三島市,幸原町,三島,15,３ＬＤＫ,85,,,,平成19年,ＲＣ,住宅,事務所,,,,近隣商業地域,80.0,200.0,2017年第２四半期,未改装,,7.491361693834273
22017434,中古マンション等,,22135,静岡県,浜松市北区,三ヶ日町大崎,都筑,30分?60分,１ＤＫ,45,,,,平成2年,ＳＲＣ,,住宅,,,,市街化調整区域,60.0,200.0,2020年第２四半期,改装済,,6.732393759822968
22077195,中古マンション等,,22103,静岡県,静岡市清水区,本郷町,清水(静岡),5,２ＬＤＫ,60,,,,平成19年,ＲＣ,住宅,,,,,商業地域,80.0,400.0,2013年第１四半期,未改装,,7.2552725051033065
22011109,中古マンション等,,22131,静岡県,浜松市中区,東伊場,浜松,18,４ＬＤＫ,100,,,,平成7年,ＲＣ,住宅,住宅,,,,近隣商業地域,80.0,300.0,2016年第３四半期,未改装,,7.3222192947339195
22118055,中古マンション等,,22101,静岡県,静岡市葵区,川辺町,静岡,13,１ＬＤＫ,35,,,,平成2年,ＳＲＣ,住宅,,,,,商業地域,80.0,400.0,2007年第４四半期,未改装,,6.740362689494244
22066939,中古マンション等,,22133,静岡県,浜松市西区,舞阪町弁天島,弁天島,2,１ＤＫ,40,,,,昭和51年,ＳＲＣ,住宅,住宅,,,,商業地域,80.0,400.0,2015年第３四半期,未改装,,6.361727836017593
22055013,中古マンション等,,22131,静岡県,浜松市中区,高丘北,浜松,1H30?2H,３ＬＤＫ,70,,,,,ＲＣ,住宅,,,,,第１種住居地域,60.0,200.0,2014年第１四半期,未改装,,6.963787827345556
22087710,中古マンション等,,22103,静岡県,静岡市清水区,西高町,清水(静岡),30分?60分,２ＬＤＫ,55,,,,平成20年,ＲＣ,住宅,,,,,商業地域,60.0,200.0,2009年第１四半期,未改装,,7.230448921378274
22020935,中古マンション等,,22203,静岡県,沼津市,三枚橋町,沼津,5,,70,,,,平成21年,ＲＣ,住宅,住宅,,,,近隣商業地域,80.0,300.0,2019年第４四半期,未改装,調停・競売等,7.301029995663981
22122741,中古マンション等,,22131,静岡県,浜松市中区,西伊場町,浜松,30分?60分,３ＬＤＫ,70,,,,平成8年,ＲＣ,住宅,,,,,工業地域,60.0,200.0,2008年第３四半期,未改装,,7.2552725051033065
22008617,中古マンション等,,22131,静岡県,浜松市中区,海老塚,浜松,25,３ＬＤＫ,65,,,,平成7年,ＲＣ,,住宅,,,,第１種住居地域,60.0,200.0,2018年第１四半期,未改装,,6.903089986991944
22093344,中古マンション等,,22203,静岡県,沼津市,大岡,大岡(静岡),3,２ＤＫ＋Ｓ,65,,,,平成15年,ＲＣ,住宅,,,,,第１種住居地域,60.0,200.0,2013年第３四半期,改装済,,7.2552725051033065
22001245,中古マンション等,,22101,静岡県,静岡市葵区,三番町,静岡,24,２ＬＤＫ,55,,,,平成31年,,住宅,住宅,,,,近隣商業地域,80.0,200.0,2020年第２四半期,改装済,,7.491361693834273
22075144,中古マンション等,,22207,静岡県,富士宮市,矢立町,富士宮,19,３ＬＤＫ,75,,,,平成17年,ＲＣ,住宅,,,,,第２種住居地域,60.0,200.0,2011年第２四半期,未改装,,7.2552725051033065
22074156,中古マンション等,,22203,静岡県,沼津市,志下,沼津,1H?1H30,４ＬＤＫ,80,,,,平成20年,ＲＣ,住宅,住宅,,,,,,,2015年第３四半期,,,7.204119982655925
22023787,中古マンション等,,22206,静岡県,三島市,松が丘,三島,30分?60分,,70,,,,,,,住宅,,,,第２種住居地域,60.0,200.0,2019年第４四半期,,,6.176091259055681
22008755,中古マンション等,,22131,静岡県,浜松市中区,上島,浜松,1H?1H30,３ＬＤＫ,80,,,,昭和63年,ＳＲＣ,住宅,住宅,,,,第１種中高層住居専用地域,60.0,200.0,2018年第４四半期,未改装,,7.146128035678238
22069919,中古マンション等,,22131,静岡県,浜松市中区,板屋町,浜松,6,３ＬＤＫ,95,,,,平成18年,ＳＲＣ,住宅,,,,,商業地域,80.0,400.0,2012年第３四半期,未改装,,7.491361693834273
22020340,中古マンション等,,22203,静岡県,沼津市,大岡,沼津,18,３ＬＤＫ,65,,,,平成7年,ＲＣ,住宅,住宅,,,,第２種住居地域,60.0,200.0,2018年第１四半期,改装済,,6.913813852383717
22033828,中古マンション等,,22211,静岡県,磐田市,中泉,磐田,16,３ＬＤＫ,75,,,,平成21年,ＲＣ,住宅,住宅,,,,第２種中高層住居専用地域,60.0,150.0,2017年第２四半期,,,7.3222192947339195
22088030,中古マンション等,,22103,静岡県,静岡市清水区,馬走北,草薙(ＪＲ),29,３ＬＤＫ,65,,,,昭和52年,ＳＲＣ,住宅,,,,,第２種住居地域,60.0,200.0,2009年第１四半期,未改装,,6.919078092376074
22006211,中古マンション等,,22103,静岡県,静岡市清水区,興津本町,興津,1,４ＬＤＫ,70,,,,平成7年,ＲＣ,住宅,住宅,,,,近隣商業地域,80.0,200.0,2018年第１四半期,未改装,,7.204119982655925
22012095,中古マンション等,,22132,静岡県,浜松市東区,植松町,浜松,30分?60分,３ＬＤＫ,70,,,,平成11年,,住宅,住宅,,,,第１種住居地域,60.0,200.0,2020年第１四半期,改装済,,7.113943352306837
22009562,中古マンション等,,22131,静岡県,浜松市中区,新津町,浜松,30分?60分,３ＬＤＫ,70,,,,平成8年,ＲＣ,,その他,,,,第１種住居地域,60.0,200.0,2017年第３四半期,未改装,,7.113943352306837
22066770,中古マンション等,,22206,静岡県,三島市,南田町,三島田町,8,４ＬＤＫ,70,,,,平成9年,ＲＣ,住宅,住宅,,,,近隣商業地域,60.0,200.0,2014年第１四半期,未改装,,7.2552725051033065
22032110,中古マンション等,,22210,静岡県,富士市,柚木,富士,16,３ＬＤＫ,70,,,,平成11年,ＲＣ,住宅,住宅,,,,第１種住居地域,60.0,200.0,2019年第１四半期,未改装,調停・競売等,6.845098040014257
22009068,中古マンション等,,22131,静岡県,浜松市中区,北寺島町,浜松,10,１Ｋ,25,,,,平成2年,,,住宅,,,,商業地域,80.0,500.0,2020年第３四半期,未改装,,6.447158031342219
22013812,中古マンション等,,22133,静岡県,浜松市西区,入野町,浜松,1H?1H30,３ＬＤＫ,70,,,,平成4年,ＲＣ,住宅,住宅,,,,第１種中高層住居専用地域,60.0,200.0,2016年第３四半期,改装済,,6.778151250383644
22010209,中古マンション等,,22131,静岡県,浜松市中区,中央,浜松,9,４ＬＤＫ,75,,,,平成12年,ＲＣ,住宅,住宅,,,,商業地域,80.0,400.0,2017年第１四半期,未改装,,7.431363764158987
22034911,中古マンション等,,22212,静岡県,焼津市,駅北,焼津,9,４ＬＤＫ,85,,,,平成20年,ＲＣ,住宅,住宅,,,,第１種住居地域,60.0,200.0,2016年第１四半期,未改装,,7.380211241711606
22000584,中古マンション等,,22101,静岡県,静岡市葵区,上足洗,静岡,30分?60分,４ＬＤＫ,85,,,,平成10年,ＲＣ,住宅,住宅,,,,第２種中高層住居専用地域,60.0,200.0,2020年第３四半期,改装済,,7.278753600952829
22072049,中古マンション等,,22131,静岡県,浜松市中区,寺島町,浜松,10,１Ｋ,20,,,,昭和64年,ＲＣ,住宅,,,,,近隣商業地域,80.0,300.0,2012年第２四半期,改装済,,5.903089986991944
22019988,中古マンション等,,22203,静岡県,沼津市,旭町,沼津,17,１ＬＤＫ,65,,,,昭和63年,ＲＣ,住宅,住宅,,,,近隣商業地域,80.0,200.0,2018年第４四半期,改装済,,6.518513939877887
22039787,中古マンション等,,22214,静岡県,藤枝市,藤枝,藤枝,30分?60分,３ＬＤＫ,65,,,,,ＲＣ,住宅,住宅,,,,近隣商業地域,80.0,300.0,2016年第４四半期,改装済,,7.079181246047625
22022062,中古マンション等,,22203,静岡県,沼津市,三園町,沼津,21,３ＬＤＫ,65,,,,平成21年,ＲＣ,,住宅,,,,近隣商業地域,80.0,200.0,2018年第４四半期,未改装,,7.204119982655925
22012640,中古マンション等,,22132,静岡県,浜松市東区,神立町,浜松,30分?60分,３ＬＤＫ,70,,,,平成8年,,住宅,住宅,,,,第１種住居地域,60.0,200.0,2020年第２四半期,未改装,,7.301029995663981
22068008,中古マンション等,,22103,静岡県,静岡市清水区,庄福町,清水(静岡),30分?60分,３ＬＤＫ,60,,,,昭和49年,ＲＣ,住宅,,,,,第１種中高層住居専用地域,60.0,200.0,2012年第１四半期,未改装,,6.748188027006201
22051232,中古マンション等,,22101,静岡県,静岡市葵区,本通,静岡,15,２ＤＫ,35,,,,昭和55年,ＳＲＣ,住宅,住宅,,,,商業地域,80.0,500.0,2014年第２四半期,未改装,,6.732393759822968
22011485,中古マンション等,,22131,静岡県,浜松市中区,龍禅寺町,浜松,18,３ＬＤＫ,65,,,,,ＲＣ,住宅,,,,,第２種住居地域,60.0,200.0,2019年第３四半期,未改装,,7.079181246047625
22055361,中古マンション等,,22101,静岡県,静岡市葵区,呉服町,静岡,11,２ＬＤＫ,65,,,,平成26年,ＲＣ,住宅,住宅,,,,商業地域,80.0,600.0,2015年第２四半期,,,7.623249290397901
22120773,中古マンション等,,22103,静岡県,静岡市清水区,江尻台町,清水(静岡),,１Ｋ,15,,,,平成4年,,住宅,,,,,,,,2006年第２四半期,改装済,,6.3979400086720375
22008654,中古マンション等,,22131,静岡県,浜松市中区,鍛冶町,浜松,8,４ＬＤＫ,105,,,,平成12年,ＳＲＣ,住宅,住宅,,,,,,,2019年第３四半期,,,7.518513939877887
22124480,中古マンション等,,22135,静岡県,浜松市北区,初生町,浜松,1H30?2H,３ＬＤＫ,65,,,,平成3年,ＲＣ,住宅,,,,,市街化調整区域,60.0,200.0,2008年第２四半期,未改装,,7.113943352306837
22054486,中古マンション等,,22131,静岡県,浜松市中区,幸,浜松,1H?1H30,３ＬＤＫ,65,,,,昭和50年,ＳＲＣ,住宅,住宅,,,,第２種住居地域,60.0,200.0,2014年第３四半期,未改装,,6.447158031342219
22000669,中古マンション等,,22101,静岡県,静岡市葵区,上足洗,静岡,30分?60分,２ＬＤＫ,60,,,,平成10年,ＲＣ,住宅,住宅,,,,第２種中高層住居専用地域,60.0,200.0,2016年第１四半期,改装済,,7.380211241711606
22060093,中古マンション等,,22103,静岡県,静岡市清水区,千歳町,新清水,6,３ＬＤＫ,60,,,,昭和56年,ＳＲＣ,住宅,住宅,,,,商業地域,80.0,400.0,2015年第１四半期,改装済,,6.778151250383644
22011510,中古マンション等,,22131,静岡県,浜松市中区,龍禅寺町,浜松,10,１Ｋ,40,,,,昭和57年,ＲＣ,住宅,住宅,,,,近隣商業地域,80.0,300.0,2016年第４四半期,未改装,,6.204119982655925
22064557,中古マンション等,,22203,静岡県,沼津市,高島町,沼津,3,,80,,,,,ＲＣ,住宅,住宅,,,,商業地域,80.0,400.0,2014年第３四半期,未改装,,7.3979400086720375
22017455,中古マンション等,,22135,静岡県,浜松市北区,三ヶ日町大崎,都筑,30分?60分,１ＬＤＫ,40,,,,昭和61年,ＲＣ,,住宅,,,,市街化調整区域,60.0,200.0,2018年第１四半期,未改装,,6.672097857935717
22088610,中古マンション等,,22206,静岡県,三島市,徳倉,三島,30分?60分,３ＬＤＫ,65,,,,昭和62年,ＲＣ,住宅,,,,,第１種中高層住居専用地域,60.0,150.0,2012年第１四半期,改装済,,6.99563519459755
22128945,中古マンション等,,22210,静岡県,富士市,平垣町,富士,16,２ＬＤＫ,60,,,,,ＲＣ,住宅,,,,,近隣商業地域,80.0,200.0,2007年第３四半期,,,6.778151250383644
22051743,中古マンション等,,22102,静岡県,静岡市駿河区,石部,用宗,17,１ＤＫ,40,,,,平成6年,ＲＣ,住宅,,,,,第１種住居地域,60.0,200.0,2014年第１四半期,未改装,,6.690196080028514
22088978,中古マンション等,,22131,静岡県,浜松市中区,葵東,浜松,1H30?2H,３ＬＤＫ,65,,,,平成11年,ＲＣ,住宅,,,,,近隣商業地域,80.0,300.0,2009年第３四半期,未改装,,7.204119982655925
22121747,中古マンション等,,22103,静岡県,静岡市清水区,馬走北,草薙(ＪＲ),28,３ＬＤＫ,65,,,,昭和52年,ＳＲＣ,住宅,,,,,第２種住居地域,60.0,200.0,2006年第４四半期,未改装,,6.903089986991944
22013673,中古マンション等,,22133,静岡県,浜松市西区,入野町,高塚,14,,55,,,,,,,住宅,,,,,,,2020年第２四半期,,,6.949390006644912
22009235,中古マンション等,,22131,静岡県,浜松市中区,佐藤,浜松,30分?60分,３ＬＤＫ,70,,,,平成15年,,住宅,住宅,,,,第２種住居地域,60.0,200.0,2020年第１四半期,未改装,,7.079181246047625
22087221,中古マンション等,,22214,静岡県,藤枝市,駅前,藤枝,5,３ＬＤＫ,70,,,,平成10年,ＳＲＣ,住宅,,,,,商業地域,80.0,400.0,2010年第１四半期,改装済,,7.204119982655925
22020176,中古マンション等,,22203,静岡県,沼津市,江原町,沼津,24,４ＬＤＫ,70,,,,平成8年,ＲＣ,住宅,住宅,,,,第１種住居地域,60.0,200.0,2017年第２四半期,未改装,,7.146128035678238
22077568,中古マンション等,,22206,静岡県,三島市,南二日町,三島,30分?60分,３ＬＤＫ,70,,,,平成10年,ＳＲＣ,住宅,,,,,工業地域,60.0,200.0,2015年第１四半期,改装済,,7.079181246047625
22017473,中古マンション等,,22135,静岡県,浜松市北区,三ヶ日町大崎,都筑,30分?60分,２ＬＤＫ,65,,,,昭和61年,ＲＣ,住宅,その他,,,,市街化調整区域,60.0,200.0,2016年第３四半期,未改装,,6.0
22000304,中古マンション等,,22101,静岡県,静岡市葵区,梅屋町,静岡,15,オープンフロア,50,,,,平成4年,ＲＣ,事務所,店舗,,,,商業地域,80.0,400.0,2018年第４四半期,改装済,,7.041392685158225
22038396,中古マンション等,,22214,静岡県,藤枝市,駅前,藤枝,2,３ＬＤＫ,70,,,,平成14年,ＲＣ,住宅,その他,,,,商業地域,80.0,400.0,2016年第４四半期,未改装,,6.903089986991944
22122750,中古マンション等,,22131,静岡県,浜松市中区,西伊場町,浜松,30分?60分,３ＬＤＫ,70,,,,平成8年,ＲＣ,住宅,,,,,工業地域,60.0,200.0,2007年第４四半期,未改装,,7.146128035678238
22055198,中古マンション等,,22103,静岡県,静岡市清水区,千歳町,清水(静岡),18,３ＬＤＫ,65,,,,平成19年,ＲＣ,住宅,,,,,商業地域,80.0,400.0,2010年第４四半期,,,7.176091259055681
22125699,中古マンション等,,22203,静岡県,沼津市,新宿町,沼津,8,３ＬＤＫ,75,,,,昭和59年,ＳＲＣ,住宅,,,,,商業地域,80.0,400.0,2007年第３四半期,未改装,,7.079181246047625
22008251,中古マンション等,,22131,静岡県,浜松市中区,相生町,浜松,18,４ＬＤＫ,85,,,,平成11年,ＳＲＣ,,住宅,,,,商業地域,80.0,400.0,2019年第１四半期,未改装,,7.278753600952829
22035084,中古マンション等,,22212,静岡県,焼津市,小柳津,西焼津,14,３ＬＤＫ,75,,,,,ＲＣ,住宅,住宅,,,,工業地域,60.0,200.0,2017年第２四半期,未改装,,7.204119982655925
22081995,中古マンション等,,22102,静岡県,静岡市駿河区,池田,東静岡,28,３ＬＤＫ,65,,,,昭和54年,ＲＣ,住宅,,,,,第１種中高層住居専用地域,60.0,150.0,2009年第２四半期,未改装,調停・競売等,6.544068044350276
22002215,中古マンション等,,22101,静岡県,静岡市葵区,長沼,長沼(静岡),8,４ＬＤＫ,85,,,,平成14年,,住宅,住宅,,,,,,,2018年第１四半期,,,7.380211241711606
22029507,中古マンション等,,22210,静岡県,富士市,今泉,吉原,30分?60分,３ＬＤＫ,65,,,,平成26年,ＲＣ,住宅,その他,,,,工業地域,60.0,200.0,2020年第３四半期,未改装,,7.380211241711606
22033414,中古マンション等,,22211,静岡県,磐田市,立野,豊田町,4,３ＬＤＫ,70,,,,,ＳＲＣ,住宅,,,,,近隣商業地域,80.0,200.0,2017年第１四半期,,,7.113943352306837
22119753,中古マンション等,,22102,静岡県,静岡市駿河区,石部,用宗,16,２ＬＤＫ,50,,,,平成6年,ＲＣ,住宅,,,,,第１種住居地域,60.0,200.0,2007年第４四半期,未改装,,6.929418925714293
22126465,中古マンション等,,22206,静岡県,三島市,萩,長泉なめり,25,３ＬＤＫ,65,,,,平成6年,ＲＣ,住宅,,,,,第１種中高層住居専用地域,60.0,200.0,2008年第２四半期,未改装,,7.113943352306837
22069581,中古マンション等,,22206,静岡県,三島市,（大字なし）,三島,,２ＬＤＫ,55,,,,平成3年,ＲＣ,住宅,,,,,第２種住居地域,60.0,200.0,2010年第４四半期,,,7.113943352306837
22021776,中古マンション等,,22203,静岡県,沼津市,東椎路,片浜,30分?60分,４ＬＤＫ,75,,,,平成3年,ＲＣ,住宅,住宅,,,,第２種中高層住居専用地域,60.0,150.0,2020年第１四半期,未改装,,6.982271233039568
22120587,中古マンション等,,22102,静岡県,静岡市駿河区,八幡,静岡,19,３ＬＤＫ,75,,,,平成9年,ＲＣ,住宅,,,,,第２種住居地域,60.0,200.0,2008年第２四半期,未改装,,7.342422680822207
22020552,中古マンション等,,22203,静岡県,沼津市,大手町,沼津,1,１ＬＤＫ,50,,,,平成20年,,住宅,住宅,,,,商業地域,80.0,600.0,2017年第４四半期,改装済,,7.3979400086720375
22081782,中古マンション等,,22210,静岡県,富士市,中島,富士,23,２ＬＤＫ,50,,,,平成3年,ＲＣ,住宅,,,,,,60.0,200.0,2011年第４四半期,未改装,,6.832508912706237
22099878,中古マンション等,,22210,静岡県,富士市,水戸島本町,富士,6,,30,,,,,ＳＲＣ,住宅,,,,,第２種住居地域,60.0,200.0,2012年第１四半期,,,6.556302500767287
22002850,中古マンション等,,22101,静岡県,静岡市葵区,緑町,静岡,30分?60分,３ＬＤＫ,70,,,,平成21年,,,住宅,,,,第２種中高層住居専用地域,60.0,200.0,2018年第３四半期,,,7.447158031342219
22124007,中古マンション等,,22134,静岡県,浜松市南区,飯田町,天竜川,16,３ＬＤＫ,75,,,,平成4年,ＲＣ,住宅,,,,,第１種住居地域,60.0,200.0,2008年第４四半期,改装済,,7.041392685158225
22009161,中古マンション等,,22131,静岡県,浜松市中区,幸,浜松,1H?1H30,３ＬＤＫ,65,,,,昭和50年,ＳＲＣ,住宅,住宅,,,,第２種住居地域,60.0,200.0,2019年第２四半期,未改装,,6.301029995663981
22001583,中古マンション等,,22101,静岡県,静岡市葵区,瀬名,静岡,1H30?2H,２ＬＤＫ,45,,,,昭和47年,ＲＣ,住宅,住宅,,,,第１種中高層住居専用地域,60.0,150.0,2019年第３四半期,未改装,,6.477121254719663
22122956,中古マンション等,,22131,静岡県,浜松市中区,龍禅寺町,浜松,10,３ＬＤＫ,70,,,,昭和57年,ＲＣ,住宅,,,,,近隣商業地域,80.0,300.0,2008年第４四半期,改装済,,7.041392685158225
22056893,中古マンション等,,22101,静岡県,静岡市葵区,与一,静岡,1H?1H30,２ＬＤＫ,60,,,,昭和51年,ＲＣ,住宅,住宅,,,,第２種中高層住居専用地域,60.0,200.0,2015年第１四半期,改装済,,6.740362689494244
22058425,中古マンション等,,22102,静岡県,静岡市駿河区,曲金,静岡,24,１ＬＤＫ,40,,,,昭和48年,ＳＲＣ,住宅,,,,,工業地域,60.0,200.0,2015年第２四半期,未改装,,6.361727836017593
22065787,中古マンション等,,22102,静岡県,静岡市駿河区,西中原,静岡,25,２ＤＫ,45,,,,昭和48年,ＳＲＣ,住宅,,,,,近隣商業地域,80.0,200.0,2012年第３四半期,未改装,,6.204119982655925
22075894,中古マンション等,,22133,静岡県,浜松市西区,入野町,浜松,1H?1H30,１Ｋ,20,,,,平成2年,ＲＣ,住宅,,,,,工業地域,60.0,200.0,2012年第２四半期,未改装,,6.113943352306837
22053949,中古マンション等,,22102,静岡県,静岡市駿河区,南町,静岡,5,２ＤＫ,60,,,,平成8年,鉄骨造,店舗,,,,,商業地域,80.0,400.0,2010年第４四半期,未改装,,7.176091259055681
22010444,中古マンション等,,22131,静岡県,浜松市中区,富塚町,浜松,30分?60分,４ＬＤＫ,105,,,,平成9年,ＲＣ,住宅,住宅,,,,第１種中高層住居専用地域,60.0,200.0,2018年第３四半期,改装済,,7.518513939877887
22002212,中古マンション等,,22101,静岡県,静岡市葵区,長沼,静岡,30分?60分,３ＬＤＫ,70,,,,平成13年,ＲＣ,住宅,住宅,,,,準工業地域,60.0,200.0,2016年第３四半期,改装済,,7.342422680822207
22103348,中古マンション等,,22212,静岡県,焼津市,小柳津,西焼津,7,３ＬＤＫ,75,,,,平成13年,ＲＣ,住宅,,,,,工業地域,60.0,200.0,2012年第４四半期,未改装,,7.204119982655925
22034878,中古マンション等,,22212,静岡県,焼津市,駅北,焼津,1,,40,,,,平成4年,ＳＲＣ,,住宅,,,,商業地域,80.0,400.0,2019年第３四半期,未改装,,6.812913356642856
22101203,中古マンション等,,22211,静岡県,磐田市,上本郷,豊田町,4,３ＬＤＫ,70,,,,平成9年,ＳＲＣ,住宅,,,,,近隣商業地域,80.0,200.0,2012年第４四半期,未改装,,7.146128035678238
22023917,中古マンション等,,22206,静岡県,三島市,南本町,三島田町,5,,65,,,,平成18年,,,住宅,,,,近隣商業地域,80.0,200.0,2018年第３四半期,未改装,,7.342422680822207
22075184,中古マンション等,,22203,静岡県,沼津市,東間門,沼津,16,３ＬＤＫ,75,,,,平成9年,ＲＣ,住宅,住宅,,,,準工業地域,60.0,200.0,2015年第２四半期,改装済,,7.113943352306837
22051450,中古マンション等,,22102,静岡県,静岡市駿河区,稲川,静岡,5,３ＬＤＫ,75,,,,,ＲＣ,住宅,住宅,,,,商業地域,80.0,500.0,2014年第２四半期,改装済,,7.342422680822207
22062596,中古マンション等,,22131,静岡県,浜松市中区,高丘北,浜松,1H30?2H,,105,,,,平成4年,ＲＣ,住宅,住宅,,,,第１種住居地域,60.0,200.0,2015年第４四半期,改装済,,7.146128035678238
22050793,中古マンション等,,22101,静岡県,静岡市葵区,春日,静岡,23,,65,,,,昭和48年,ＳＲＣ,住宅,,,,,第２種住居地域,60.0,200.0,2014年第１四半期,,,6.763427993562937
22072655,中古マンション等,,22102,静岡県,静岡市駿河区,さつき町,静岡,12,３ＬＤＫ,75,,,,昭和57年,ＲＣ,住宅,,,,,準工業地域,60.0,200.0,2013年第４四半期,改装済,,7.0
22017563,中古マンション等,,22135,静岡県,浜松市北区,三ヶ日町下尾奈,三ケ日,30分?60分,１Ｒ,25,,,,,ＲＣ,その他,その他,,,,市街化調整区域,60.0,200.0,2017年第１四半期,,,5.0
22081303,中古マンション等,,22101,静岡県,静岡市葵区,南安倍,静岡,26,１Ｒ,15,,,,平成3年,ＲＣ,住宅,,,,,近隣商業地域,80.0,300.0,2009年第２四半期,改装済,,6.230448921378274
22055077,中古マンション等,,22101,静岡県,静岡市葵区,川合,古庄,23,３ＬＤＫ,75,,,,平成3年,ＲＣ,住宅,住宅,,,,第２種中高層住居専用地域,60.0,200.0,2015年第２四半期,改装済,,6.982271233039568
22087350,中古マンション等,,22103,静岡県,静岡市清水区,堂林,清水(静岡),30分?60分,３ＬＤＫ,75,,,,平成3年,ＲＣ,住宅,,,,,第２種中高層住居専用地域,60.0,200.0,2009年第４四半期,未改装,,7.041392685158225
22101686,中古マンション等,,22211,静岡県,磐田市,立野,豊田町,1,３ＬＤＫ,70,,,,平成11年,ＳＲＣ,住宅,,,,,近隣商業地域,80.0,200.0,2012年第２四半期,改装済,,7.278753600952829
22068187,中古マンション等,,22103,静岡県,静岡市清水区,千歳町,清水(静岡),18,３ＬＤＫ,65,,,,平成19年,ＲＣ,住宅,,,,,商業地域,80.0,400.0,2012年第３四半期,未改装,,7.176091259055681
22038220,中古マンション等,,22213,静岡県,掛川市,連雀,掛川,6,３ＬＤＫ,70,,,,,ＳＲＣ,,住宅,,,,商業地域,80.0,400.0,2018年第１四半期,未改装,,7.079181246047625
22069957,中古マンション等,,22131,静岡県,浜松市中区,海老塚,浜松,15,３ＬＤＫ,65,,,,平成7年,ＲＣ,住宅,,,,,第１種住居地域,60.0,200.0,2012年第３四半期,改装済,,7.0
22060877,中古マンション等,,22135,静岡県,浜松市北区,三ヶ日町都筑,都筑,20,１ＬＤＫ,50,,,,平成2年,ＳＲＣ,住宅,住宅,,,,市街化調整区域,60.0,200.0,2014年第３四半期,未改装,,6.041392685158225
22074581,中古マンション等,,22210,静岡県,富士市,伝法,富士,30分?60分,３ＬＤＫ,65,,,,平成5年,ＲＣ,住宅,住宅,,,,第１種住居地域,60.0,200.0,2014年第３四半期,改装済,,7.2552725051033065
22073822,中古マンション等,,22102,静岡県,静岡市駿河区,曲金,静岡,25,３ＬＤＫ,75,,,,平成3年,ＲＣ,住宅,,,,,工業地域,60.0,200.0,2013年第４四半期,未改装,,7.079181246047625
22003428,中古マンション等,,22102,静岡県,静岡市駿河区,稲川,静岡,7,３ＬＤＫ,75,,,,平成23年,ＲＣ,住宅,住宅,,,,商業地域,80.0,500.0,2020年第１四半期,未改装,,7.556302500767287
22054308,中古マンション等,,22131,静岡県,浜松市中区,上島,浜松,30分?60分,２ＬＤＫ＋Ｓ,75,,,,平成15年,ＳＲＣ,住宅,,,,,第１種住居地域,60.0,200.0,2014年第１四半期,未改装,,7.301029995663981
22003346,中古マンション等,,22102,静岡県,静岡市駿河区,池田,東静岡,30分?60分,３ＬＤＫ,75,,,,,ＲＣ,住宅,住宅,,,,第１種中高層住居専用地域,60.0,150.0,2016年第３四半期,,,7.278753600952829
22056395,中古マンション等,,22131,静岡県,浜松市中区,板屋町,美薗中央公園,5,２ＬＤＫ,90,,,,平成18年,ＲＣ,住宅,,,,,商業地域,80.0,600.0,2010年第２四半期,未改装,,7.690196080028514
22060147,中古マンション等,,22103,静岡県,静岡市清水区,天神,清水(静岡),18,３ＬＤＫ,80,,,,平成10年,ＲＣ,住宅,住宅,,,,第２種住居地域,60.0,200.0,2015年第１四半期,改装済,,7.230448921378274
22021333,中古マンション等,,22203,静岡県,沼津市,高島町,沼津,6,３ＬＤＫ,75,,,,平成11年,,住宅,住宅,,,,商業地域,80.0,400.0,2019年第３四半期,改装済,,7.4623979978989565
22123377,中古マンション等,,22132,静岡県,浜松市東区,天龍川町,天竜川,1,３ＬＤＫ,60,,,,平成5年,ＳＲＣ,住宅,,,,,工業地域,60.0,200.0,2007年第２四半期,未改装,,7.041392685158225
22007522,中古マンション等,,22103,静岡県,静岡市清水区,半左衛門新田,草薙(ＪＲ),25,２ＬＤＫ,80,,,,昭和56年,ＳＲＣ,,住宅,,,,準住居地域,60.0,200.0,2018年第１四半期,改装済,,7.0
22010242,中古マンション等,,22131,静岡県,浜松市中区,寺島町,浜松,11,１Ｒ,20,,,,昭和64年,ＲＣ,住宅,住宅,,,,近隣商業地域,80.0,300.0,2019年第４四半期,未改装,,6.204119982655925
22023968,中古マンション等,,22206,静岡県,三島市,谷田,三島,30分?60分,３ＬＤＫ,65,,,,,ＲＣ,,住宅,,,,第１種低層住居専用地域,50.0,80.0,2020年第２四半期,未改装,,6.892094602690481
22012570,中古マンション等,,22132,静岡県,浜松市東区,小池町,浜松,1H?1H30,,65,,,,平成7年,ＲＣ,住宅,住宅,,,,準工業地域,60.0,200.0,2020年第３四半期,未改装,,6.9344984512435675
22005467,中古マンション等,,22102,静岡県,静岡市駿河区,南町,静岡,5,１ＤＫ,35,,,,昭和55年,,,住宅,,,,商業地域,80.0,400.0,2018年第３四半期,未改装,,6.763427993562937
22004679,中古マンション等,,22102,静岡県,静岡市駿河区,中原,静岡,25,２ＬＤＫ,75,,,,平成18年,,住宅,住宅,,,,準工業地域,60.0,200.0,2017年第４四半期,未改装,,7.3979400086720375
22061204,中古マンション等,,22132,静岡県,浜松市東区,植松町,浜松,29,２ＤＫ,45,,,,昭和49年,ＲＣ,住宅,,,,,第１種住居地域,60.0,200.0,2011年第３四半期,未改装,,5.8750612633917
22125295,中古マンション等,,22203,静岡県,沼津市,足高,沼津,1H?1H30,３ＬＤＫ,60,,,,平成4年,ＲＣ,住宅,,,,,工業地域,60.0,200.0,2008年第３四半期,未改装,調停・競売等,7.431363764158987
22094622,中古マンション等,,22203,静岡県,沼津市,下香貫,沼津,30分?60分,４ＬＤＫ,90,,,,昭和63年,ＲＣ,住宅,,,,,第１種住居地域,60.0,200.0,2013年第４四半期,未改装,,6.763427993562937
22129580,中古マンション等,,22211,静岡県,磐田市,中泉,磐田,3,３ＬＤＫ,75,,,,平成19年,ＲＣ,住宅,,,,,商業地域,80.0,400.0,2007年第３四半期,未改装,,7.477121254719663
22050923,中古マンション等,,22101,静岡県,静岡市葵区,七間町,静岡,9,１Ｋ,20,,,,,ＳＲＣ,住宅,住宅,,,,商業地域,80.0,600.0,2014年第４四半期,,,6.477121254719663
22013077,中古マンション等,,22132,静岡県,浜松市東区,中郡町,遠州西ケ崎,2,３ＬＤＫ,70,,,,平成8年,ＳＲＣ,住宅,住宅,,,,市街化調整区域,60.0,200.0,2018年第４四半期,未改装,,7.146128035678238
22066556,中古マンション等,,22102,静岡県,静岡市駿河区,森下町,静岡,5,２ＤＫ,30,,,,昭和56年,ＲＣ,住宅,,,,,商業地域,80.0,400.0,2012年第４四半期,改装済,,6.7160033436347994
22039792,中古マンション等,,22214,静岡県,藤枝市,藤枝,藤枝,30分?60分,３ＬＤＫ,65,,,,平成7年,ＲＣ,住宅,住宅,,,,近隣商業地域,80.0,300.0,2016年第２四半期,改装済,,6.977723605288848
22119950,中古マンション等,,22102,静岡県,静岡市駿河区,登呂,静岡,,３ＬＤＫ,70,,,,平成12年,,住宅,,,,,,,,2006年第４四半期,未改装,,7.301029995663981
22068282,中古マンション等,,22101,静岡県,静岡市葵区,大岩町,静岡,30分?60分,３ＬＤＫ,75,,,,平成16年,ＲＣ,住宅,,,,,第１種中高層住居専用地域,60.0,200.0,2013年第２四半期,未改装,,7.4623979978989565
22031746,中古マンション等,,22210,静岡県,富士市,水戸島元町,富士,5,１ＬＤＫ,35,,,,昭和56年,ＳＲＣ,住宅,その他,,,,商業地域,80.0,400.0,2018年第３四半期,未改装,,6.544068044350276
22020938,中古マンション等,,22203,静岡県,沼津市,三枚橋町,沼津,8,１ＬＤＫ,40,,,,平成2年,ＲＣ,住宅,住宅,,,,近隣商業地域,80.0,300.0,2019年第２四半期,改装済,,7.146128035678238
22062966,中古マンション等,,22135,静岡県,浜松市北区,三ヶ日町大崎,都筑,30分?60分,１ＬＤＫ,45,,,,昭和63年,ＳＲＣ,住宅,,,,,市街化調整区域,60.0,200.0,2010年第１四半期,未改装,,6.518513939877887
22063942,中古マンション等,,22101,静岡県,静岡市葵区,本通,静岡,15,３ＬＤＫ,70,,,,昭和55年,ＳＲＣ,住宅,,,,,商業地域,80.0,500.0,2012年第３四半期,改装済,,7.204119982655925
22000433,中古マンション等,,22101,静岡県,静岡市葵区,大岩町,静岡,30分?60分,３ＬＤＫ,80,,,,平成16年,ＲＣ,住宅,住宅,,,,第１種中高層住居専用地域,60.0,200.0,2016年第１四半期,未改装,,7.477121254719663
22015245,中古マンション等,,22134,静岡県,浜松市南区,恩地町,浜松,30分?60分,３ＬＤＫ,70,,,,昭和57年,,住宅,住宅,,,,第１種住居地域,60.0,200.0,2017年第４四半期,未改装,,6.278753600952829
22060082,中古マンション等,,22103,静岡県,静岡市清水区,千歳町,清水(静岡),18,,60,,,,昭和56年,ＳＲＣ,住宅,,,,,商業地域,80.0,400.0,2015年第２四半期,,,6.6020599913279625
22051622,中古マンション等,,22101,静岡県,静岡市葵区,北安東,静岡,30分?60分,３ＬＤＫ,75,,,,平成22年,ＲＣ,住宅,,,,,第１種中高層住居専用地域,60.0,200.0,2010年第２四半期,未改装,,7.447158031342219
22020966,中古マンション等,,22203,静岡県,沼津市,志下,沼津,1H?1H30,３ＬＤＫ,75,,,,,,,その他,,,,,,,2018年第１四半期,,,5.845098040014257
22065213,中古マンション等,,22102,静岡県,静岡市駿河区,下島,静岡,30分?60分,２ＬＤＫ,50,,,,昭和51年,ＲＣ,住宅,,,,,第２種中高層住居専用地域,60.0,200.0,2012年第１四半期,未改装,調停・競売等,6.204119982655925
22089017,中古マンション等,,22206,静岡県,三島市,本町,三島,13,３ＬＤＫ,80,,,,平成17年,ＲＣ,住宅,,,,,商業地域,80.0,400.0,2012年第３四半期,未改装,,7.556302500767287
22060744,中古マンション等,,22135,静岡県,浜松市北区,三ヶ日町大崎,都筑,30分?60分,２ＬＤＫ,65,,,,平成2年,ＳＲＣ,住宅,住宅,,,,市街化調整区域,60.0,200.0,2014年第１四半期,未改装,,6.8061799739838875
22118369,中古マンション等,,22101,静岡県,静岡市葵区,昭和町,静岡,,１Ｋ,20,,,,昭和53年,ＳＲＣ,住宅,,,,,商業地域,80.0,600.0,2007年第１四半期,改装済,,6.6127838567197355
22120159,中古マンション等,,22102,静岡県,静岡市駿河区,西中原,静岡,29,３ＬＤＫ,95,,,,平成3年,ＲＣ,住宅,,,,,工業地域,60.0,200.0,2008年第１四半期,改装済,,7.2552725051033065
22082189,中古マンション等,,22131,静岡県,浜松市中区,和合北,浜松,30分?60分,３ＬＤＫ,75,,,,平成8年,ＲＣ,住宅,,,,,第１種中高層住居専用地域,60.0,200.0,2013年第３四半期,未改装,,7.041392685158225
22110329,中古マンション等,,22213,静岡県,掛川市,紺屋町,掛川,5,２ＤＫ,45,,,,昭和64年,ＲＣ,住宅,,,,,商業地域,80.0,400.0,2013年第２四半期,未改装,,6.633468455579586
22005636,中古マンション等,,22102,静岡県,静岡市駿河区,用宗,用宗,9,４ＬＤＫ,75,,,,平成10年,ＲＣ,住宅,,,,,第１種住居地域,60.0,200.0,2018年第１四半期,未改装,,7.146128035678238
22050829,中古マンション等,,22101,静岡県,静岡市葵区,唐瀬,静岡,30分?60分,３ＬＤＫ,70,,,,平成12年,ＲＣ,住宅,住宅,,,,第１種住居地域,60.0,200.0,2014年第１四半期,未改装,,7.230448921378274
22006014,中古マンション等,,22103,静岡県,静岡市清水区,永楽町,清水(静岡),18,３ＬＤＫ,75,,,,平成16年,ＲＣ,,住宅,,,,工業地域,60.0,200.0,2020年第１四半期,未改装,,7.278753600952829
22015116,中古マンション等,,22134,静岡県,浜松市南区,飯田町,浜松,30分?60分,３ＬＤＫ,75,,,,平成4年,,住宅,住宅,,,,第１種住居地域,60.0,200.0,2018年第２四半期,改装済,,6.832508912706237
22031178,中古マンション等,,22210,静岡県,富士市,広見西本町,富士,1H?1H30,４ＤＫ,75,,,,平成12年,ＲＣ,,住宅,,,,第１種中高層住居専用地域,50.0,100.0,2018年第１四半期,改装済,,7.113943352306837
22125693,中古マンション等,,22203,静岡県,沼津市,新宿町,沼津,6,３ＬＤＫ,70,,,,平成10年,ＳＲＣ,住宅,,,,,商業地域,80.0,400.0,2008年第３四半期,改装済,,7.301029995663981
22010732,中古マンション等,,22131,静岡県,浜松市中区,西浅田,浜松,20,３ＬＤＫ,60,,,,平成3年,ＳＲＣ,住宅,住宅,,,,近隣商業地域,80.0,300.0,2019年第２四半期,改装済,,6.863322860120456
22069531,中古マンション等,,22101,静岡県,静岡市葵区,瀬名,草薙(ＪＲ),30分?60分,２ＤＫ,45,,,,昭和48年,ＲＣ,住宅,,,,,第１種中高層住居専用地域,60.0,150.0,2013年第１四半期,改装済,,6.568201724066995
22101685,中古マンション等,,22211,静岡県,磐田市,立野,豊田町,4,４ＬＤＫ,75,,,,,ＳＲＣ,住宅,,,,,近隣商業地域,80.0,200.0,2012年第３四半期,未改装,,7.278753600952829
22068902,中古マンション等,,22203,静岡県,沼津市,大岡,沼津,22,３ＬＤＫ,70,,,,平成15年,ＲＣ,住宅,,,,,準工業地域,60.0,150.0,2011年第４四半期,未改装,,7.301029995663981
22009267,中古マンション等,,22131,静岡県,浜松市中区,佐藤,浜松,19,２ＬＤＫ,65,,,,平成21年,ＲＣ,,住宅,,,,商業地域,80.0,400.0,2017年第２四半期,未改装,,7.361727836017593
22128697,中古マンション等,,22210,静岡県,富士市,伝法,富士,1H?1H30,３ＬＤＫ,65,,,,平成5年,ＲＣ,住宅,,,,,第１種住居地域,60.0,200.0,2008年第３四半期,改装済,調停・競売等,6.5910646070264995
22111384,中古マンション等,,22210,静岡県,富士市,平垣町,富士,14,３ＬＤＫ,60,,,,昭和59年,ＲＣ,住宅,,,,,近隣商業地域,80.0,200.0,2009年第２四半期,改装済,,6.698970004336019
22057850,中古マンション等,,22103,静岡県,静岡市清水区,本郷町,清水(静岡),6,２ＬＤＫ,55,,,,昭和49年,ＳＲＣ,住宅,,,,,商業地域,80.0,400.0,2011年第４四半期,改装済,,6.662757831681574
22073222,中古マンション等,,22203,静岡県,沼津市,大岡,下土狩,9,３ＬＤＫ,65,,,,平成11年,ＲＣ,住宅,住宅,,,,第２種中高層住居専用地域,60.0,150.0,2015年第４四半期,未改装,,7.146128035678238
22004715,中古マンション等,,22102,静岡県,静岡市駿河区,中吉田,草薙(ＪＲ),19,３ＬＤＫ,70,,,,平成29年,ＲＣ,,住宅,,,,工業地域,60.0,200.0,2018年第１四半期,未改装,,7.505149978319906
22021204,中古マンション等,,22203,静岡県,沼津市,杉崎町,沼津,13,３ＬＤＫ,55,,,,昭和57年,ＲＣ,住宅,住宅,,,,第２種住居地域,60.0,200.0,2019年第３四半期,改装済,,6.763427993562937
22051403,中古マンション等,,22102,静岡県,静岡市駿河区,池田,東静岡,10,３ＬＤＫ,70,,,,平成13年,ＲＣ,住宅,住宅,,,,近隣商業地域,80.0,300.0,2014年第３四半期,未改装,,7.278753600952829
22063539,中古マンション等,,22131,静岡県,浜松市中区,野口町,浜松,21,,70,,,,平成4年,ＲＣ,住宅,住宅,,,,近隣商業地域,80.0,200.0,2015年第４四半期,未改装,,6.99563519459755
22032225,中古マンション等,,22210,静岡県,富士市,吉原,吉原,30分?60分,３ＬＤＫ,65,,,,,ＳＲＣ,住宅,住宅,,,,商業地域,80.0,400.0,2016年第３四半期,改装済,,7.041392685158225
22062938,中古マンション等,,22131,静岡県,浜松市中区,寺島町,浜松,13,１Ｋ,20,,,,昭和64年,ＲＣ,住宅,住宅,,,,近隣商業地域,80.0,300.0,2015年第２四半期,未改装,,6.2552725051033065
22054718,中古マンション等,,22131,静岡県,浜松市中区,十軒町,曳馬,2,２ＬＤＫ＋Ｓ,60,,,,平成10年,ＲＣ,住宅,住宅,,,,第１種住居地域,60.0,200.0,2014年第３四半期,未改装,,7.113943352306837
22008574,中古マンション等,,22131,静岡県,浜松市中区,板屋町,浜松,6,３ＬＤＫ,100,,,,平成18年,ＲＣ,住宅,住宅,,,,商業地域,80.0,600.0,2016年第３四半期,未改装,,7.785329835010767
22075345,中古マンション等,,22210,静岡県,富士市,本町,富士,1,４ＬＤＫ,80,,,,平成15年,ＲＣ,住宅,住宅,,,,商業地域,80.0,400.0,2014年第２四半期,未改装,,7.2552725051033065
22007102,中古マンション等,,22103,静岡県,静岡市清水区,千歳町,清水(静岡),18,オープンフロア,60,,,,昭和56年,ＳＲＣ,店舗,店舗,,,,商業地域,80.0,400.0,2019年第３四半期,未改装,,6.477121254719663
22078981,中古マンション等,,22131,静岡県,浜松市中区,北寺島町,浜松,12,３ＬＤＫ,90,,,,平成15年,ＲＣ,住宅,,,,,第２種住居地域,60.0,200.0,2013年第１四半期,未改装,,7.278753600952829
22124681,中古マンション等,,22135,静岡県,浜松市北区,三ヶ日町都筑,都筑,21,２ＬＤＫ,95,,,,平成2年,ＳＲＣ,住宅,,,,,市街化調整区域,60.0,200.0,2008年第１四半期,未改装,,6.662757831681574
22065908,中古マンション等,,22135,静岡県,浜松市北区,三ヶ日町都筑,都筑,30分?60分,１ＬＤＫ,40,,,,昭和59年,ＲＣ,住宅,,,,,市街化調整区域,60.0,200.0,2011年第１四半期,未改装,,6.0
22006053,中古マンション等,,22103,静岡県,静岡市清水区,江尻東,清水(静岡),4,４ＬＤＫ,95,,,,平成9年,,,住宅,,,,商業地域,80.0,400.0,2020年第１四半期,未改装,,7.342422680822207
22098861,中古マンション等,,22206,静岡県,三島市,（大字なし）,三島,20,２ＬＤＫ,55,,,,平成3年,ＲＣ,住宅,,,,,第２種住居地域,60.0,200.0,2013年第１四半期,未改装,,6.991226075692495
22089175,中古マンション等,,22131,静岡県,浜松市中区,板屋町,浜松,6,２ＬＤＫ,70,,,,平成18年,ＲＣ,住宅,,,,,商業地域,80.0,600.0,2009年第２四半期,未改装,,7.531478917042255
22088729,中古マンション等,,22211,静岡県,磐田市,今之浦,磐田,21,１ＤＫ,20,,,,昭和62年,鉄骨造,住宅,住宅,,,,第１種住居地域,60.0,200.0,2015年第１四半期,,,6.3979400086720375
22004898,中古マンション等,,22102,静岡県,静岡市駿河区,聖一色,東静岡,18,２ＬＤＫ,60,,,,昭和50年,ＲＣ,,住宅,,,,第２種中高層住居専用地域,60.0,200.0,2019年第３四半期,未改装,,6.477121254719663
22002637,中古マンション等,,22101,静岡県,静岡市葵区,日出町,静岡,11,４ＬＤＫ,85,,,,平成3年,ＳＲＣ,住宅,住宅,,,,商業地域,80.0,400.0,2016年第３四半期,未改装,,7.342422680822207
22126464,中古マンション等,,22206,静岡県,三島市,萩,長泉なめり,25,３ＬＤＫ,65,,,,平成6年,ＲＣ,住宅,,,,,第１種中高層住居専用地域,60.0,200.0,2008年第２四半期,改装済,,7.113943352306837
22006773,中古マンション等,,22103,静岡県,静岡市清水区,楠新田,東静岡,8,３ＬＤＫ,60,,,,,ＲＣ,,住宅,,,,準工業地域,60.0,200.0,2018年第３四半期,未改装,,7.079181246047625
22062142,中古マンション等,,22131,静岡県,浜松市中区,佐鳴台,浜松,30分?60分,３ＬＤＫ,75,,,,昭和53年,ＲＣ,住宅,住宅,,,,第１種中高層住居専用地域,60.0,200.0,2015年第１四半期,未改装,,6.698970004336019
22123262,中古マンション等,,22132,静岡県,浜松市東区,神立町,八幡(静岡),25,４ＬＤＫ,90,,,,平成8年,ＲＣ,住宅,,,,,第１種住居地域,60.0,200.0,2008年第３四半期,未改装,,7.301029995663981
22078552,中古マンション等,,22211,静岡県,磐田市,一言,磐田,30分?60分,３ＬＤＫ,55,,,,平成5年,ＳＲＣ,住宅,,,,,市街化調整区域,60.0,200.0,2014年第１四半期,未改装,,6.732393759822968
22074836,中古マンション等,,22210,静岡県,富士市,永田町,富士,30分?60分,４ＬＤＫ,85,,,,平成15年,ＲＣ,住宅,住宅,,,,商業地域,80.0,400.0,2014年第３四半期,改装済,,7.3222192947339195
22023677,中古マンション等,,22206,静岡県,三島市,広小路町,三島広小路,3,２ＤＫ,50,,,,平成21年,ＲＣ,住宅,住宅,,,,商業地域,80.0,400.0,2016年第４四半期,未改装,,7.278753600952829
22009387,中古マンション等,,22131,静岡県,浜松市中区,佐鳴台,浜松,30分?60分,３ＬＤＫ,80,,,,平成9年,ＲＣ,住宅,住宅,,,,第１種中高層住居専用地域,60.0,200.0,2016年第１四半期,改装済,,7.176091259055681
22003442,中古マンション等,,22102,静岡県,静岡市駿河区,稲川,静岡,7,２ＬＤＫ,60,,,,平成23年,ＲＣ,住宅,住宅,,,,商業地域,80.0,500.0,2017年第３四半期,未改装,,7.431363764158987
22069392,中古マンション等,,22101,静岡県,静岡市葵区,新通,静岡,23,３ＬＤＫ,65,,,,平成11年,ＲＣ,住宅,,,,,近隣商業地域,80.0,300.0,2013年第１四半期,未改装,,7.2552725051033065
22103764,中古マンション等,,22203,静岡県,沼津市,蛇松町,沼津,25,３ＬＤＫ,80,,,,平成3年,ＲＣ,住宅,,,,,準工業地域,60.0,200.0,2009年第４四半期,未改装,,7.079181246047625
22010479,中古マンション等,,22131,静岡県,浜松市中区,富塚町,浜松,1H?1H30,４ＬＤＫ,100,,,,平成5年,ＲＣ,,住宅,,,,第１種低層住居専用地域,40.0,60.0,2017年第４四半期,,,7.3979400086720375
22079192,中古マンション等,,22131,静岡県,浜松市中区,佐藤,浜松,30分?60分,４ＬＤＫ,95,,,,平成15年,ＳＲＣ,住宅,,,,,第２種住居地域,60.0,200.0,2013年第２四半期,未改装,,7.380211241711606
22005073,中古マンション等,,22102,静岡県,静岡市駿河区,曲金,東静岡,5,３ＬＤＫ,85,,,,平成16年,,,住宅,,,,商業地域,80.0,500.0,2019年第１四半期,,,7.414973347970818
22014704,中古マンション等,,22133,静岡県,浜松市西区,舞阪町弁天島,弁天島,16,３ＬＤＫ,85,,,,平成21年,,住宅,住宅,,,,第１種住居地域,60.0,200.0,2018年第１四半期,未改装,,7.301029995663981
22087253,中古マンション等,,22103,静岡県,静岡市清水区,辻,清水(静岡),8,オープンフロア,70,,,,昭和60年,ＳＲＣ,店舗,,,,,準工業地域,60.0,200.0,2009年第２四半期,未改装,,6.944482672150168
22117875,中古マンション等,,22101,静岡県,静岡市葵区,追手町,静岡,14,２ＬＤＫ,55,,,,昭和54年,ＳＲＣ,住宅,,,,,商業地域,80.0,600.0,2007年第１四半期,改装済,,6.977723605288848
22024681,中古マンション等,,22207,静岡県,富士宮市,小泉,源道寺,10,３ＬＤＫ,70,,,,平成4年,ＲＣ,住宅,住宅,,,,第１種住居地域,60.0,200.0,2019年第１四半期,未改装,,6.763427993562937
22009001,中古マンション等,,22131,静岡県,浜松市中区,鴨江,浜松,29,２ＬＤＫ,60,,,,平成8年,ＲＣ,住宅,住宅,,,,第１種中高層住居専用地域,60.0,200.0,2017年第３四半期,未改装,,7.0
22064746,中古マンション等,,22132,静岡県,浜松市東区,植松町,浜松,30分?60分,１Ｋ,25,,,,昭和60年,ＳＲＣ,住宅,,,,,第１種住居地域,60.0,200.0,2015年第２四半期,,,5.954242509439325
22058509,中古マンション等,,22131,静岡県,浜松市中区,泉,浜松,1H?1H30,３ＬＤＫ,85,,,,平成13年,ＲＣ,住宅,,,,,第１種中高層住居専用地域,60.0,200.0,2011年第４四半期,未改装,,7.230448921378274
22070013,中古マンション等,,22203,静岡県,沼津市,高沢町,沼津,10,３ＬＤＫ,75,,,,平成22年,ＲＣ,住宅,,,,,近隣商業地域,80.0,200.0,2011年第４四半期,未改装,,7.568201724066995
22064257,中古マンション等,,22101,静岡県,静岡市葵区,吉野町,静岡,15,１Ｋ,20,,,,昭和60年,ＲＣ,住宅,,,,,商業地域,80.0,400.0,2012年第２四半期,未改装,,6.477121254719663
22072722,中古マンション等,,22131,静岡県,浜松市中区,布橋,浜松,30分?60分,１Ｋ,15,,,,昭和61年,ＲＣ,住宅,,,,,第１種住居地域,60.0,200.0,2012年第４四半期,未改装,,6.6127838567197355
22083006,中古マンション等,,22210,静岡県,富士市,水戸島,富士,11,３ＬＤＫ,70,,,,昭和64年,ＳＲＣ,住宅,,,,,第２種住居地域,60.0,200.0,2011年第４四半期,改装済,,6.954242509439325
22125948,中古マンション等,,22203,静岡県,沼津市,本,沼津,15,３ＬＤＫ,70,,,,平成16年,ＲＣ,住宅,,,,,準工業地域,60.0,200.0,2008年第２四半期,未改装,,7.3222192947339195
22013823,中古マンション等,,22133,静岡県,浜松市西区,入野町,浜松,30分?60分,３ＬＤＫ,85,,,,平成3年,ＳＲＣ,住宅,住宅,,,,第１種住居地域,60.0,200.0,2016年第２四半期,改装済,,7.146128035678238
22121746,中古マンション等,,22103,静岡県,静岡市清水区,馬走北,草薙(ＪＲ),,３ＬＤＫ,65,,,,昭和52年,,住宅,,,,,,,,2007年第２四半期,未改装,,6.8750612633917
22077250,中古マンション等,,22103,静岡県,静岡市清水区,馬走北,草薙(ＪＲ),24,３ＤＫ,55,,,,昭和52年,ＳＲＣ,住宅,,,,,第２種住居地域,60.0,200.0,2013年第１四半期,未改装,,6.838849090737256
22002081,中古マンション等,,22101,静岡県,静岡市葵区,千代田,静岡,1H?1H30,３ＬＤＫ,70,,,,平成16年,ＲＣ,,住宅,,,,第２種中高層住居専用地域,60.0,200.0,2020年第３四半期,,,7.176091259055681
22123267,中古マンション等,,22132,静岡県,浜松市東区,神立町,浜松,30分?60分,３ＬＤＫ,70,,,,平成8年,ＲＣ,住宅,,,,,第１種住居地域,60.0,200.0,2007年第２四半期,改装済,,7.146128035678238
22057139,中古マンション等,,22132,静岡県,浜松市東区,篠ケ瀬町,浜松,1H?1H30,１Ｋ,15,,,,,ＲＣ,住宅,,,,,第１種住居地域,60.0,200.0,2014年第１四半期,未改装,,6.113943352306837
22088108,中古マンション等,,22103,静岡県,静岡市清水区,港町,清水(静岡),24,３ＬＤＫ,70,,,,平成8年,ＳＲＣ,住宅,,,,,工業地域,60.0,200.0,2009年第１四半期,未改装,,7.230448921378274
22081626,中古マンション等,,22211,静岡県,磐田市,一言,磐田,30分?60分,３ＬＤＫ,55,,,,平成12年,ＳＲＣ,住宅,,,,,市街化調整区域,60.0,200.0,2010年第４四半期,未改装,,6.7160033436347994
22062490,中古マンション等,,22131,静岡県,浜松市中区,大工町,浜松,9,３ＬＤＫ,90,,,,平成16年,ＳＲＣ,住宅,住宅,,,,商業地域,80.0,400.0,2015年第２四半期,未改装,,7.505149978319906
22000736,中古マンション等,,22101,静岡県,静岡市葵区,唐瀬,静岡,1H?1H30,３ＬＤＫ,70,,,,平成7年,ＲＣ,住宅,住宅,,,,第１種住居地域,60.0,200.0,2017年第２四半期,未改装,,7.146128035678238
22119249,中古マンション等,,22101,静岡県,静岡市葵区,竜南,静岡,,２ＤＫ,45,,,,昭和52年,ＲＣ,住宅,,,,,第２種中高層住居専用地域,60.0,200.0,2006年第４四半期,改装済,,6.832508912706237
22122919,中古マンション等,,22131,静岡県,浜松市中区,元浜町,浜松,19,３ＤＫ,65,,,,昭和61年,ＳＲＣ,住宅,,,,,商業地域,80.0,500.0,2008年第２四半期,未改装,,6.857332496431268
22060917,中古マンション等,,22135,静岡県,浜松市北区,三ヶ日町都筑,東都筑,21,１Ｋ,25,,,,昭和49年,ＳＲＣ,住宅,住宅,,,,市街化調整区域,60.0,200.0,2014年第３四半期,未改装,,5.812913356642856
22007673,中古マンション等,,22103,静岡県,静岡市清水区,本郷町,清水(静岡),5,２ＬＤＫ,55,,,,昭和49年,ＳＲＣ,住宅,住宅,,,,商業地域,80.0,400.0,2016年第４四半期,未改装,,6.301029995663981
22073442,中古マンション等,,22203,静岡県,沼津市,大岡,沼津,30分?60分,３ＬＤＫ,75,,,,平成21年,ＲＣ,住宅,住宅,,,,第２種中高層住居専用地域,60.0,150.0,2015年第４四半期,改装済,,7.414973347970818
22001132,中古マンション等,,22101,静岡県,静岡市葵区,呉服町,静岡,11,３ＬＤＫ,75,,,,平成26年,,住宅,住宅,,,,商業地域,80.0,600.0,2019年第４四半期,未改装,,7.7923916894982534
22074646,中古マンション等,,22102,静岡県,静岡市駿河区,森下町,静岡,6,３ＬＤＫ,65,,,,平成10年,ＲＣ,住宅,,,,,商業地域,80.0,400.0,2013年第１四半期,未改装,,7.342422680822207
22088521,中古マンション等,,22212,静岡県,焼津市,本町,島田(静岡),9,オープンフロア,35,,,,平成2年,ＳＲＣ,事務所,,,,,近隣商業地域,80.0,200.0,2011年第１四半期,未改装,,6.518513939877887
22021326,中古マンション等,,22203,静岡県,沼津市,高島町,沼津,4,３ＬＤＫ,80,,,,平成2年,,住宅,住宅,,,,商業地域,80.0,400.0,2020年第１四半期,改装済,,7.041392685158225
22057368,中古マンション等,,22132,静岡県,浜松市東区,中郡町,遠州西ケ崎,1,３ＬＤＫ,70,,,,,ＳＲＣ,住宅,住宅,,,,市街化調整区域,60.0,200.0,2014年第２四半期,改装済,,7.361727836017593
22098116,中古マンション等,,22210,静岡県,富士市,中央町,富士,30分?60分,４ＬＤＫ,80,,,,平成16年,ＲＣ,住宅,,,,,商業地域,80.0,400.0,2012年第１四半期,改装済,,7.3222192947339195
22064289,中古マンション等,,22203,静岡県,沼津市,下香貫,沼津,30分?60分,２ＬＤＫ,60,,,,昭和63年,ＲＣ,住宅,住宅,,,,第１種住居地域,60.0,200.0,2014年第４四半期,改装済,,6.892094602690481
22010901,中古マンション等,,22131,静岡県,浜松市中区,野口町,浜松,19,３ＬＤＫ,70,,,,平成9年,ＲＣ,住宅,住宅,,,,近隣商業地域,80.0,200.0,2018年第２四半期,未改装,,7.146128035678238
22004591,中古マンション等,,22102,静岡県,静岡市駿河区,中田,静岡,16,３ＤＫ,45,,,,昭和56年,ＲＣ,,住宅,,,,第２種住居地域,60.0,200.0,2018年第４四半期,未改装,,5.698970004336019
22038378,中古マンション等,,22214,静岡県,藤枝市,駅前,藤枝,3,４ＬＤＫ,75,,,,,ＲＣ,,住宅,,,,商業地域,80.0,400.0,2019年第１四半期,改装済,,7.380211241711606
22054329,中古マンション等,,22103,静岡県,静岡市清水区,江尻台町,清水(静岡),18,１Ｒ,20,,,,平成4年,ＲＣ,住宅,,,,,工業地域,60.0,200.0,2010年第２四半期,未改装,,6.230448921378274
22021134,中古マンション等,,22203,静岡県,沼津市,庄栄町,沼津,11,４ＬＤＫ,85,,,,平成15年,ＲＣ,住宅,住宅,,,,第２種住居地域,60.0,200.0,2017年第３四半期,未改装,,7.431363764158987
22071792,中古マンション等,,22102,静岡県,静岡市駿河区,池田,東静岡,29,４ＬＤＫ,80,,,,平成9年,ＲＣ,住宅,,,,,第１種中高層住居専用地域,60.0,200.0,2013年第３四半期,改装済,,7.2552725051033065
22052018,中古マンション等,,22102,静岡県,静岡市駿河区,西中原,静岡,25,２ＤＫ,45,,,,昭和48年,ＳＲＣ,住宅,,,,,近隣商業地域,80.0,200.0,2014年第１四半期,,,6.653212513775344
22122148,中古マンション等,,22131,静岡県,浜松市中区,上島,上島,4,３ＬＤＫ,70,,,,平成9年,ＲＣ,住宅,,,,,第１種住居地域,60.0,200.0,2008年第２四半期,未改装,,7.079181246047625
22077276,中古マンション等,,22103,静岡県,静岡市清水区,万世町,清水(静岡),18,３ＬＤＫ,70,,,,平成18年,ＲＣ,住宅,,,,,商業地域,80.0,400.0,2013年第１四半期,改装済,,7.2552725051033065
22057986,中古マンション等,,22131,静岡県,浜松市中区,中島,浜松,16,２ＬＤＫ,60,,,,平成2年,ＲＣ,住宅,,,,,第１種住居地域,60.0,200.0,2010年第３四半期,未改装,,6.732393759822968
22118252,中古マンション等,,22101,静岡県,静岡市葵区,駒形通,静岡,23,２ＬＤＫ,60,,,,平成20年,ＲＣ,住宅,,,,,近隣商業地域,80.0,300.0,2008年第４四半期,改装済,,7.301029995663981
22013750,中古マンション等,,22133,静岡県,浜松市西区,入野町,浜松,1H?1H30,３ＬＤＫ,70,,,,平成21年,,住宅,住宅,,,,第１種中高層住居専用地域,60.0,200.0,2018年第３四半期,,,7.301029995663981
22125706,中古マンション等,,22203,静岡県,沼津市,杉崎町,沼津,13,３ＤＫ,70,,,,昭和64年,ＳＲＣ,住宅,,,,,第２種住居地域,60.0,200.0,2007年第４四半期,改装済,,7.041392685158225
22094397,中古マンション等,,22203,静岡県,沼津市,三枚橋町,沼津,4,３ＬＤＫ,70,,,,平成21年,ＲＣ,住宅,,,,,近隣商業地域,80.0,300.0,2013年第２四半期,未改装,,7.342422680822207
22054127,中古マンション等,,22131,静岡県,浜松市中区,板屋町,浜松,5,３ＬＤＫ,75,,,,平成22年,ＲＣ,住宅,住宅,,,,商業地域,80.0,600.0,2014年第１四半期,未改装,,7.623249290397901
22001766,中古マンション等,,22101,静岡県,静岡市葵区,瀬名中央,草薙(ＪＲ),30分?60分,オープンフロア,180,,,,平成7年,ＲＣ,店舗,,,,,第２種中高層住居専用地域,60.0,200.0,2017年第４四半期,未改装,,7.079181246047625
22130339,中古マンション等,,22212,静岡県,焼津市,本町,焼津,8,２ＬＤＫ,55,,,,平成19年,ＲＣ,住宅,,,,,商業地域,80.0,400.0,2007年第２四半期,改装済,,7.301029995663981
22094455,中古マンション等,,22203,静岡県,沼津市,志下,沼津,30分?60分,,90,,,,平成5年,ＲＣ,住宅,,,,,第１種住居地域,60.0,200.0,2013年第１四半期,未改装,,6.477121254719663
22052014,中古マンション等,,22102,静岡県,静岡市駿河区,西中原,静岡,24,２ＤＫ,55,,,,昭和48年,ＳＲＣ,住宅,住宅,,,,近隣商業地域,80.0,200.0,2014年第４四半期,未改装,,6.681241237375588
22010567,中古マンション等,,22131,静岡県,浜松市中区,中沢町,浜松,28,２ＤＫ,25,,,,平成3年,,,住宅,,,,商業地域,80.0,400.0,2020年第１四半期,未改装,,6.342422680822207
22011183,中古マンション等,,22131,静岡県,浜松市中区,曳馬,浜松,30分?60分,３ＬＤＫ,70,,,,平成19年,ＲＣ,住宅,住宅,,,,第１種住居地域,60.0,200.0,2017年第１四半期,改装済,,7.2552725051033065
22014898,中古マンション等,,22133,静岡県,浜松市西区,雄踏,浜松,1H30?2H,３ＬＤＫ,75,,,,平成19年,ＲＣ,住宅,住宅,,,,準住居地域,60.0,200.0,2018年第１四半期,未改装,,7.2552725051033065
22097336,中古マンション等,,22206,静岡県,三島市,加茂川町,三島,16,４ＬＤＫ,90,,,,平成8年,ＳＲＣ,住宅,,,,,第２種住居地域,60.0,200.0,2013年第３四半期,未改装,,7.342422680822207
22055565,中古マンション等,,22131,静岡県,浜松市中区,茄子町,浜松,26,３ＬＤＫ,60,,,,平成12年,ＲＣ,住宅,,,,,第１種住居地域,60.0,200.0,2014年第１四半期,改装済,,7.113943352306837
22007718,中古マンション等,,22103,静岡県,静岡市清水区,馬走北,草薙(ＪＲ),28,４ＬＤＫ,70,,,,昭和52年,ＳＲＣ,,住宅,,,,第２種住居地域,60.0,200.0,2017年第３四半期,改装済,,6.819543935541868
22008428,中古マンション等,,22131,静岡県,浜松市中区,小豆餅,浜松,1H?1H30,２ＬＤＫ＋Ｓ,70,,,,平成27年,ＲＣ,,住宅,,,,準工業地域,60.0,200.0,2020年第２四半期,未改装,,7.4623979978989565
22068190,中古マンション等,,22103,静岡県,静岡市清水区,千歳町,清水(静岡),19,２ＬＤＫ,80,,,,平成14年,ＳＲＣ,住宅,,,,,商業地域,80.0,400.0,2012年第１四半期,未改装,,7.204119982655925
22118036,中古マンション等,,22101,静岡県,静岡市葵区,唐瀬,東静岡,,３ＬＤＫ,65,,,,平成7年,ＲＣ,住宅,,,,,第１種住居地域,60.0,200.0,2006年第４四半期,未改装,,7.041392685158225
22125700,中古マンション等,,22203,静岡県,沼津市,末広町,沼津,14,３ＬＤＫ,70,,,,平成12年,ＳＲＣ,住宅,,,,,商業地域,80.0,400.0,2008年第４四半期,,調停・競売等,7.146128035678238
22036256,中古マンション等,,22212,静岡県,焼津市,本町,焼津,14,４ＬＤＫ,90,,,,平成2年,ＳＲＣ,住宅,住宅,,,,近隣商業地域,80.0,400.0,2018年第４四半期,未改装,,7.0
22073485,中古マンション等,,22203,静岡県,沼津市,大岡,沼津,30分?60分,２ＬＤＫ,70,,,,平成9年,ＲＣ,住宅,その他,,,,第２種中高層住居専用地域,60.0,150.0,2015年第２四半期,未改装,調停・競売等,7.146128035678238
22069038,中古マンション等,,22203,静岡県,沼津市,大手町,沼津,5,２ＤＫ,55,,,,平成15年,ＳＲＣ,住宅,,,,,商業地域,80.0,500.0,2011年第２四半期,改装済,,7.113943352306837
22064141,中古マンション等,,22131,静岡県,浜松市中区,龍禅寺町,浜松,18,３ＬＤＫ,50,,,,,ＲＣ,住宅,住宅,,,,第２種住居地域,60.0,200.0,2015年第１四半期,改装済,,6.740362689494244
22017431,中古マンション等,,22135,静岡県,浜松市北区,三ヶ日町大崎,都筑,29,１Ｋ,40,,,,昭和61年,ＲＣ,,その他,,,,市街化調整区域,60.0,200.0,2020年第３四半期,未改装,,6.477121254719663
22007119,中古マンション等,,22103,静岡県,静岡市清水区,千歳町,清水(静岡),23,３ＬＤＫ,65,,,,平成10年,ＲＣ,住宅,住宅,,,,商業地域,80.0,400.0,2016年第４四半期,未改装,,7.176091259055681
22021183,中古マンション等,,22203,静岡県,沼津市,新宿町,沼津,8,４ＬＤＫ,80,,,,平成12年,,住宅,住宅,,,,商業地域,80.0,400.0,2017年第４四半期,未改装,,7.230448921378274
22022041,中古マンション等,,22203,静岡県,沼津市,松長,片浜,4,３ＬＤＫ,65,,,,平成16年,ＲＣ,,住宅,,,,第２種中高層住居専用地域,60.0,200.0,2018年第２四半期,未改装,,6.99563519459755
22063099,中古マンション等,,22135,静岡県,浜松市北区,三ヶ日町都筑,都筑,26,１ＬＤＫ,70,,,,平成2年,ＳＲＣ,住宅,,,,,市街化調整区域,60.0,200.0,2010年第１四半期,未改装,調停・競売等,6.518513939877887
22058549,中古マンション等,,22131,静岡県,浜松市中区,板屋町,浜松,3,３ＬＤＫ,95,,,,平成22年,ＲＣ,住宅,,,,,商業地域,80.0,600.0,2011年第３四半期,未改装,,7.653212513775344
22084633,中古マンション等,,22102,静岡県,静岡市駿河区,丸子新田,静岡,30分?60分,２ＬＤＫ,55,,,,平成16年,ＲＣ,住宅,,,,,準工業地域,60.0,200.0,2009年第３四半期,未改装,,7.113943352306837
22074998,中古マンション等,,22132,静岡県,浜松市東区,天龍川町,天竜川,2,２ＬＤＫ,65,,,,平成17年,ＲＣ,住宅,,,,,工業地域,60.0,200.0,2012年第２四半期,改装済,,7.230448921378274
22086677,中古マンション等,,22213,静岡県,掛川市,南,掛川,3,１Ｋ,15,,,,平成3年,ＲＣ,住宅,,,,,商業地域,80.0,400.0,2010年第４四半期,,,6.230448921378274
22017461,中古マンション等,,22135,静岡県,浜松市北区,三ヶ日町大崎,都筑,30分?60分,２ＬＤＫ,75,,,,平成2年,ＳＲＣ,住宅,住宅,,,,市街化調整区域,60.0,200.0,2017年第２四半期,未改装,,6.819543935541868
22018287,中古マンション等,,22136,静岡県,浜松市浜北区,貴布祢,浜北,3,３ＬＤＫ,75,,,,平成10年,ＲＣ,住宅,住宅,,,,商業地域,80.0,200.0,2020年第１四半期,未改装,,7.176091259055681
22091047,中古マンション等,,22131,静岡県,浜松市中区,高丘東,浜松,1H30?2H,３ＬＤＫ,65,,,,平成5年,ＳＲＣ,住宅,,,,,工業地域,60.0,200.0,2009年第２四半期,未改装,,6.954242509439325
22058840,中古マンション等,,22131,静岡県,浜松市中区,鴨江,浜松,29,３ＬＤＫ,70,,,,平成8年,ＳＲＣ,住宅,,,,,第１種中高層住居専用地域,60.0,200.0,2011年第２四半期,未改装,,7.176091259055681
22062012,中古マンション等,,22131,静岡県,浜松市中区,佐藤,浜松,19,３ＬＤＫ,85,,,,平成21年,ＲＣ,住宅,住宅,,,,商業地域,80.0,400.0,2015年第４四半期,未改装,,7.4623979978989565
22031727,中古マンション等,,22210,静岡県,富士市,水戸島本町,富士,5,１Ｋ,15,,,,平成4年,ＳＲＣ,,住宅,,,,近隣商業地域,80.0,300.0,2017年第４四半期,未改装,,6.278753600952829
22056505,中古マンション等,,22101,静岡県,静岡市葵区,東瀬名町,藤枝,1H?1H30,３ＬＤＫ,65,,,,平成13年,ＲＣ,住宅,住宅,,,,第２種住居地域,60.0,200.0,2015年第４四半期,未改装,,7.176091259055681
22059392,中古マンション等,,22131,静岡県,浜松市中区,住吉,浜松,30分?60分,２ＬＤＫ,55,,,,昭和50年,ＲＣ,住宅,,,,,第２種住居地域,60.0,200.0,2011年第１四半期,改装済,,6.778151250383644
22022905,中古マンション等,,22206,静岡県,三島市,壱町田,三島,18,３ＬＤＫ,75,,,,,ＲＣ,住宅,住宅,,,,第１種中高層住居専用地域,60.0,200.0,2016年第４四半期,未改装,,7.361727836017593
22064200,中古マンション等,,22203,静岡県,沼津市,志下,沼津,1H?1H30,１ＬＤＫ,35,,,,戦前,ＲＣ,住宅,,,,,準工業地域,60.0,200.0,2014年第１四半期,未改装,,6.812913356642856
22021316,中古マンション等,,22203,静岡県,沼津市,高沢町,沼津,7,３ＬＤＫ,70,,,,平成11年,ＲＣ,住宅,住宅,,,,商業地域,80.0,400.0,2016年第２四半期,未改装,,7.278753600952829
22057386,中古マンション等,,22102,静岡県,静岡市駿河区,小鹿,東静岡,16,３ＬＤＫ,65,,,,平成13年,ＲＣ,住宅,住宅,,,,近隣商業地域,80.0,200.0,2015年第４四半期,未改装,,7.301029995663981
22130842,中古マンション等,,22214,静岡県,藤枝市,駅前,藤枝,1,３ＬＤＫ,70,,,,平成14年,ＲＣ,住宅,,,,,商業地域,80.0,400.0,2008年第１四半期,改装済,,7.342422680822207
22122117,中古マンション等,,22131,静岡県,浜松市中区,板屋町,浜松,3,２ＬＤＫ,80,,,,平成18年,ＲＣ,住宅,,,,,商業地域,80.0,600.0,2008年第３四半期,未改装,,7.672097857935717
22120174,中古マンション等,,22102,静岡県,静岡市駿河区,西中原,静岡,30分?60分,３ＬＤＫ,70,,,,平成3年,ＲＣ,住宅,,,,,準工業地域,60.0,200.0,2006年第４四半期,未改装,,7.204119982655925
22054340,中古マンション等,,22131,静岡県,浜松市中区,神田町,浜松,29,３ＬＤＫ,75,,,,,ＲＣ,住宅,,,,,第１種住居地域,60.0,200.0,2014年第２四半期,,調停・競売等,6.949390006644912
22084269,中古マンション等,,22214,静岡県,藤枝市,駅前,藤枝,4,１ＬＤＫ＋Ｓ,70,,,,,ＲＣ,住宅,,,,,商業地域,80.0,400.0,2014年第１四半期,未改装,,7.431363764158987
22120229,中古マンション等,,22102,静岡県,静岡市駿河区,聖一色,東静岡,19,４ＬＤＫ,90,,,,平成13年,ＲＣ,住宅,,,,,第２種中高層住居専用地域,60.0,200.0,2007年第３四半期,改装済,,7.431363764158987
22054215,中古マンション等,,22131,静岡県,浜松市中区,上島,上島,5,３ＬＤＫ,70,,,,平成9年,ＲＣ,住宅,住宅,,,,第１種住居地域,60.0,200.0,2014年第２四半期,改装済,,7.146128035678238
22050792,中古マンション等,,22101,静岡県,静岡市葵区,春日,静岡,19,３ＬＤＫ,70,,,,平成13年,ＲＣ,住宅,,,,,第１種住居地域,60.0,200.0,2014年第１四半期,未改装,,7.2552725051033065
22001400,中古マンション等,,22101,静岡県,静岡市葵区,昭和町,静岡,8,１Ｋ,25,,,,,ＳＲＣ,住宅,住宅,,,,商業地域,80.0,600.0,2016年第１四半期,未改装,,6.431363764158987
22059727,中古マンション等,,22103,静岡県,静岡市清水区,楠新田,草薙(ＪＲ),7,３ＬＤＫ,70,,,,平成8年,ＳＲＣ,住宅,住宅,,,,準工業地域,60.0,200.0,2015年第２四半期,改装済,,7.301029995663981
22003168,中古マンション等,,22101,静岡県,静岡市葵区,竜南,東静岡,30分?60分,３ＬＤＫ,70,,,,平成13年,,住宅,住宅,,,,第２種中高層住居専用地域,60.0,200.0,2020年第１四半期,未改装,,7.2552725051033065
22000330,中古マンション等,,22101,静岡県,静岡市葵区,追手町,静岡,13,３ＤＫ,55,,,,昭和54年,ＳＲＣ,住宅,住宅,,,,商業地域,80.0,600.0,2017年第２四半期,未改装,,6.977723605288848
22007084,中古マンション等,,22103,静岡県,静岡市清水区,宝町,清水(静岡),9,３ＬＤＫ,85,,,,平成17年,ＲＣ,住宅,住宅,,,,商業地域,80.0,400.0,2016年第２四半期,未改装,,7.204119982655925
22014718,中古マンション等,,22133,静岡県,浜松市西区,舞阪町弁天島,弁天島,2,２ＤＫ,55,,,,昭和51年,ＳＲＣ,住宅,住宅,,,,商業地域,80.0,400.0,2016年第３四半期,未改装,,6.477121254719663
22004224,中古マンション等,,22102,静岡県,静岡市駿河区,高松,静岡,1H?1H30,３ＬＤＫ,65,,,,平成10年,ＲＣ,住宅,住宅,,,,第１種中高層住居専用地域,60.0,150.0,2016年第３四半期,未改装,,6.944482672150168
22072519,中古マンション等,,22131,静岡県,浜松市中区,茄子町,浜松,30分?60分,３ＬＤＫ,60,,,,平成12年,ＲＣ,住宅,,,,,第１種住居地域,60.0,200.0,2012年第２四半期,未改装,,7.041392685158225
22089375,中古マンション等,,22214,静岡県,藤枝市,前島,藤枝,4,２ＬＤＫ,65,,,,平成20年,ＲＣ,住宅,,,,,第２種住居地域,60.0,200.0,2010年第３四半期,未改装,,7.3979400086720375
22008542,中古マンション等,,22131,静岡県,浜松市中区,板屋町,浜松,6,３ＬＤＫ,90,,,,平成22年,ＲＣ,,住宅,,,,商業地域,80.0,600.0,2020年第３四半期,未改装,,7.698970004336019
22118370,中古マンション等,,22101,静岡県,静岡市葵区,昭和町,静岡,,１Ｋ,25,,,,昭和52年,ＳＲＣ,住宅,,,,,商業地域,80.0,600.0,2006年第４四半期,未改装,,6.653212513775344
22130108,中古マンション等,,22212,静岡県,焼津市,塩津,焼津,14,２ＬＤＫ,50,,,,昭和59年,ＲＣ,住宅,,,,,準工業地域,60.0,200.0,2008年第２四半期,改装済,,6.681241237375588
22011504,中古マンション等,,22131,静岡県,浜松市中区,龍禅寺町,浜松,11,３ＤＫ,55,,,,平成5年,ＳＲＣ,住宅,住宅,,,,近隣商業地域,80.0,300.0,2017年第２四半期,未改装,,6.812913356642856
22085566,中古マンション等,,22103,静岡県,静岡市清水区,江尻東,清水(静岡),4,３ＬＤＫ,75,,,,平成9年,ＳＲＣ,住宅,,,,,商業地域,80.0,400.0,2009年第４四半期,改装済,,7.230448921378274
22023890,中古マンション等,,22206,静岡県,三島市,南町,三島田町,9,２ＬＤＫ,55,,,,平成13年,ＲＣ,住宅,住宅,,,,第２種住居地域,60.0,200.0,2017年第１四半期,未改装,,7.176091259055681
22089847,中古マンション等,,22135,静岡県,浜松市北区,三ヶ日町都筑,都筑,30分?60分,,50,,,,平成2年,ＳＲＣ,住宅,,,,,市街化調整区域,60.0,200.0,2013年第３四半期,,,6.568201724066995
22020962,中古マンション等,,22203,静岡県,沼津市,志下,沼津,1H?1H30,３ＬＤＫ,75,,,,昭和64年,ＳＲＣ,住宅,住宅,,,,第１種住居地域,60.0,200.0,2018年第４四半期,改装済,,6.929418925714293
22117862,中古マンション等,,22101,静岡県,静岡市葵区,梅屋町,静岡,15,３ＬＤＫ,70,,,,平成10年,ＲＣ,住宅,,,,,商業地域,80.0,400.0,2007年第４四半期,未改装,,7.176091259055681
22021160,中古マンション等,,22203,静岡県,沼津市,新沢田町,沼津,30分?60分,３ＬＤＫ,80,,,,平成18年,ＲＣ,住宅,住宅,,,,第１種住居地域,60.0,200.0,2017年第２四半期,改装済,,7.278753600952829
22022068,中古マンション等,,22203,静岡県,沼津市,三園町,沼津,8,３ＬＤＫ,75,,,,,,,その他,,,,,,,2017年第４四半期,,調停・競売等,7.176091259055681
22081442,中古マンション等,,22131,静岡県,浜松市中区,東伊場,浜松,20,３ＬＤＫ,55,,,,昭和61年,ＳＲＣ,住宅,,,,,近隣商業地域,80.0,300.0,2013年第４四半期,改装済,,6.897627091290442
22004894,中古マンション等,,22102,静岡県,静岡市駿河区,聖一色,東静岡,18,３ＬＤＫ,85,,,,平成13年,ＲＣ,,,,,,第２種中高層住居専用地域,60.0,200.0,2020年第２四半期,未改装,,7.361727836017593
22123559,中古マンション等,,22133,静岡県,浜松市西区,入野町,浜松,30分?60分,３ＬＤＫ,75,,,,平成12年,ＲＣ,住宅,,,,,第２種住居地域,60.0,200.0,2008年第２四半期,未改装,,7.278753600952829
22071201,中古マンション等,,22131,静岡県,浜松市中区,菅原町,浜松,21,２ＬＤＫ,65,,,,昭和63年,ＲＣ,住宅,,,,,近隣商業地域,80.0,300.0,2012年第３四半期,改装済,,6.845098040014257
22064085,中古マンション等,,22131,静岡県,浜松市中区,山手町,浜松,30分?60分,４ＬＤＫ,85,,,,平成12年,ＲＣ,住宅,住宅,,,,第１種中高層住居専用地域,60.0,200.0,2015年第４四半期,未改装,,7.230448921378274
22008628,中古マンション等,,22131,静岡県,浜松市中区,海老塚,浜松,9,２ＬＤＫ,60,,,,平成7年,ＳＲＣ,住宅,住宅,,,,商業地域,80.0,500.0,2016年第３四半期,未改装,,7.079181246047625
22087706,中古マンション等,,22212,静岡県,焼津市,塩津,焼津,25,２ＤＫ,50,,,,昭和59年,ＲＣ,住宅,,,,,準工業地域,60.0,200.0,2011年第３四半期,未改装,,6.544068044350276
22072696,中古マンション等,,22206,静岡県,三島市,長伏,,,３ＬＤＫ,65,,,,昭和64年,ＲＣ,住宅,,,,,準工業地域,60.0,200.0,2011年第１四半期,,,7.0
22063806,中古マンション等,,22131,静岡県,浜松市中区,曳馬,浜松,30分?60分,３ＬＤＫ,80,,,,平成16年,ＲＣ,住宅,住宅,,,,第１種住居地域,60.0,200.0,2015年第１四半期,改装済,,7.301029995663981
22075377,中古マンション等,,22103,静岡県,静岡市清水区,小芝町,清水(静岡),6,３ＬＤＫ,70,,,,平成14年,ＳＲＣ,住宅,,,,,商業地域,80.0,400.0,2013年第１四半期,未改装,調停・競売等,7.113943352306837
22074387,中古マンション等,,22210,静岡県,富士市,中央町,富士,30分?60分,３ＬＤＫ,80,,,,平成16年,ＲＣ,住宅,住宅,,,,商業地域,80.0,400.0,2014年第４四半期,未改装,,7.301029995663981
22089853,中古マンション等,,22135,静岡県,浜松市北区,三ヶ日町都筑,都筑,30分?60分,１ＬＤＫ,60,,,,平成2年,ＳＲＣ,住宅,,,,,市街化調整区域,60.0,200.0,2013年第２四半期,未改装,,6.724275869600789
22055701,中古マンション等,,22131,静岡県,浜松市中区,布橋,浜松,30分?60分,１Ｋ,15,,,,昭和59年,ＲＣ,住宅,住宅,,,,第１種住居地域,60.0,200.0,2014年第３四半期,未改装,,5.929418925714293
22063077,中古マンション等,,22135,静岡県,浜松市北区,三ヶ日町都筑,都筑,20,１ＬＤＫ,50,,,,平成2年,ＳＲＣ,住宅,,,,,市街化調整区域,60.0,200.0,2010年第３四半期,改装済,,6.653212513775344
22008737,中古マンション等,,22131,静岡県,浜松市中区,上島,浜松,30分?60分,３ＬＤＫ,80,,,,平成15年,ＳＲＣ,住宅,住宅,,,,第１種住居地域,60.0,200.0,2019年第２四半期,未改装,,7.342422680822207
22054206,中古マンション等,,22101,静岡県,静岡市葵区,柚木,東静岡,3,３ＬＤＫ,85,,,,平成14年,ＳＲＣ,住宅,,,,,近隣商業地域,80.0,300.0,2011年第１四半期,未改装,,7.447158031342219
22118179,中古マンション等,,22101,静岡県,静岡市葵区,北安東,静岡,,３ＬＤＫ,65,,,,平成16年,,住宅,,,,,,,,2006年第２四半期,未改装,,7.3222192947339195
22124008,中古マンション等,,22134,静岡県,浜松市南区,飯田町,天竜川,15,３ＬＤＫ,75,,,,平成4年,ＲＣ,住宅,,,,,第１種住居地域,60.0,200.0,2008年第３四半期,未改装,,6.929418925714293
22122665,中古マンション等,,22131,静岡県,浜松市中区,富塚町,浜松,1H?1H30,４ＬＤＫ,100,,,,平成5年,ＲＣ,住宅,,,,,第１種低層住居専用地域,40.0,60.0,2007年第４四半期,未改装,,7.361727836017593
22005459,中古マンション等,,22102,静岡県,静岡市駿河区,南町,静岡,6,１ＤＫ,25,,,,,,,住宅,,,,商業地域,80.0,400.0,2020年第３四半期,,,6.698970004336019
22122608,中古マンション等,,22131,静岡県,浜松市中区,寺島町,浜松,11,３ＤＫ,55,,,,平成3年,ＳＲＣ,住宅,,,,,近隣商業地域,80.0,300.0,2008年第３四半期,未改装,,6.954242509439325
22124693,中古マンション等,,22135,静岡県,浜松市北区,三ヶ日町都筑,東都筑,28,２ＬＤＫ,85,,,,平成2年,ＳＲＣ,住宅,,,,,市街化調整区域,60.0,200.0,2008年第３四半期,未改装,,6.892094602690481
22063448,中古マンション等,,22133,静岡県,浜松市西区,舞阪町弁天島,弁天島,2,２ＬＤＫ,55,,,,昭和51年,ＳＲＣ,住宅,,,,,商業地域,80.0,400.0,2011年第１四半期,未改装,,6.544068044350276
22066526,中古マンション等,,22203,静岡県,沼津市,下河原町,沼津,21,３ＬＤＫ,65,,,,昭和62年,ＳＲＣ,住宅,,,,,近隣商業地域,80.0,300.0,2010年第２四半期,未改装,,6.939519252618618
22008553,中古マンション等,,22131,静岡県,浜松市中区,板屋町,浜松,4,２ＬＤＫ,75,,,,平成22年,ＲＣ,,住宅,,,,商業地域,80.0,600.0,2018年第４四半期,未改装,,7.5910646070264995
22055850,中古マンション等,,22103,静岡県,静岡市清水区,宮下町,清水(静岡),16,４Ｋ,50,,,,昭和53年,ＲＣ,住宅,,,,,第２種住居地域,60.0,200.0,2010年第３四半期,改装済,,6.778151250383644
22012121,中古マンション等,,22132,静岡県,浜松市東区,植松町,浜松,30分?60分,,70,,,,平成11年,ＲＣ,住宅,住宅,,,,第１種住居地域,60.0,200.0,2017年第３四半期,未改装,,7.204119982655925
22036244,中古マンション等,,22212,静岡県,焼津市,本町,焼津,11,４ＬＤＫ,95,,,,平成13年,ＳＲＣ,住宅,その他,,,,商業地域,80.0,400.0,2020年第１四半期,未改装,,7.2552725051033065
22032905,中古マンション等,,22211,静岡県,磐田市,上本郷,豊田町,1,３ＬＤＫ,70,,,,平成9年,ＳＲＣ,住宅,住宅,,,,近隣商業地域,80.0,200.0,2018年第３四半期,未改装,,7.113943352306837
22053206,中古マンション等,,22101,静岡県,静岡市葵区,昭和町,静岡,4,１Ｋ,20,,,,,ＳＲＣ,住宅,,,,,商業地域,80.0,600.0,2011年第１四半期,未改装,調停・競売等,6.3222192947339195
22051225,中古マンション等,,22101,静岡県,静岡市葵区,本通,静岡,20,３ＬＤＫ,75,,,,平成16年,ＲＣ,住宅,住宅,,,,商業地域,80.0,400.0,2014年第４四半期,未改装,,7.414973347970818
22066779,中古マンション等,,22206,静岡県,三島市,南町,三島,23,３ＬＤＫ,75,,,,平成24年,ＲＣ,住宅,,,,,第２種住居地域,60.0,200.0,2014年第１四半期,未改装,,7.361727836017593
22128359,中古マンション等,,22210,静岡県,富士市,今泉,富士,1H?1H30,４ＬＤＫ,80,,,,平成18年,ＲＣ,住宅,,,,,工業地域,60.0,200.0,2008年第１四半期,,,7.531478917042255
22058827,中古マンション等,,22102,静岡県,静岡市駿河区,桃園町,安倍川,2H?,４ＬＤＫ,65,,,,,ＲＣ,住宅,住宅,,,,第１種中高層住居専用地域,60.0,200.0,2015年第２四半期,未改装,,7.113943352306837
22054295,中古マンション等,,22131,静岡県,浜松市中区,上島,浜松,1H?1H30,３ＬＤＫ,60,,,,平成10年,ＳＲＣ,住宅,事務所,,,,第１種住居地域,60.0,200.0,2014年第２四半期,改装済,,7.146128035678238
22059532,中古マンション等,,22134,静岡県,浜松市南区,本郷町,浜松,30分?60分,３ＬＤＫ,65,,,,平成10年,ＲＣ,住宅,住宅,,,,第２種中高層住居専用地域,60.0,200.0,2014年第３四半期,未改装,,7.0
22123541,中古マンション等,,22133,静岡県,浜松市西区,入野町,浜松,1H?1H30,４ＬＤＫ,85,,,,平成5年,ＳＲＣ,住宅,,,,,工業地域,60.0,200.0,2008年第４四半期,未改装,調停・競売等,7.0
22122725,中古マンション等,,22131,静岡県,浜松市中区,西浅田,浜松,25,４ＬＤＫ,70,,,,平成3年,ＳＲＣ,住宅,,,,,近隣商業地域,80.0,300.0,2008年第４四半期,未改装,,7.2552725051033065
22075990,中古マンション等,,22103,静岡県,静岡市清水区,楠新田,草薙(ＪＲ),6,３ＬＤＫ,70,,,,平成8年,ＳＲＣ,住宅,,,,,準工業地域,60.0,200.0,2013年第３四半期,改装済,,7.230448921378274
22084064,中古マンション等,,22132,静岡県,浜松市東区,天龍川町,浜松,1H?1H30,２ＬＤＫ,65,,,,平成5年,ＳＲＣ,住宅,,,,,近隣商業地域,80.0,300.0,2013年第３四半期,未改装,調停・競売等,6.903089986991944
22054540,中古マンション等,,22102,静岡県,静岡市駿河区,小黒,静岡,20,３ＬＤＫ,55,,,,昭和63年,ＲＣ,住宅,,,,,準工業地域,60.0,200.0,2011年第３四半期,改装済,,6.949390006644912
22009829,中古マンション等,,22131,静岡県,浜松市中区,高丘北,浜松,1H30?2H,３ＬＤＫ,85,,,,平成3年,,,住宅,,,,第１種住居地域,60.0,200.0,2020年第１四半期,,,7.079181246047625
22122948,中古マンション等,,22131,静岡県,浜松市中区,山手町,浜松,30分?60分,３ＬＤＫ,70,,,,平成9年,ＳＲＣ,住宅,,,,,第１種中高層住居専用地域,60.0,200.0,2007年第４四半期,未改装,,7.204119982655925
22086121,中古マンション等,,22203,静岡県,沼津市,西島町,沼津,29,３ＬＤＫ,75,,,,平成4年,ＳＲＣ,住宅,,,,,準工業地域,60.0,200.0,2012年第４四半期,未改装,,6.944482672150168
22052325,中古マンション等,,22101,静岡県,静岡市葵区,古庄,東静岡,16,３ＤＫ,60,,,,昭和54年,ＲＣ,住宅,,,,,第１種住居地域,60.0,200.0,2010年第３四半期,未改装,,6.799340549453582
22004599,中古マンション等,,22102,静岡県,静岡市駿河区,中田,静岡,19,,70,,,,昭和61年,,住宅,住宅,,,,第２種中高層住居専用地域,60.0,200.0,2018年第１四半期,未改装,,7.079181246047625
22013482,中古マンション等,,22132,静岡県,浜松市東区,宮竹町,浜松,30分?60分,３ＬＤＫ,75,,,,平成18年,ＲＣ,,住宅,,,,第１種住居地域,60.0,200.0,2017年第４四半期,未改装,,7.342422680822207
22090178,中古マンション等,,22131,静岡県,浜松市中区,蜆塚,浜松,30分?60分,３ＬＤＫ,80,,,,平成15年,ＲＣ,住宅,,,,,第１種住居地域,60.0,200.0,2009年第４四半期,未改装,,7.414973347970818
22022134,中古マンション等,,22203,静岡県,沼津市,桃里,原(静岡),30分?60分,３ＬＤＫ,60,,,,,ＲＣ,住宅,住宅,,,,市街化調整区域,60.0,200.0,2016年第１四半期,未改装,調停・競売等,6.633468455579586
22054868,中古マンション等,,22101,静岡県,静岡市葵区,音羽町,静岡,14,３ＬＤＫ,85,,,,平成17年,ＲＣ,住宅,住宅,,,,第２種住居地域,60.0,200.0,2015年第１四半期,,,7.544068044350276
22010623,中古マンション等,,22131,静岡県,浜松市中区,中島,浜松,16,２ＬＤＫ,60,,,,昭和64年,ＲＣ,住宅,その他,,,,第１種住居地域,60.0,200.0,2019年第４四半期,未改装,,6.633468455579586
22069189,中古マンション等,,22203,静岡県,沼津市,岡一色,大岡(静岡),16,３ＬＤＫ,70,,,,平成11年,ＲＣ,住宅,,,,,第２種中高層住居専用地域,60.0,150.0,2011年第１四半期,未改装,,7.204119982655925
22051432,中古マンション等,,22101,静岡県,静岡市葵区,春日,静岡,21,３ＤＫ,55,,,,昭和48年,ＳＲＣ,住宅,,,,,第２種住居地域,60.0,200.0,2010年第４四半期,未改装,,6.770852011642144
22121249,中古マンション等,,22103,静岡県,静岡市清水区,楠新田,草薙(ＪＲ),8,３ＬＤＫ,70,,,,平成4年,ＲＣ,住宅,,,,,準工業地域,60.0,200.0,2007年第１四半期,改装済,,7.176091259055681
22105976,中古マンション等,,22213,静岡県,掛川市,南,掛川,3,１Ｋ,20,,,,平成3年,ＲＣ,住宅,,,,,第１種住居地域,60.0,200.0,2012年第３四半期,改装済,,6.113943352306837
22050837,中古マンション等,,22101,静岡県,静岡市葵区,川合,静岡,1H?1H30,３ＬＤＫ,75,,,,平成3年,ＲＣ,住宅,,,,,第２種中高層住居専用地域,60.0,200.0,2014年第１四半期,改装済,,7.079181246047625
22002130,中古マンション等,,22101,静岡県,静岡市葵区,伝馬町,静岡,10,２ＤＫ,70,,,,平成24年,,住宅,住宅,,,,商業地域,80.0,500.0,2019年第２四半期,未改装,,7.568201724066995
22081770,中古マンション等,,22101,静岡県,静岡市葵区,両替町,静岡,13,オープンフロア,120,,,,昭和61年,ＳＲＣ,店舗,,,,,商業地域,80.0,600.0,2009年第３四半期,未改装,,7.568201724066995
22122416,中古マンション等,,22131,静岡県,浜松市中区,新津町,浜松,29,４ＬＤＫ,80,,,,昭和59年,ＳＲＣ,住宅,,,,,近隣商業地域,80.0,200.0,2008年第３四半期,未改装,,7.146128035678238
22000923,中古マンション等,,22101,静岡県,静岡市葵区,北安東,静岡,30分?60分,３ＬＤＫ,70,,,,平成7年,ＲＣ,住宅,住宅,,,,第２種中高層住居専用地域,60.0,200.0,2020年第２四半期,改装済,,7.176091259055681
22056586,中古マンション等,,22131,静岡県,浜松市中区,上島,浜松,30分?60分,３ＬＤＫ,75,,,,平成16年,ＲＣ,住宅,,,,,第１種住居地域,60.0,200.0,2010年第３四半期,改装済,,7.301029995663981
22121774,中古マンション等,,22103,静岡県,静岡市清水区,港町,清水(静岡),,３ＬＤＫ,85,,,,平成18年,,住宅,,,,,準工業地域,60.0,200.0,2006年第４四半期,改装済,,7.477121254719663
22053127,中古マンション等,,22102,静岡県,静岡市駿河区,さつき町,静岡,15,３ＬＤＫ,60,,,,昭和55年,ＲＣ,住宅,,,,,準工業地域,60.0,200.0,2010年第１四半期,未改装,,6.778151250383644
22130316,中古マンション等,,22212,静岡県,焼津市,本町,焼津,15,３ＬＤＫ,75,,,,平成2年,ＳＲＣ,住宅,,,,,近隣商業地域,80.0,200.0,2008年第４四半期,改装済,,7.079181246047625
22035068,中古マンション等,,22212,静岡県,焼津市,小柳津,西焼津,14,３ＬＤＫ,75,,,,平成13年,ＲＣ,,住宅,,,,工業地域,60.0,200.0,2020年第１四半期,未改装,,6.857332496431268
22030488,中古マンション等,,22210,静岡県,富士市,中央町,富士,30分?60分,４ＬＤＫ,80,,,,平成16年,ＲＣ,住宅,住宅,,,,商業地域,80.0,400.0,2016年第２四半期,未改装,,7.2552725051033065
22066092,中古マンション等,,22102,静岡県,静岡市駿河区,馬渕,静岡,13,３ＬＤＫ,75,,,,平成14年,ＲＣ,住宅,,,,,近隣商業地域,80.0,200.0,2012年第２四半期,未改装,,7.342422680822207
22054201,中古マンション等,,22101,静岡県,静岡市葵区,柚木,東静岡,3,４ＬＤＫ,95,,,,平成14年,ＳＲＣ,住宅,,,,,近隣商業地域,80.0,300.0,2011年第４四半期,未改装,,7.505149978319906
22005162,中古マンション等,,22102,静岡県,静岡市駿河区,馬渕,静岡,10,,75,,,,平成19年,,住宅,住宅,,,,,,,2018年第２四半期,,,7.477121254719663
22054027,中古マンション等,,22131,静岡県,浜松市中区,浅田町,浜松,15,４ＬＤＫ,85,,,,,ＳＲＣ,住宅,,,,,近隣商業地域,80.0,300.0,2014年第１四半期,未改装,,7.146128035678238
22005079,中古マンション等,,22102,静岡県,静岡市駿河区,曲金,東静岡,4,３ＬＤＫ,85,,,,平成16年,ＳＲＣ,住宅,住宅,,,,商業地域,80.0,500.0,2018年第４四半期,改装済,,7.414973347970818
22056731,中古マンション等,,22132,静岡県,浜松市東区,大瀬町,さぎの宮,2,３ＬＤＫ,75,,,,平成10年,ＲＣ,住宅,住宅,,,,市街化調整区域,60.0,200.0,2014年第３四半期,改装済,,7.146128035678238
22072624,中古マンション等,,22102,静岡県,静岡市駿河区,寿町,静岡,21,３ＬＤＫ,60,,,,平成2年,ＲＣ,住宅,,,,,準工業地域,60.0,200.0,2013年第３四半期,未改装,,7.041392685158225
22073468,中古マンション等,,22203,静岡県,沼津市,大岡,沼津,13,２ＬＤＫ,70,,,,平成20年,ＳＲＣ,住宅,住宅,,,,近隣商業地域,80.0,300.0,2015年第３四半期,未改装,,7.3222192947339195
22013031,中古マンション等,,22132,静岡県,浜松市東区,天龍川町,天竜川,1,３ＬＤＫ,70,,,,平成5年,,,,,,,近隣商業地域,80.0,300.0,2019年第２四半期,未改装,,7.0
22009568,中古マンション等,,22131,静岡県,浜松市中区,新津町,浜松,30分?60分,４ＬＤＫ,45,,,,昭和59年,ＳＲＣ,住宅,住宅,,,,近隣商業地域,80.0,200.0,2016年第３四半期,改装済,,7.079181246047625
22030426,中古マンション等,,22210,静岡県,富士市,蓼原,富士,18,３ＬＤＫ,70,,,,平成19年,ＲＣ,住宅,その他,,,,工業地域,60.0,200.0,2020年第２四半期,改装済,,7.176091259055681
22072563,中古マンション等,,22209,静岡県,島田市,本通,島田(静岡),3,,90,,,,平成21年,ＳＲＣ,住宅,住宅,,,,商業地域,80.0,400.0,2014年第１四半期,未改装,,7.3222192947339195
22091186,中古マンション等,,22214,静岡県,藤枝市,駅前,藤枝,5,３ＬＤＫ,90,,,,,ＳＲＣ,住宅,,,,,商業地域,80.0,400.0,2011年第４四半期,改装済,,7.230448921378274
22073195,中古マンション等,,22131,静岡県,浜松市中区,向宿,浜松,23,３ＤＫ,65,,,,平成5年,ＲＣ,住宅,,,,,第１種住居地域,60.0,200.0,2012年第４四半期,改装済,,7.041392685158225
22003631,中古マンション等,,22102,静岡県,静岡市駿河区,小黒,静岡,23,２ＬＤＫ,70,,,,平成12年,ＲＣ,住宅,住宅,,,,近隣商業地域,80.0,200.0,2016年第２四半期,改装済,,7.278753600952829
22059731,中古マンション等,,22103,静岡県,静岡市清水区,楠新田,草薙(ＪＲ),10,３ＬＤＫ,65,,,,,ＲＣ,住宅,住宅,,,,準工業地域,60.0,200.0,2015年第１四半期,未改装,,7.176091259055681
22129584,中古マンション等,,22211,静岡県,磐田市,中泉,磐田,2,３ＬＤＫ,75,,,,平成19年,ＲＣ,住宅,,,,,商業地域,80.0,400.0,2007年第３四半期,未改装,,7.447158031342219
22061956,中古マンション等,,22131,静岡県,浜松市中区,幸,浜松,1H?1H30,３ＬＤＫ,70,,,,平成11年,ＲＣ,住宅,住宅,,,,近隣商業地域,80.0,200.0,2015年第１四半期,未改装,,7.113943352306837
22005088,中古マンション等,,22102,静岡県,静岡市駿河区,曲金,東静岡,3,２ＬＤＫ,95,,,,平成22年,ＲＣ,住宅,住宅,,,,商業地域,80.0,500.0,2018年第３四半期,未改装,,7.623249290397901
22039510,中古マンション等,,22214,静岡県,藤枝市,田沼,藤枝,8,４ＬＤＫ,155,,,,平成20年,,,住宅,,,,第２種住居地域,60.0,200.0,2019年第４四半期,未改装,,7.4623979978989565
22038397,中古マンション等,,22214,静岡県,藤枝市,駅前,藤枝,1,オープンフロア,690,,,,,,,店舗,,,,商業地域,80.0,400.0,2016年第４四半期,未改装,,8.361727836017593
22054217,中古マンション等,,22103,静岡県,静岡市清水区,入江,清水(静岡),19,３ＬＤＫ,80,,,,平成18年,ＲＣ,住宅,,,,,近隣商業地域,80.0,300.0,2010年第４四半期,改装済,,7.361727836017593
22080426,中古マンション等,,22101,静岡県,静岡市葵区,長沼,東静岡,11,２ＬＤＫ,65,,,,平成15年,ＲＣ,住宅,,,,,第１種住居地域,60.0,200.0,2009年第４四半期,未改装,,7.3222192947339195
22095813,中古マンション等,,22213,静岡県,掛川市,南,掛川,3,１Ｋ,15,,,,平成3年,ＲＣ,住宅,住宅,,,,商業地域,80.0,400.0,2015年第２四半期,未改装,,6.278753600952829
22009079,中古マンション等,,22131,静岡県,浜松市中区,北寺島町,浜松,13,４ＬＤＫ,90,,,,平成15年,ＲＣ,住宅,住宅,,,,第２種住居地域,60.0,200.0,2018年第４四半期,未改装,,7.342422680822207
22081862,中古マンション等,,22102,静岡県,静岡市駿河区,池田,県総合運動場,14,３ＬＤＫ,65,,,,昭和54年,ＲＣ,住宅,,,,,第１種中高層住居専用地域,60.0,150.0,2009年第４四半期,未改装,,6.778151250383644
22053115,中古マンション等,,22101,静岡県,静岡市葵区,七間町,静岡,9,１Ｋ,35,,,,昭和61年,ＳＲＣ,住宅,,,,,商業地域,80.0,600.0,2011年第１四半期,未改装,,6.698970004336019
22124692,中古マンション等,,22135,静岡県,浜松市北区,三ヶ日町都筑,東都筑,26,１ＤＫ,50,,,,平成2年,ＳＲＣ,住宅,,,,,市街化調整区域,60.0,200.0,2008年第３四半期,未改装,,6.698970004336019
22012099,中古マンション等,,22132,静岡県,浜松市東区,植松町,浜松,30分?60分,２ＬＤＫ,60,,,,,,住宅,住宅,,,,第１種住居地域,60.0,200.0,2019年第２四半期,未改装,調停・競売等,7.079181246047625
22057762,中古マンション等,,22131,静岡県,浜松市中区,常盤町,浜松,11,４ＬＤＫ,95,,,,平成10年,ＳＲＣ,住宅,,,,,商業地域,80.0,500.0,2010年第１四半期,未改装,調停・競売等,7.230448921378274
22086235,中古マンション等,,22133,静岡県,浜松市西区,舞阪町弁天島,弁天島,2,１ＤＫ,35,,,,昭和51年,ＳＲＣ,住宅,,,,,商業地域,80.0,400.0,2013年第３四半期,未改装,,6.079181246047625
22014715,中古マンション等,,22133,静岡県,浜松市西区,舞阪町弁天島,弁天島,3,４ＬＤＫ,95,,,,平成14年,ＳＲＣ,住宅,住宅,,,,商業地域,80.0,400.0,2016年第４四半期,未改装,,7.146128035678238
22090702,中古マンション等,,22211,静岡県,磐田市,一言,磐田,30分?60分,３ＬＤＫ,70,,,,平成5年,ＳＲＣ,住宅,住宅,,,,市街化調整区域,60.0,200.0,2015年第２四半期,,,6.7558748556724915
22074056,中古マンション等,,22203,静岡県,沼津市,西条町,沼津,8,２ＬＤＫ,65,,,,昭和64年,ＳＲＣ,住宅,住宅,,,,商業地域,80.0,400.0,2015年第１四半期,改装済,,7.361727836017593
22069041,中古マンション等,,22203,静岡県,沼津市,大手町,沼津,4,３ＬＤＫ,90,,,,平成18年,ＳＲＣ,住宅,,,,,商業地域,80.0,500.0,2011年第１四半期,未改装,,7.531478917042255
22065906,中古マンション等,,22135,静岡県,浜松市北区,三ヶ日町都筑,都筑,26,１Ｋ,25,,,,昭和50年,ＳＲＣ,住宅,,,,,市街化調整区域,60.0,200.0,2011年第１四半期,未改装,調停・競売等,5.832508912706237
22051621,中古マンション等,,22101,静岡県,静岡市葵区,北安東,静岡,30分?60分,３ＬＤＫ,75,,,,平成22年,ＲＣ,住宅,,,,,第１種中高層住居専用地域,60.0,200.0,2010年第２四半期,未改装,,7.4623979978989565
22060690,中古マンション等,,22133,静岡県,浜松市西区,舞阪町弁天島,弁天島,6,１ＤＫ,35,,,,平成3年,ＲＣ,住宅,,,,,第１種住居地域,60.0,200.0,2010年第４四半期,未改装,,6.477121254719663
22017544,中古マンション等,,22135,静岡県,浜松市北区,三ヶ日町下尾奈,尾奈,16,１Ｒ,25,,,,昭和56年,ＲＣ,その他,その他,,,,市街化調整区域,60.0,200.0,2017年第２四半期,,,5.0
22002222,中古マンション等,,22101,静岡県,静岡市葵区,長沼,東静岡,5,３ＬＤＫ,75,,,,平成14年,,,住宅,,,,第１種住居地域,60.0,200.0,2020年第２四半期,,,7.342422680822207
22005531,中古マンション等,,22102,静岡県,静岡市駿河区,宮本町,静岡,16,３ＬＤＫ,85,,,,平成10年,ＲＣ,住宅,住宅,,,,近隣商業地域,80.0,200.0,2019年第２四半期,改装済,,7.3979400086720375
22011496,中古マンション等,,22131,静岡県,浜松市中区,龍禅寺町,浜松,19,４ＬＤＫ,80,,,,平成9年,ＲＣ,,住宅,,,,第２種住居地域,60.0,200.0,2018年第１四半期,未改装,,6.954242509439325
22061947,中古マンション等,,22131,静岡県,浜松市中区,幸,浜松,30分?60分,４ＬＤＫ,80,,,,平成6年,ＲＣ,住宅,住宅,,,,第１種中高層住居専用地域,60.0,200.0,2015年第２四半期,未改装,,7.113943352306837
22036520,中古マンション等,,22213,静岡県,掛川市,青葉台,掛川,25,３ＬＤＫ,70,,,,平成4年,ＳＲＣ,住宅,住宅,,,,第２種住居地域,60.0,200.0,2019年第４四半期,改装済,,6.968482948553935
22062969,中古マンション等,,22135,静岡県,浜松市北区,三ヶ日町大崎,都筑,30分?60分,１ＬＤＫ,45,,,,昭和63年,ＳＲＣ,住宅,,,,,市街化調整区域,60.0,200.0,2010年第１四半期,未改装,,6.477121254719663
22057684,中古マンション等,,22131,静岡県,浜松市中区,中央,浜松,10,３ＬＤＫ,70,,,,平成12年,ＳＲＣ,住宅,,,,,商業地域,80.0,400.0,2010年第３四半期,改装済,,7.3979400086720375
22021175,中古マンション等,,22203,静岡県,沼津市,新宿町,沼津,7,２ＬＤＫ,65,,,,昭和59年,ＳＲＣ,住宅,住宅,,,,商業地域,80.0,400.0,2019年第３四半期,未改装,,6.623249290397901
22125969,中古マンション等,,22203,静岡県,沼津市,真砂町,沼津,19,３ＬＤＫ,65,,,,平成14年,ＲＣ,住宅,,,,,第２種住居地域,60.0,200.0,2008年第１四半期,未改装,,7.301029995663981
22000434,中古マンション等,,22101,静岡県,静岡市葵区,大岩町,新静岡,26,２ＬＤＫ,65,,,,昭和52年,ＲＣ,住宅,住宅,,,,第１種中高層住居専用地域,60.0,200.0,2017年第２四半期,改装済,,6.892094602690481
22066027,中古マンション等,,22206,静岡県,三島市,加茂川町,三島,20,３ＬＤＫ,70,,,,平成8年,ＳＲＣ,住宅,住宅,,,,第２種住居地域,60.0,200.0,2014年第４四半期,未改装,,7.204119982655925
22011486,中古マンション等,,22131,静岡県,浜松市中区,龍禅寺町,浜松,13,３ＤＫ,55,,,,平成2年,ＳＲＣ,住宅,住宅,,,,近隣商業地域,80.0,300.0,2019年第３四半期,未改装,,6.724275869600789
22010144,中古マンション等,,22131,静岡県,浜松市中区,田町,浜松,7,３ＬＤＫ,140,,,,平成17年,ＲＣ,住宅,住宅,,,,商業地域,80.0,600.0,2016年第４四半期,未改装,,7.919078092376074
22012655,中古マンション等,,22132,静岡県,浜松市東区,神立町,浜松,30分?60分,２ＬＤＫ,75,,,,平成18年,ＲＣ,住宅,住宅,,,,第１種住居地域,60.0,200.0,2017年第２四半期,未改装,,7.342422680822207
22124853,中古マンション等,,22136,静岡県,浜松市浜北区,貴布祢,浜北,1,３ＬＤＫ,80,,,,平成13年,ＲＣ,住宅,,,,,商業地域,80.0,400.0,2008年第２四半期,未改装,,7.342422680822207
22051205,中古マンション等,,22101,静岡県,静岡市葵区,古庄,静岡,30分?60分,３ＬＤＫ,65,,,,平成10年,ＲＣ,住宅,住宅,,,,準工業地域,60.0,200.0,2014年第４四半期,未改装,,7.230448921378274
22074377,中古マンション等,,22203,静岡県,沼津市,庄栄町,沼津,9,３ＬＤＫ,60,,,,平成4年,ＳＲＣ,住宅,住宅,,,,準住居地域,60.0,200.0,2015年第１四半期,改装済,,7.278753600952829
22074438,中古マンション等,,22203,静岡県,沼津市,末広町,沼津,13,３ＬＤＫ,65,,,,平成12年,ＳＲＣ,住宅,住宅,,,,商業地域,80.0,300.0,2015年第４四半期,未改装,,7.0
22088285,中古マンション等,,22103,静岡県,静岡市清水区,宮下町,清水(静岡),16,３ＬＤＫ,65,,,,昭和53年,ＲＣ,住宅,,,,,第２種住居地域,60.0,200.0,2009年第４四半期,未改装,,6.799340549453582
22012132,中古マンション等,,22132,静岡県,浜松市東区,植松町,浜松,30分?60分,２ＬＤＫ,65,,,,昭和49年,ＲＣ,住宅,住宅,,,,第１種住居地域,60.0,200.0,2016年第４四半期,未改装,,6.361727836017593
22002710,中古マンション等,,22101,静岡県,静岡市葵区,古庄,東静岡,18,２ＬＤＫ,60,,,,昭和54年,,住宅,住宅,,,,第１種住居地域,60.0,200.0,2019年第４四半期,未改装,,6.6020599913279625
22052759,中古マンション等,,22102,静岡県,静岡市駿河区,池田,東静岡,30分?60分,３ＬＤＫ,65,,,,昭和54年,ＲＣ,住宅,,,,,第１種中高層住居専用地域,60.0,150.0,2010年第２四半期,改装済,,6.863322860120456
22065092,中古マンション等,,22102,静岡県,静岡市駿河区,さつき町,静岡,14,１ＬＤＫ,40,,,,昭和55年,ＲＣ,住宅,,,,,準工業地域,60.0,200.0,2012年第２四半期,改装済,,6.763427993562937
22008567,中古マンション等,,22131,静岡県,浜松市中区,板屋町,浜松,6,３ＬＤＫ,105,,,,平成18年,ＲＣ,,住宅,,,,商業地域,80.0,600.0,2017年第３四半期,未改装,,7.7160033436347994
22078916,中古マンション等,,22131,静岡県,浜松市中区,鴨江,浜松,30分?60分,２ＬＤＫ,55,,,,昭和50年,ＲＣ,住宅,,,,,第２種中高層住居専用地域,60.0,200.0,2013年第１四半期,改装済,,6.740362689494244
22001951,中古マンション等,,22101,静岡県,静岡市葵区,岳美,静岡,1H?1H30,２ＬＤＫ＋Ｓ,60,,,,平成6年,ＲＣ,住宅,住宅,,,,第１種住居地域,60.0,200.0,2017年第３四半期,未改装,,6.944482672150168
22077260,中古マンション等,,22206,静岡県,三島市,東本町,三島田町,5,３ＬＤＫ,65,,,,平成8年,ＲＣ,住宅,住宅,,,,第１種住居地域,60.0,200.0,2015年第２四半期,未改装,,7.278753600952829
22067148,中古マンション等,,22203,静岡県,沼津市,東椎路,沼津,30分?60分,３ＬＤＫ,60,,,,平成3年,ＲＣ,住宅,,,,,第１種住居地域,60.0,200.0,2010年第３四半期,改装済,,6.986771734266245
22013285,中古マンション等,,22132,静岡県,浜松市東区,原島町,天竜川,21,２ＬＤＫ,65,,,,平成3年,ＲＣ,住宅,住宅,,,,第１種住居地域,60.0,200.0,2018年第２四半期,未改装,,6.929418925714293
22011199,中古マンション等,,22131,静岡県,浜松市中区,曳馬,浜松,30分?60分,３ＬＤＫ,80,,,,平成16年,ＲＣ,住宅,住宅,,,,第１種住居地域,60.0,200.0,2016年第１四半期,未改装,,7.2552725051033065
22057965,中古マンション等,,22133,静岡県,浜松市西区,入野町,浜松,1H?1H30,３ＬＤＫ,65,,,,平成14年,ＲＣ,住宅,その他,,,,第１種住居地域,60.0,200.0,2014年第２四半期,未改装,調停・競売等,6.982271233039568
22102138,中古マンション等,,22211,静岡県,磐田市,中泉,磐田,4,３ＬＤＫ,70,,,,平成18年,ＲＣ,住宅,,,,,第１種住居地域,60.0,200.0,2012年第４四半期,未改装,,7.278753600952829
22021560,中古マンション等,,22203,静岡県,沼津市,西島町,沼津,30分?60分,４ＬＤＫ,85,,,,,ＳＲＣ,住宅,住宅,,,,,,,2017年第２四半期,,,6.929418925714293
22017547,中古マンション等,,22135,静岡県,浜松市北区,三ヶ日町下尾奈,尾奈,18,１Ｒ,25,,,,昭和55年,ＲＣ,その他,,,,,市街化調整区域,60.0,200.0,2017年第１四半期,未改装,,5.301029995663981
22005089,中古マンション等,,22102,静岡県,静岡市駿河区,曲金,東静岡,5,３ＬＤＫ,95,,,,平成16年,,,住宅,,,,商業地域,80.0,500.0,2018年第３四半期,未改装,,7.477121254719663
22089578,中古マンション等,,22135,静岡県,浜松市北区,三ヶ日町大崎,都筑,30分?60分,２ＬＤＫ,60,,,,昭和63年,ＳＲＣ,住宅,,,,,市街化調整区域,50.0,200.0,2013年第３四半期,未改装,,6.176091259055681
22010620,中古マンション等,,22131,静岡県,浜松市中区,中島,浜松,20,１Ｋ,20,,,,平成3年,ＲＣ,住宅,住宅,,,,近隣商業地域,80.0,200.0,2020年第１四半期,未改装,,6.301029995663981
22002553,中古マンション等,,22101,静岡県,静岡市葵区,東静岡,東静岡,6,３ＬＤＫ,85,,,,平成25年,,,住宅,,,,商業地域,80.0,500.0,2019年第３四半期,改装済,,7.544068044350276
22051638,中古マンション等,,22102,静岡県,静岡市駿河区,国吉田,県総合運動場,1,３ＬＤＫ,70,,,,,ＲＣ,住宅,,,,,準工業地域,60.0,200.0,2014年第１四半期,改装済,,7.301029995663981
22007424,中古マンション等,,22103,静岡県,静岡市清水区,西久保,清水(静岡),15,３ＬＤＫ,70,,,,,ＲＣ,住宅,住宅,,,,第２種住居地域,60.0,200.0,2016年第３四半期,,,7.230448921378274
22129071,中古マンション等,,22210,静岡県,富士市,水戸島,富士,10,３ＬＤＫ,70,,,,平成2年,ＳＲＣ,住宅,,,,,第２種住居地域,60.0,200.0,2007年第４四半期,未改装,,5.929418925714293
22052144,中古マンション等,,22101,静岡県,静岡市葵区,長沼,東静岡,13,３ＬＤＫ,75,,,,平成14年,ＲＣ,住宅,,,,,第１種住居地域,60.0,200.0,2010年第２四半期,未改装,,7.361727836017593
22017649,中古マンション等,,22135,静岡県,浜松市北区,三ヶ日町都筑,都筑,24,２ＬＤＫ,120,,,,平成2年,ＳＲＣ,,住宅,,,,市街化調整区域,60.0,200.0,2019年第４四半期,未改装,,6.785329835010767
22054309,中古マンション等,,22131,静岡県,浜松市中区,上島,浜松,1H?1H30,３ＬＤＫ,70,,,,平成21年,ＲＣ,住宅,,,,,第１種住居地域,60.0,200.0,2014年第１四半期,未改装,,7.3979400086720375
22104400,中古マンション等,,22203,静岡県,沼津市,東椎路,沼津,30分?60分,３ＬＤＫ,85,,,,平成6年,ＲＣ,住宅,,,,,市街化調整区域,60.0,200.0,2009年第３四半期,改装済,,7.230448921378274
22074375,中古マンション等,,22203,静岡県,沼津市,庄栄町,沼津,10,,95,,,,,ＳＲＣ,住宅,住宅,,,,準住居地域,60.0,200.0,2015年第４四半期,未改装,,7.146128035678238
22097049,中古マンション等,,22214,静岡県,藤枝市,小石川町,藤枝,20,３ＬＤＫ,70,,,,平成3年,ＲＣ,住宅,住宅,,,,第２種中高層住居専用地域,60.0,150.0,2015年第１四半期,改装済,,7.041392685158225
22069824,中古マンション等,,22135,静岡県,浜松市北区,三ヶ日町大崎,都筑,29,１Ｒ,40,,,,,ＲＣ,住宅,その他,,,,市街化調整区域,60.0,200.0,2015年第４四半期,,,6.491361693834273
22059832,中古マンション等,,22132,静岡県,浜松市東区,宮竹町,浜松,30分?60分,３ＤＫ,55,,,,昭和64年,ＲＣ,住宅,,,,,第１種住居地域,60.0,200.0,2010年第３四半期,未改装,調停・競売等,6.544068044350276
22015971,中古マンション等,,22134,静岡県,浜松市南区,東若林町,浜松,30分?60分,１Ｋ,15,,,,平成2年,ＲＣ,住宅,住宅,,,,第１種住居地域,60.0,200.0,2018年第４四半期,未改装,,6.0
22060094,中古マンション等,,22131,静岡県,浜松市中区,中沢町,浜松,30分?60分,３ＬＤＫ,70,,,,平成10年,ＳＲＣ,住宅,,,,,近隣商業地域,80.0,300.0,2011年第２四半期,未改装,,7.204119982655925
22118721,中古マンション等,,22101,静岡県,静岡市葵区,常磐町,静岡,9,２Ｋ,40,,,,平成9年,ＳＲＣ,住宅,,,,,商業地域,80.0,500.0,2007年第１四半期,未改装,,7.0
22007433,中古マンション等,,22103,静岡県,静岡市清水区,西高町,清水(静岡),30分?60分,１ＬＤＫ,55,,,,平成19年,ＲＣ,,住宅,,,,第２種中高層住居専用地域,60.0,200.0,2020年第１四半期,未改装,,7.146128035678238
22090100,中古マンション等,,22131,静岡県,浜松市中区,佐鳴台,浜松,30分?60分,３ＬＤＫ,75,,,,平成9年,ＲＣ,住宅,,,,,第１種中高層住居専用地域,60.0,200.0,2009年第３四半期,未改装,,7.204119982655925
22077818,中古マンション等,,22210,静岡県,富士市,永田町,富士,30分?60分,３ＬＤＫ,75,,,,平成15年,ＲＣ,住宅,,,,,商業地域,80.0,400.0,2010年第４四半期,未改装,,7.176091259055681
22069852,中古マンション等,,22203,静岡県,沼津市,新宿町,沼津,5,４ＬＤＫ,85,,,,昭和59年,ＳＲＣ,住宅,,,,,商業地域,80.0,500.0,2011年第２四半期,改装済,,7.176091259055681
22119736,中古マンション等,,22102,静岡県,静岡市駿河区,新川,静岡,23,３ＬＤＫ,55,,,,平成5年,ＲＣ,住宅,,,,,準工業地域,60.0,200.0,2008年第３四半期,未改装,,7.113943352306837
22055290,中古マンション等,,22102,静岡県,静岡市駿河区,中田,静岡,15,３ＬＤＫ,70,,,,平成7年,ＳＲＣ,住宅,,,,,近隣商業地域,80.0,300.0,2011年第３四半期,未改装,,7.204119982655925
22009749,中古マンション等,,22131,静岡県,浜松市中区,早出町,浜松,30分?60分,３ＬＤＫ,65,,,,平成25年,ＲＣ,住宅,住宅,,,,第１種住居地域,60.0,200.0,2020年第１四半期,未改装,,7.342422680822207
22010764,中古マンション等,,22131,静岡県,浜松市中区,西伊場町,浜松,30分?60分,１ＤＫ,35,,,,,,住宅,その他,,,,第２種住居地域,60.0,200.0,2019年第２四半期,,,6.113943352306837
22124695,中古マンション等,,22135,静岡県,浜松市北区,三ヶ日町都筑,東都筑,26,,95,,,,平成2年,ＳＲＣ,住宅,,,,,市街化調整区域,60.0,200.0,2008年第３四半期,,,7.041392685158225
22053816,中古マンション等,,22102,静岡県,静岡市駿河区,馬渕,静岡,14,４ＬＤＫ,85,,,,平成14年,ＲＣ,住宅,,,,,近隣商業地域,80.0,200.0,2010年第４四半期,改装済,,7.380211241711606
22056070,中古マンション等,,22131,静岡県,浜松市中区,元城町,浜松,15,３ＬＤＫ,90,,,,平成10年,ＳＲＣ,住宅,住宅,,,,商業地域,80.0,600.0,2014年第１四半期,未改装,,7.230448921378274
22013026,中古マンション等,,22132,静岡県,浜松市東区,天龍川町,天竜川,2,２ＬＤＫ,60,,,,平成5年,ＳＲＣ,住宅,住宅,,,,近隣商業地域,80.0,300.0,2020年第３四半期,改装済,,7.113943352306837
22010045,中古マンション等,,22131,静岡県,浜松市中区,高丘東,浜松,1H30?2H,３ＬＤＫ,85,,,,平成5年,ＳＲＣ,住宅,住宅,,,,工業地域,60.0,200.0,2018年第３四半期,改装済,,7.204119982655925
22093795,中古マンション等,,22132,静岡県,浜松市東区,上西町,浜松,30分?60分,４ＬＤＫ,85,,,,平成15年,ＲＣ,住宅,,,,,工業地域,60.0,200.0,2009年第３四半期,未改装,,7.380211241711606
22064537,中古マンション等,,22102,静岡県,静岡市駿河区,池田,東静岡,4,３ＬＤＫ,80,,,,平成17年,ＲＣ,住宅,,,,,工業地域,60.0,200.0,2012年第３四半期,未改装,,7.414973347970818
22063081,中古マンション等,,22135,静岡県,浜松市北区,三ヶ日町都筑,都筑,26,２ＬＤＫ,45,,,,昭和49年,ＳＲＣ,住宅,,,,,市街化調整区域,60.0,200.0,2010年第３四半期,未改装,,6.342422680822207
22004796,中古マンション等,,22102,静岡県,静岡市駿河区,西中原,静岡,30分?60分,３ＬＤＫ,70,,,,平成3年,,住宅,住宅,,,,工業地域,60.0,200.0,2020年第１四半期,改装済,,7.146128035678238
22000726,中古マンション等,,22101,静岡県,静岡市葵区,唐瀬,静岡,1H?1H30,４ＬＤＫ,80,,,,平成12年,ＲＣ,住宅,住宅,,,,第１種住居地域,60.0,200.0,2019年第１四半期,未改装,,7.278753600952829
22098546,中古マンション等,,22206,静岡県,三島市,南二日町,三島,30分?60分,３ＬＤＫ,75,,,,平成10年,ＳＲＣ,住宅,,,,,工業地域,60.0,200.0,2013年第２四半期,未改装,,7.176091259055681
22091341,中古マンション等,,22131,静岡県,浜松市中区,寺島町,浜松,12,１Ｒ,20,,,,昭和64年,ＲＣ,住宅,,,,,近隣商業地域,80.0,300.0,2009年第２四半期,未改装,調停・競売等,6.176091259055681
22112737,中古マンション等,,22211,静岡県,磐田市,一言,磐田,30分?60分,３ＬＤＫ,75,,,,平成5年,ＳＲＣ,住宅,,,,,市街化調整区域,60.0,200.0,2009年第１四半期,改装済,,7.041392685158225
22002861,中古マンション等,,22101,静岡県,静岡市葵区,緑町,静岡,28,３ＬＤＫ,75,,,,平成21年,ＲＣ,住宅,住宅,,,,第２種中高層住居専用地域,60.0,200.0,2016年第１四半期,,,7.431363764158987
22081345,中古マンション等,,22131,静岡県,浜松市中区,八幡町,浜松,18,２ＬＤＫ,85,,,,,ＳＲＣ,住宅,,,,,近隣商業地域,80.0,300.0,2013年第３四半期,未改装,,7.361727836017593
22017478,中古マンション等,,22135,静岡県,浜松市北区,三ヶ日町大崎,都筑,30分?60分,１ＬＤＫ,40,,,,昭和61年,ＲＣ,住宅,その他,,,,市街化調整区域,60.0,200.0,2016年第２四半期,未改装,,5.477121254719663
22004371,中古マンション等,,22102,静岡県,静岡市駿河区,豊田,春日町,20,３ＬＤＫ,55,,,,,ＲＣ,住宅,住宅,,,,工業地域,60.0,200.0,2016年第３四半期,未改装,,6.845098040014257
22009670,中古マンション等,,22131,静岡県,浜松市中区,住吉,浜松,30分?60分,３ＬＤＫ,70,,,,昭和50年,,,住宅,,,,第２種住居地域,60.0,200.0,2020年第１四半期,未改装,,6.7923916894982534
22000301,中古マンション等,,22101,静岡県,静岡市葵区,梅屋町,静岡,15,３ＬＤＫ,65,,,,平成10年,,住宅,住宅,,,,商業地域,80.0,400.0,2019年第２四半期,未改装,,7.176091259055681
22122688,中古マンション等,,22131,静岡県,浜松市中区,中沢町,浜松,30分?60分,１Ｋ,15,,,,昭和60年,ＲＣ,住宅,,,,,近隣商業地域,80.0,300.0,2008年第２四半期,未改装,,6.230448921378274
22064365,中古マンション等,,22203,静岡県,沼津市,白銀町,沼津,10,３ＬＤＫ,80,,,,,ＳＲＣ,住宅,住宅,,,,商業地域,80.0,400.0,2014年第１四半期,未改装,,7.380211241711606
22070031,中古マンション等,,22203,静岡県,沼津市,高島町,沼津,4,３ＬＤＫ,80,,,,平成2年,ＳＲＣ,住宅,,,,,商業地域,80.0,400.0,2011年第３四半期,改装済,,7.2552725051033065
22023545,中古マンション等,,22206,静岡県,三島市,萩,三島,30分?60分,,75,,,,平成9年,ＲＣ,住宅,住宅,,,,第２種住居地域,60.0,200.0,2018年第１四半期,未改装,調停・競売等,7.041392685158225
22012126,中古マンション等,,22132,静岡県,浜松市東区,植松町,浜松,30分?60分,１ＤＫ,40,,,,昭和49年,ＳＲＣ,,住宅,,,,第１種住居地域,60.0,200.0,2017年第２四半期,改装済,,6.414973347970818
22021238,中古マンション等,,22203,静岡県,沼津市,浅間町,沼津,14,４ＬＤＫ,90,,,,平成23年,ＲＣ,住宅,住宅,,,,商業地域,80.0,400.0,2017年第４四半期,未改装,,7.477121254719663
22007106,中古マンション等,,22103,静岡県,静岡市清水区,千歳町,清水(静岡),18,４ＬＤＫ,75,,,,昭和56年,ＳＲＣ,住宅,住宅,,,,商業地域,80.0,400.0,2018年第２四半期,改装済,,6.954242509439325
22118116,中古マンション等,,22101,静岡県,静岡市葵区,北安東,静岡,30分?60分,３ＬＤＫ,70,,,,平成9年,ＲＣ,住宅,,,,,第２種中高層住居専用地域,60.0,200.0,2008年第３四半期,未改装,,7.3222192947339195
22128940,中古マンション等,,22210,静岡県,富士市,平垣・十兵衛・上横割・下横割,富士,9,３ＬＤＫ＋Ｓ,70,,,,平成10年,ＲＣ,住宅,,,,,第２種住居地域,60.0,200.0,2007年第３四半期,未改装,,7.230448921378274
22071899,中古マンション等,,22131,静岡県,浜松市中区,田町,浜松,8,２ＬＤＫ,70,,,,,ＲＣ,住宅,,,,,商業地域,80.0,600.0,2012年第１四半期,未改装,,7.477121254719663
22052705,中古マンション等,,22101,静岡県,静岡市葵区,春日,静岡,20,２ＤＫ,50,,,,昭和47年,ＲＣ,住宅,,,,,第１種住居地域,60.0,200.0,2011年第２四半期,改装済,,6.770852011642144
22092590,中古マンション等,,22131,静岡県,浜松市中区,山手町,浜松,30分?60分,３ＬＤＫ,70,,,,平成9年,ＳＲＣ,住宅,,,,,第１種中高層住居専用地域,60.0,200.0,2009年第４四半期,未改装,,7.230448921378274
22054630,中古マンション等,,22131,静岡県,浜松市中区,佐鳴台,浜松,30分?60分,４ＬＤＫ,100,,,,平成2年,ＲＣ,住宅,,,,,,,,2014年第１四半期,未改装,,7.204119982655925
22008621,中古マンション等,,22131,静岡県,浜松市中区,海老塚,浜松,10,４ＬＤＫ,85,,,,平成11年,ＳＲＣ,住宅,住宅,,,,商業地域,80.0,500.0,2017年第２四半期,改装済,,7.2552725051033065
22068952,中古マンション等,,22203,静岡県,沼津市,大岡,沼津,23,,65,,,,,ＲＣ,住宅,,,,,第２種中高層住居専用地域,60.0,200.0,2011年第１四半期,,,7.146128035678238
22063637,中古マンション等,,22203,静岡県,沼津市,大岡,沼津,15,４ＬＤＫ,90,,,,平成16年,ＳＲＣ,住宅,住宅,,,,準工業地域,60.0,200.0,2014年第４四半期,未改装,,7.447158031342219
22071195,中古マンション等,,22101,静岡県,静岡市葵区,緑町,静岡,27,３ＬＤＫ,75,,,,平成21年,ＲＣ,住宅,,,,,第２種中高層住居専用地域,60.0,200.0,2013年第３四半期,未改装,,7.491361693834273
22062860,中古マンション等,,22131,静岡県,浜松市中区,中央,浜松,11,２ＬＤＫ,70,,,,平成12年,ＲＣ,住宅,住宅,,,,商業地域,80.0,400.0,2015年第３四半期,未改装,,7.342422680822207
22017542,中古マンション等,,22135,静岡県,浜松市北区,三ヶ日町下尾奈,尾奈,18,１Ｒ,25,,,,昭和56年,ＲＣ,その他,その他,,,,市街化調整区域,60.0,200.0,2017年第３四半期,未改装,,5.698970004336019
22057955,中古マンション等,,22133,静岡県,浜松市西区,入野町,浜松,1H?1H30,３ＬＤＫ,55,,,,,ＲＣ,住宅,住宅,,,,市街化調整区域,60.0,200.0,2014年第３四半期,未改装,,6.991226075692495
22122963,中古マンション等,,22131,静岡県,浜松市中区,龍禅寺町,浜松,13,２ＬＤＫ,50,,,,平成2年,ＳＲＣ,住宅,,,,,近隣商業地域,80.0,300.0,2008年第２四半期,未改装,,6.903089986991944
22053040,中古マンション等,,22103,静岡県,静岡市清水区,楠新田,草薙(ＪＲ),10,３ＬＤＫ,65,,,,平成12年,ＲＣ,住宅,,,,,準工業地域,60.0,200.0,2014年第１四半期,,,7.146128035678238
22109829,中古マンション等,,22212,静岡県,焼津市,本町,焼津,7,３ＬＤＫ,75,,,,平成19年,ＲＣ,住宅,,,,,商業地域,80.0,400.0,2013年第４四半期,未改装,調停・競売等,6.903089986991944
22032206,中古マンション等,,22210,静岡県,富士市,吉原,吉原,30分?60分,３ＬＤＫ,65,,,,平成5年,ＳＲＣ,住宅,住宅,,,,商業地域,80.0,400.0,2019年第２四半期,改装済,,7.041392685158225
22122400,中古マンション等,,22131,静岡県,浜松市中区,城北,浜松,29,１Ｋ,15,,,,昭和60年,ＲＣ,住宅,,,,,第２種中高層住居専用地域,60.0,200.0,2008年第２四半期,改装済,,6.2552725051033065
22129583,中古マンション等,,22211,静岡県,磐田市,中泉,磐田,3,３ＬＤＫ,75,,,,平成19年,ＲＣ,住宅,,,,,商業地域,80.0,400.0,2007年第３四半期,未改装,,7.3979400086720375
22072932,中古マンション等,,22131,静岡県,浜松市中区,東伊場,浜松,25,４ＬＤＫ,85,,,,昭和62年,ＳＲＣ,住宅,,,,,近隣商業地域,80.0,300.0,2012年第２四半期,未改装,,6.977723605288848
22097284,中古マンション等,,22134,静岡県,浜松市南区,西伝寺町,浜松,30分?60分,３ＬＤＫ,70,,,,平成2年,ＳＲＣ,住宅,,,,,第１種住居地域,60.0,200.0,2009年第１四半期,改装済,,7.079181246047625
22051339,中古マンション等,,22101,静岡県,静岡市葵区,吉野町,静岡,15,３ＬＤＫ,85,,,,,ＳＲＣ,住宅,,,,,近隣商業地域,80.0,300.0,2014年第１四半期,未改装,,7.342422680822207
22069194,中古マンション等,,22101,静岡県,静岡市葵区,七間町,静岡,11,２ＬＤＫ,80,,,,平成14年,ＳＲＣ,住宅,,,,,商業地域,80.0,500.0,2013年第３四半期,,,7.431363764158987
22068855,中古マンション等,,22101,静岡県,静岡市葵区,北番町,静岡,28,４ＬＤＫ,80,,,,平成21年,ＲＣ,住宅,,,,,準工業地域,60.0,200.0,2013年第３四半期,未改装,,7.477121254719663
22072724,中古マンション等,,22131,静岡県,浜松市中区,布橋,浜松,30分?60分,１Ｋ,15,,,,昭和59年,ＲＣ,住宅,,,,,第１種住居地域,60.0,200.0,2012年第４四半期,,,6.079181246047625
22125892,中古マンション等,,22203,静岡県,沼津市,東椎路,沼津,30分?60分,３ＬＤＫ,80,,,,平成6年,ＲＣ,住宅,,,,,市街化調整区域,60.0,200.0,2008年第４四半期,未改装,,7.176091259055681
22020330,中古マンション等,,22203,静岡県,沼津市,大岡,沼津,18,３ＬＤＫ,65,,,,平成16年,ＳＲＣ,住宅,住宅,,,,準工業地域,60.0,200.0,2018年第２四半期,未改装,,7.204119982655925
22061280,中古マンション等,,22131,静岡県,浜松市中区,板屋町,浜松,6,３ＬＤＫ,110,,,,平成18年,ＲＣ,住宅,住宅,,,,商業地域,80.0,600.0,2015年第１四半期,未改装,,7.954242509439325
22033799,中古マンション等,,22211,静岡県,磐田市,中泉,磐田,15,２ＬＤＫ,60,,,,平成23年,ＲＣ,,住宅,,,,工業地域,60.0,200.0,2018年第４四半期,未改装,,7.204119982655925
22122420,中古マンション等,,22131,静岡県,浜松市中区,新津町,浜松,30分?60分,４ＬＤＫ,80,,,,平成13年,ＲＣ,住宅,,,,,第１種住居地域,60.0,200.0,2007年第４四半期,未改装,,7.3222192947339195
22020152,中古マンション等,,22203,静岡県,沼津市,内浦小海,沼津,2H?,１ＤＫ,45,,,,平成2年,ＳＲＣ,,住宅,,,,市街化調整区域,60.0,200.0,2018年第２四半期,未改装,,6.845098040014257
22059124,中古マンション等,,22131,静岡県,浜松市中区,佐鳴台,浜松,30分?60分,１Ｋ,15,,,,昭和64年,ＲＣ,住宅,,,,,第１種中高層住居専用地域,60.0,200.0,2011年第４四半期,未改装,,5.977723605288848
22082601,中古マンション等,,22132,静岡県,浜松市東区,有玉南町,天竜川,1H?1H30,４ＬＤＫ,85,,,,平成3年,ＳＲＣ,住宅,,,,,市街化調整区域,60.0,200.0,2013年第２四半期,改装済,,7.204119982655925
22096352,中古マンション等,,22133,静岡県,浜松市西区,舞阪町弁天島,弁天島,12,１ＬＤＫ,50,,,,昭和49年,ＲＣ,住宅,,,,,第１種住居地域,60.0,200.0,2009年第２四半期,改装済,,6.4623979978989565
22023798,中古マンション等,,22206,静岡県,三島市,松が丘,三島,30分?60分,２ＬＤＫ,60,,,,平成13年,ＲＣ,住宅,住宅,,,,第２種住居地域,60.0,200.0,2016年第１四半期,未改装,,7.113943352306837
22022067,中古マンション等,,22203,静岡県,沼津市,三園町,沼津,21,３ＬＤＫ,75,,,,平成21年,ＲＣ,住宅,住宅,,,,近隣商業地域,80.0,200.0,2017年第４四半期,未改装,,7.380211241711606
22003167,中古マンション等,,22101,静岡県,静岡市葵区,竜南,静岡,30分?60分,３ＬＤＫ,70,,,,平成19年,ＲＣ,住宅,住宅,,,,第２種中高層住居専用地域,60.0,200.0,2016年第１四半期,未改装,調停・競売等,7.2552725051033065
22052641,中古マンション等,,22101,静岡県,静岡市葵区,吉野町,静岡,15,１Ｋ,20,,,,昭和63年,ＲＣ,住宅,,,,,商業地域,80.0,400.0,2010年第４四半期,改装済,,6.204119982655925
22000526,中古マンション等,,22101,静岡県,静岡市葵区,春日,静岡,21,,75,,,,平成13年,,,,,,,,,,2018年第３四半期,,,7.146128035678238
22005014,中古マンション等,,22102,静岡県,静岡市駿河区,曲金,静岡,3,２ＬＤＫ,65,,,,平成22年,,住宅,住宅,,,,商業地域,80.0,500.0,2020年第３四半期,未改装,,7.491361693834273
22078689,中古マンション等,,22101,静岡県,静岡市葵区,北安東,静岡,30分?60分,３ＬＤＫ,75,,,,平成9年,ＲＣ,住宅,,,,,第２種中高層住居専用地域,60.0,200.0,2009年第１四半期,未改装,調停・競売等,7.079181246047625
22069912,中古マンション等,,22203,静岡県,沼津市,杉崎町,沼津,19,３ＬＤＫ,65,,,,昭和64年,ＳＲＣ,住宅,,,,,第２種住居地域,60.0,200.0,2011年第１四半期,改装済,,7.041392685158225
22075222,中古マンション等,,22132,静岡県,浜松市東区,中野町,浜松,1H?1H30,３ＬＤＫ＋Ｓ,55,,,,平成4年,ＲＣ,住宅,,,,,準工業地域,60.0,200.0,2012年第１四半期,改装済,,6.857332496431268
22000329,中古マンション等,,22101,静岡県,静岡市葵区,追手町,静岡,13,３ＬＤＫ,70,,,,昭和54年,ＳＲＣ,,住宅,,,,商業地域,80.0,600.0,2017年第４四半期,未改装,,7.041392685158225
22017449,中古マンション等,,22135,静岡県,浜松市北区,三ヶ日町大崎,都筑,30分?60分,２ＬＤＫ,80,,,,平成2年,ＳＲＣ,住宅,住宅,,,,市街化調整区域,60.0,200.0,2018年第４四半期,未改装,,6.863322860120456
22077849,中古マンション等,,22211,静岡県,磐田市,東新町,磐田,30分?60分,３ＬＤＫ,60,,,,平成8年,ＳＲＣ,住宅,,,,,市街化調整区域,60.0,200.0,2014年第１四半期,改装済,,6.8750612633917
22012442,中古マンション等,,22132,静岡県,浜松市東区,上西町,天竜川,21,３ＬＤＫ,70,,,,平成21年,ＲＣ,住宅,住宅,,,,第１種住居地域,60.0,200.0,2016年第２四半期,未改装,,7.3222192947339195
22006279,中古マンション等,,22103,静岡県,静岡市清水区,小芝町,清水(静岡),5,３ＬＤＫ,55,,,,平成5年,ＳＲＣ,,住宅,,,,商業地域,80.0,400.0,2019年第４四半期,改装済,,7.2552725051033065
22008929,中古マンション等,,22131,静岡県,浜松市中区,鴨江,浜松,30分?60分,２ＬＤＫ,55,,,,昭和50年,ＲＣ,住宅,住宅,,,,第２種中高層住居専用地域,60.0,200.0,2020年第１四半期,改装済,,6.838849090737256
22023556,中古マンション等,,22206,静岡県,三島市,萩,三島,30分?60分,３ＬＤＫ,65,,,,平成6年,ＲＣ,住宅,住宅,,,,第１種中高層住居専用地域,60.0,200.0,2016年第２四半期,,,6.886490725172482
22057852,中古マンション等,,22103,静岡県,静岡市清水区,本郷町,清水(静岡),6,２ＬＤＫ,40,,,,昭和49年,ＳＲＣ,住宅,,,,,商業地域,80.0,400.0,2011年第３四半期,改装済,,6.505149978319906
22070200,中古マンション等,,22131,静岡県,浜松市中区,上島,浜松,30分?60分,３ＬＤＫ,75,,,,平成15年,ＳＲＣ,住宅,,,,,第１種住居地域,60.0,200.0,2012年第１四半期,未改装,,7.204119982655925
22003745,中古マンション等,,22102,静岡県,静岡市駿河区,小鹿,東静岡,23,３ＬＤＫ,70,,,,平成13年,ＲＣ,住宅,住宅,,,,近隣商業地域,80.0,200.0,2017年第２四半期,改装済,,7.342422680822207
22011233,中古マンション等,,22131,静岡県,浜松市中区,広沢,浜松,30分?60分,２ＬＤＫ,70,,,,平成9年,,住宅,住宅,,,,第１種中高層住居専用地域,60.0,200.0,2018年第３四半期,改装済,,7.301029995663981
22110592,中古マンション等,,22213,静岡県,掛川市,中央,掛川,6,３ＬＤＫ,70,,,,平成13年,ＲＣ,住宅,,,,,近隣商業地域,80.0,200.0,2013年第２四半期,未改装,,7.230448921378274
22059189,中古マンション等,,22132,静岡県,浜松市東区,小池町,自動車学校前,4,３ＬＤＫ,75,,,,昭和64年,ＲＣ,住宅,,,,,準工業地域,60.0,200.0,2010年第４四半期,未改装,,6.944482672150168
22078547,中古マンション等,,22211,静岡県,磐田市,一言,磐田,30分?60分,３ＬＤＫ,75,,,,平成5年,ＳＲＣ,住宅,住宅,,,,市街化調整区域,60.0,200.0,2014年第３四半期,未改装,,6.778151250383644
22030423,中古マンション等,,22210,静岡県,富士市,蓼原,富士,18,３ＬＤＫ,65,,,,平成19年,ＲＣ,住宅,その他,,,,工業地域,60.0,200.0,2020年第３四半期,未改装,,7.176091259055681
22008323,中古マンション等,,22131,静岡県,浜松市中区,葵西,浜松,1H30?2H,４ＬＤＫ,80,,,,平成9年,ＲＣ,住宅,住宅,,,,第１種住居地域,60.0,200.0,2017年第３四半期,改装済,,7.361727836017593
22009230,中古マンション等,,22131,静岡県,浜松市中区,佐藤,浜松,30分?60分,３ＬＤＫ,75,,,,平成15年,ＳＲＣ,住宅,住宅,,,,第２種住居地域,60.0,200.0,2020年第３四半期,未改装,,7.176091259055681
22021133,中古マンション等,,22203,静岡県,沼津市,庄栄町,沼津,10,３ＬＤＫ,70,,,,平成4年,ＳＲＣ,,住宅,,,,準住居地域,60.0,200.0,2018年第１四半期,改装済,,7.079181246047625
22128782,中古マンション等,,22210,静岡県,富士市,中島,富士,20,１ＬＤＫ,35,,,,平成2年,ＲＣ,住宅,,,,,第１種住居地域,60.0,200.0,2007年第３四半期,未改装,,6.698970004336019
22081108,中古マンション等,,22131,静岡県,浜松市中区,西伊場町,浜松,30分?60分,１ＬＤＫ,40,,,,昭和49年,ＳＲＣ,事務所,,,,,第２種住居地域,60.0,200.0,2013年第４四半期,改装済,,6.301029995663981
22007717,中古マンション等,,22103,静岡県,静岡市清水区,馬走北,草薙(ＪＲ),29,３ＬＤＫ,65,,,,昭和52年,ＳＲＣ,住宅,住宅,,,,第２種住居地域,60.0,200.0,2020年第３四半期,改装済,,6.8750612633917
22052032,中古マンション等,,22102,静岡県,静岡市駿河区,西脇,静岡,30分?60分,２ＬＤＫ,55,,,,平成8年,ＲＣ,住宅,住宅,,,,第２種中高層住居専用地域,60.0,200.0,2014年第２四半期,改装済,,6.991226075692495
22092967,中古マンション等,,22131,静岡県,浜松市中区,和地山,浜松,30分?60分,２ＬＤＫ,55,,,,昭和49年,ＳＲＣ,住宅,,,,,近隣商業地域,80.0,200.0,2009年第１四半期,改装済,,6.477121254719663
22012578,中古マンション等,,22132,静岡県,浜松市東区,小池町,浜松,1H?1H30,,95,,,,昭和64年,ＲＣ,,住宅,,,,準工業地域,60.0,200.0,2020年第１四半期,,,6.698970004336019
22055267,中古マンション等,,22131,静岡県,浜松市中区,寺島町,浜松,12,１Ｋ,25,,,,昭和64年,ＲＣ,住宅,,,,,近隣商業地域,80.0,300.0,2014年第１四半期,改装済,,6.146128035678238
22017549,中古マンション等,,22135,静岡県,浜松市北区,三ヶ日町下尾奈,尾奈,18,１Ｒ,25,,,,昭和55年,ＲＣ,その他,その他,,,,市街化調整区域,60.0,200.0,2017年第１四半期,未改装,,5.301029995663981
22003966,中古マンション等,,22102,静岡県,静岡市駿河区,さつき町,静岡,11,３ＬＤＫ,75,,,,昭和57年,ＲＣ,住宅,住宅,,,,準工業地域,60.0,200.0,2016年第３四半期,未改装,,6.681241237375588
22079348,中古マンション等,,22131,静岡県,浜松市中区,佐鳴台,浜松,30分?60分,３ＬＤＫ,70,,,,平成7年,ＲＣ,住宅,,,,,第１種中高層住居専用地域,60.0,200.0,2013年第４四半期,改装済,,7.041392685158225
22118267,中古マンション等,,22101,静岡県,静岡市葵区,駒形通,静岡,,２ＬＤＫ,90,,,,昭和60年,,住宅,,,,,商業地域,80.0,400.0,2006年第４四半期,未改装,,7.146128035678238
22063203,中古マンション等,,22101,静岡県,静岡市葵区,千代田,静岡,30分?60分,３ＬＤＫ,85,,,,平成16年,ＲＣ,住宅,,,,,第２種中高層住居専用地域,60.0,200.0,2012年第４四半期,未改装,,7.380211241711606
22120466,中古マンション等,,22102,静岡県,静岡市駿河区,南町,静岡,1,オープンフロア,45,,,,平成15年,鉄骨造,店舗,,,,,商業地域,80.0,600.0,2007年第２四半期,未改装,,7.556302500767287
22065169,中古マンション等,,22132,静岡県,浜松市東区,神立町,浜松,30分?60分,３ＬＤＫ,60,,,,平成8年,ＲＣ,住宅,住宅,,,,第１種住居地域,60.0,200.0,2015年第４四半期,未改装,,6.919078092376074
22020254,中古マンション等,,22203,静岡県,沼津市,大岡,沼津,13,３ＬＤＫ,75,,,,平成15年,ＳＲＣ,住宅,事務所,,,,近隣商業地域,80.0,300.0,2019年第４四半期,改装済,,7.301029995663981
22009841,中古マンション等,,22131,静岡県,浜松市中区,高丘北,浜松,1H30?2H,３ＬＤＫ,80,,,,平成3年,ＲＣ,,住宅,,,,第１種住居地域,60.0,200.0,2019年第２四半期,未改装,,6.991226075692495
22021882,中古マンション等,,22203,静岡県,沼津市,平町,沼津,11,４ＬＤＫ,90,,,,平成9年,ＳＲＣ,住宅,住宅,,,,近隣商業地域,60.0,300.0,2016年第４四半期,未改装,,7.2552725051033065
22103841,中古マンション等,,22203,静岡県,沼津市,杉崎町,沼津,15,３ＬＤＫ,70,,,,平成6年,ＲＣ,住宅,,,,,第２種住居地域,60.0,200.0,2009年第３四半期,未改装,調停・競売等,7.041392685158225
22090328,中古マンション等,,22131,静岡県,浜松市中区,新津町,浜松,,３ＬＤＫ,80,,,,平成11年,ＲＣ,住宅,,,,,第１種住居地域,60.0,200.0,2009年第１四半期,未改装,,7.2552725051033065
22000522,中古マンション等,,22101,静岡県,静岡市葵区,春日,静岡,26,３ＬＤＫ,75,,,,平成9年,,住宅,住宅,,,,第１種住居地域,60.0,200.0,2019年第４四半期,未改装,,7.146128035678238
22052526,中古マンション等,,22101,静岡県,静岡市葵区,梅屋町,静岡,15,１Ｋ,25,,,,平成4年,ＲＣ,住宅,,,,,商業地域,80.0,400.0,2011年第１四半期,改装済,,6.681241237375588
22022132,中古マンション等,,22203,静岡県,沼津市,桃里,原(静岡),30分?60分,３ＬＤＫ,60,,,,平成6年,ＲＣ,住宅,住宅,,,,市街化調整区域,60.0,200.0,2017年第１四半期,改装済,,6.897627091290442
22022938,中古マンション等,,22206,静岡県,三島市,梅名,大場,18,１Ｋ,20,,,,昭和62年,ＲＣ,,住宅,,,,第１種中高層住居専用地域,60.0,150.0,2019年第１四半期,,,6.3979400086720375
22058598,中古マンション等,,22133,静岡県,浜松市西区,舞阪町弁天島,弁天島,2,３ＤＫ,50,,,,昭和51年,ＳＲＣ,住宅,住宅,,,,商業地域,80.0,400.0,2014年第２四半期,未改装,,6.477121254719663
22031692,中古マンション等,,22210,静岡県,富士市,水戸島,富士,9,３ＬＤＫ,80,,,,昭和64年,ＳＲＣ,住宅,,,,,第２種住居地域,60.0,200.0,2018年第４四半期,未改装,,6.8750612633917
22051944,中古マンション等,,22102,静岡県,静岡市駿河区,中田,静岡,20,３ＬＤＫ,70,,,,昭和61年,ＲＣ,住宅,住宅,,,,第２種中高層住居専用地域,60.0,200.0,2014年第３四半期,改装済,,7.146128035678238
22087144,中古マンション等,,22103,静岡県,静岡市清水区,宝町,草薙(ＪＲ),11,４ＬＤＫ,80,,,,平成13年,ＲＣ,住宅,,,,,商業地域,80.0,400.0,2009年第２四半期,未改装,,7.380211241711606
22020535,中古マンション等,,22203,静岡県,沼津市,大手町,沼津,6,３ＬＤＫ,80,,,,平成15年,ＳＲＣ,住宅,住宅,,,,商業地域,80.0,500.0,2020年第２四半期,改装済,,7.301029995663981
22060642,中古マンション等,,22131,静岡県,浜松市中区,元浜町,浜松,15,１ＤＫ,35,,,,平成16年,ＳＲＣ,住宅,,,,,商業地域,80.0,400.0,2011年第２四半期,未改装,,6.633468455579586
22013794,中古マンション等,,22133,静岡県,浜松市西区,入野町,浜松,1H?1H30,４ＬＤＫ,80,,,,平成21年,ＲＣ,住宅,住宅,,,,第１種中高層住居専用地域,60.0,200.0,2017年第１四半期,未改装,,7.342422680822207
22122452,中古マンション等,,22131,静岡県,浜松市中区,住吉,浜松,,３ＬＤＫ,70,,,,平成10年,ＳＲＣ,住宅,,,,,第２種中高層住居専用地域,60.0,200.0,2008年第４四半期,未改装,,7.079181246047625
22013727,中古マンション等,,22133,静岡県,浜松市西区,入野町,浜松,1H?1H30,１Ｒ,15,,,,平成2年,ＲＣ,,住宅,,,,工業地域,60.0,200.0,2019年第１四半期,未改装,,5.724275869600789
22014716,中古マンション等,,22133,静岡県,浜松市西区,舞阪町弁天島,弁天島,1,３ＬＤＫ,70,,,,平成17年,ＲＣ,住宅,住宅,,,,商業地域,80.0,400.0,2016年第４四半期,改装済,,7.204119982655925
22060918,中古マンション等,,22135,静岡県,浜松市北区,三ヶ日町都筑,東都筑,21,１Ｋ,25,,,,昭和47年,ＳＲＣ,住宅,,,,,市街化調整区域,60.0,200.0,2014年第３四半期,未改装,,6.041392685158225
22021485,中古マンション等,,22203,静岡県,沼津市,西沢田,沼津,30分?60分,２ＬＤＫ＋Ｓ,70,,,,,ＲＣ,住宅,住宅,,,,工業地域,60.0,200.0,2020年第３四半期,改装済,,7.079181246047625
22057909,中古マンション等,,22103,静岡県,静岡市清水区,万世町,清水(静岡),15,２ＬＤＫ,85,,,,平成17年,ＲＣ,住宅,,,,,商業地域,,,2011年第３四半期,未改装,,7.4623979978989565
22002870,中古マンション等,,22101,静岡県,静岡市葵区,南安倍,静岡,25,２ＬＤＫ,65,,,,平成12年,,住宅,住宅,,,,近隣商業地域,80.0,300.0,2019年第４四半期,改装済,,7.301029995663981
22005080,中古マンション等,,22102,静岡県,静岡市駿河区,曲金,東静岡,5,３ＬＤＫ,75,,,,平成27年,,,住宅,,,,商業地域,80.0,400.0,2018年第４四半期,,,7.491361693834273
22089261,中古マンション等,,22211,静岡県,磐田市,上本郷,豊田町,5,４ＬＤＫ,80,,,,平成9年,ＳＲＣ,住宅,,,,,近隣商業地域,80.0,200.0,2015年第３四半期,改装済,,7.3222192947339195
22072075,中古マンション等,,22131,静岡県,浜松市中区,常盤町,浜松,15,３ＬＤＫ,70,,,,平成10年,ＳＲＣ,住宅,,,,,商業地域,80.0,500.0,2012年第２四半期,未改装,,7.342422680822207
22073377,中古マンション等,,22131,静岡県,浜松市中区,龍禅寺町,浜松,19,３ＬＤＫ,70,,,,平成9年,ＲＣ,住宅,,,,,第２種住居地域,60.0,200.0,2012年第１四半期,未改装,,7.041392685158225
22012064,中古マンション等,,22132,静岡県,浜松市東区,市野町,浜松,1H30?2H,３ＬＤＫ,60,,,,平成5年,ＲＣ,住宅,住宅,,,,第１種住居地域,60.0,200.0,2017年第１四半期,改装済,,6.903089986991944
22051936,中古マンション等,,22101,静岡県,静岡市葵区,瀬名川,草薙(ＪＲ),30分?60分,３ＬＤＫ,65,,,,平成15年,ＲＣ,住宅,,,,,第２種中高層住居専用地域,60.0,200.0,2010年第３四半期,改装済,,7.2552725051033065
22069060,中古マンション等,,22206,静岡県,三島市,広小路町,三島広小路,2,１Ｋ,40,,,,平成20年,ＲＣ,住宅,,,,,商業地域,80.0,400.0,2010年第１四半期,改装済,,7.230448921378274
22058318,中古マンション等,,22131,静岡県,浜松市中区,広沢,浜松,30分?60分,３ＬＤＫ,90,,,,平成13年,ＲＣ,住宅,,,,,第１種中高層住居専用地域,60.0,200.0,2010年第１四半期,未改装,,7.568201724066995
22009487,中古マンション等,,22131,静岡県,浜松市中区,十軒町,浜松,30分?60分,３ＬＤＫ,70,,,,平成10年,ＲＣ,住宅,その他,,,,第１種住居地域,60.0,200.0,2016年第１四半期,未改装,,7.113943352306837
22013015,中古マンション等,,22132,静岡県,浜松市東区,天王町,浜松,1H?1H30,３ＬＤＫ,85,,,,平成2年,ＲＣ,住宅,,,,,第１種住居地域,60.0,200.0,2016年第３四半期,未改装,,6.929418925714293
22009857,中古マンション等,,22131,静岡県,浜松市中区,高丘北,浜松,1H30?2H,３ＬＤＫ,80,,,,平成4年,,,住宅,,,,第１種住居地域,60.0,200.0,2018年第１四半期,未改装,,7.041392685158225
22013270,中古マンション等,,22132,静岡県,浜松市東区,西ケ崎町,浜松,1H30?2H,２ＬＤＫ,50,,,,,鉄骨造,住宅,住宅,,,,市街化調整区域,60.0,200.0,2017年第１四半期,未改装,,6.812913356642856
22106465,中古マンション等,,22210,静岡県,富士市,平垣本町,富士,15,３ＤＫ,50,,,,昭和54年,ＲＣ,住宅,,,,,近隣商業地域,80.0,200.0,2013年第３四半期,改装済,,6.477121254719663
22057174,中古マンション等,,22131,静岡県,浜松市中区,新津町,浜松,30分?60分,３ＬＤＫ,70,,,,平成6年,ＲＣ,住宅,,,,,第１種住居地域,60.0,200.0,2010年第３四半期,改装済,,7.204119982655925
22080808,中古マンション等,,22211,静岡県,磐田市,立野,豊田町,1,３ＬＤＫ,70,,,,平成11年,ＳＲＣ,住宅,,,,,近隣商業地域,80.0,200.0,2010年第３四半期,未改装,,7.230448921378274
22129571,中古マンション等,,22211,静岡県,磐田市,中泉,磐田,2,３ＬＤＫ,75,,,,平成19年,ＲＣ,住宅,,,,,商業地域,80.0,400.0,2007年第３四半期,未改装,,7.414973347970818
22054664,中古マンション等,,22101,静岡県,静岡市葵区,安東,静岡,30分?60分,３ＬＤＫ,75,,,,平成21年,ＲＣ,住宅,住宅,,,,第１種中高層住居専用地域,60.0,200.0,2015年第３四半期,未改装,,7.518513939877887
22020937,中古マンション等,,22203,静岡県,沼津市,三枚橋町,沼津,9,３ＬＤＫ,80,,,,平成18年,ＲＣ,住宅,住宅,,,,近隣商業地域,80.0,300.0,2019年第３四半期,未改装,,7.431363764158987
22122150,中古マンション等,,22131,静岡県,浜松市中区,上島,上島,13,３ＬＤＫ,85,,,,昭和63年,ＳＲＣ,住宅,,,,,第１種中高層住居専用地域,60.0,200.0,2008年第２四半期,未改装,,7.176091259055681
22007527,中古マンション等,,22103,静岡県,静岡市清水区,半左衛門新田,草薙(ＪＲ),25,３ＬＤＫ,70,,,,昭和56年,ＳＲＣ,住宅,住宅,,,,準住居地域,60.0,200.0,2017年第１四半期,改装済,,6.903089986991944
22059679,中古マンション等,,22131,静岡県,浜松市中区,高丘東,浜松,1H30?2H,３ＤＫ,60,,,,昭和64年,ＲＣ,住宅,,,,,第１種住居地域,60.0,200.0,2011年第４四半期,改装済,,6.991226075692495
22078326,中古マンション等,,22211,静岡県,磐田市,中泉,磐田,2,３ＬＤＫ,75,,,,平成19年,ＲＣ,住宅,住宅,,,,商業地域,80.0,400.0,2014年第２四半期,未改装,,7.361727836017593
22078449,中古マンション等,,22101,静岡県,静岡市葵区,川辺町,静岡,6,１ＤＫ,35,,,,平成2年,ＳＲＣ,住宅,,,,,商業地域,80.0,400.0,2009年第３四半期,未改装,,6.7160033436347994
22070059,中古マンション等,,22135,静岡県,浜松市北区,三ヶ日町都筑,都筑,30分?60分,１ＬＤＫ,50,,,,平成2年,ＳＲＣ,住宅,住宅,,,,市街化調整区域,60.0,200.0,2015年第４四半期,未改装,,6.6020599913279625
22125606,中古マンション等,,22203,静岡県,沼津市,三枚橋町,沼津,6,４ＬＤＫ,85,,,,平成14年,ＳＲＣ,住宅,,,,,商業地域,80.0,500.0,2008年第２四半期,未改装,,7.477121254719663
22104131,中古マンション等,,22203,静岡県,沼津市,西島町,沼津,18,３ＬＤＫ,80,,,,昭和62年,ＳＲＣ,住宅,,,,,準工業地域,60.0,200.0,2009年第４四半期,未改装,,7.113943352306837
22129587,中古マンション等,,22211,静岡県,磐田市,中泉,磐田,3,４ＬＤＫ,100,,,,平成19年,ＲＣ,住宅,,,,,商業地域,80.0,400.0,2007年第３四半期,未改装,,7.5910646070264995
22002316,中古マンション等,,22101,静岡県,静岡市葵区,西千代田町,静岡,30分?60分,２ＬＤＫ,45,,,,,ＲＣ,,住宅,,,,第１種中高層住居専用地域,60.0,200.0,2020年第２四半期,,,6.845098040014257
22012106,中古マンション等,,22132,静岡県,浜松市東区,植松町,浜松,30分?60分,１ＬＤＫ,40,,,,昭和49年,ＲＣ,住宅,住宅,,,,第１種住居地域,60.0,200.0,2018年第４四半期,改装済,,6.230448921378274
22119496,中古マンション等,,22102,静岡県,静岡市駿河区,鎌田,安倍川,8,３ＬＤＫ,85,,,,平成10年,ＲＣ,住宅,,,,,第２種住居地域,60.0,200.0,2007年第２四半期,未改装,,7.2552725051033065
22008560,中古マンション等,,22131,静岡県,浜松市中区,板屋町,浜松,10,３ＬＤＫ,70,,,,平成13年,ＲＣ,住宅,住宅,,,,商業地域,80.0,400.0,2018年第２四半期,未改装,,7.2552725051033065
22021162,中古マンション等,,22203,静岡県,沼津市,新沢田町,沼津,26,３ＬＤＫ,90,,,,昭和63年,ＲＣ,住宅,住宅,,,,準工業地域,60.0,200.0,2016年第３四半期,未改装,調停・競売等,7.0
22093747,中古マンション等,,22203,静岡県,沼津市,大岡,沼津,18,３ＬＤＫ,70,,,,平成7年,ＲＣ,住宅,,,,,第２種住居地域,60.0,200.0,2013年第１四半期,改装済,,7.146128035678238
22070413,中古マンション等,,22131,静岡県,浜松市中区,鴨江,浜松,20,３ＬＤＫ,80,,,,平成15年,ＲＣ,住宅,,,,,第２種中高層住居専用地域,60.0,200.0,2012年第３四半期,未改装,,7.342422680822207
22099736,中古マンション等,,22135,静岡県,浜松市北区,三ヶ日町下尾奈,尾奈,17,,45,,,,昭和56年,ＲＣ,その他,,,,,市街化調整区域,60.0,200.0,2009年第３四半期,未改装,,6.6020599913279625
22011779,中古マンション等,,22131,静岡県,浜松市中区,和地山,浜松,30分?60分,３ＬＤＫ,55,,,,昭和49年,ＳＲＣ,住宅,住宅,,,,近隣商業地域,80.0,200.0,2018年第１四半期,未改装,,6.301029995663981
22124671,中古マンション等,,22135,静岡県,浜松市北区,三ヶ日町都筑,都筑,25,１Ｋ,25,,,,昭和49年,ＳＲＣ,住宅,,,,,市街化調整区域,60.0,200.0,2008年第４四半期,改装済,,6.176091259055681
22124080,中古マンション等,,22134,静岡県,浜松市南区,恩地町,浜松,30分?60分,３ＬＤＫ,85,,,,昭和57年,ＲＣ,住宅,,,,,第１種住居地域,60.0,200.0,2007年第３四半期,未改装,,6.949390006644912
22064598,中古マンション等,,22134,静岡県,浜松市南区,三島町,浜松,21,３ＬＤＫ,80,,,,平成19年,ＲＣ,住宅,,,,,第１種住居地域,60.0,200.0,2011年第１四半期,未改装,,7.301029995663981
22017736,中古マンション等,,22135,静岡県,浜松市北区,三ヶ日町都筑,東都筑,23,２ＬＤＫ,120,,,,,,,住宅,,,,市街化調整区域,,,2020年第１四半期,未改装,,7.041392685158225
22017639,中古マンション等,,22135,静岡県,浜松市北区,三ヶ日町都筑,都筑,26,１ＬＤＫ,70,,,,昭和59年,ＲＣ,住宅,,,,,市街化調整区域,60.0,200.0,2020年第１四半期,未改装,,6.0
22097199,中古マンション等,,22206,静岡県,三島市,梅名,三島,30分?60分,１Ｋ,20,,,,昭和62年,ＲＣ,住宅,,,,,第２種中高層住居専用地域,60.0,200.0,2013年第３四半期,改装済,,6.477121254719663
22062120,中古マンション等,,22131,静岡県,浜松市中区,佐鳴台,浜松,30分?60分,１Ｋ,15,,,,,ＲＣ,住宅,住宅,,,,第１種中高層住居専用地域,60.0,200.0,2015年第３四半期,未改装,,6.041392685158225
22056956,中古マンション等,,22101,静岡県,静岡市葵区,竜南,静岡,30分?60分,２ＬＤＫ,60,,,,昭和52年,ＲＣ,住宅,住宅,,,,第２種中高層住居専用地域,60.0,200.0,2015年第２四半期,改装済,,6.903089986991944
22060730,中古マンション等,,22131,静岡県,浜松市中区,龍禅寺町,浜松,18,２ＬＤＫ,50,,,,平成2年,ＲＣ,住宅,,,,,第２種住居地域,60.0,200.0,2011年第４四半期,改装済,,6.832508912706237
22012571,中古マンション等,,22132,静岡県,浜松市東区,小池町,浜松,1H?1H30,２ＬＤＫ,65,,,,昭和64年,,住宅,住宅,,,,準工業地域,60.0,200.0,2020年第３四半期,未改装,,7.146128035678238
22078480,中古マンション等,,22131,静岡県,浜松市中区,上島,上島,13,３ＬＤＫ,65,,,,平成10年,ＳＲＣ,住宅,,,,,第１種住居地域,60.0,200.0,2013年第２四半期,改装済,,7.146128035678238
22066903,中古マンション等,,22133,静岡県,浜松市西区,舞阪町弁天島,浜松,2H?,３ＬＤＫ,55,,,,昭和51年,ＳＲＣ,住宅,その他,,,,商業地域,80.0,400.0,2015年第３四半期,改装済,,6.778151250383644
22055630,中古マンション等,,22131,静岡県,浜松市中区,西伊場町,浜松,30分?60分,１ＤＫ,35,,,,昭和49年,ＳＲＣ,住宅,住宅,,,,第２種住居地域,60.0,200.0,2014年第４四半期,改装済,,6.5910646070264995
22098360,中古マンション等,,22206,静岡県,三島市,本町,三島,13,３ＬＤＫ,80,,,,平成13年,ＳＲＣ,住宅,,,,,商業地域,80.0,400.0,2013年第２四半期,改装済,,7.380211241711606
22068938,中古マンション等,,22203,静岡県,沼津市,大岡,沼津,1H?1H30,３ＬＤＫ,60,,,,平成11年,ＲＣ,住宅,,,,,第２種中高層住居専用地域,60.0,150.0,2011年第２四半期,未改装,調停・競売等,6.929418925714293
22106451,中古マンション等,,22210,静岡県,富士市,平垣町,富士,15,３ＬＤＫ,65,,,,昭和59年,ＲＣ,住宅,,,,,近隣商業地域,80.0,300.0,2013年第４四半期,未改装,,6.447158031342219
22021192,中古マンション等,,22203,静岡県,沼津市,新宿町,沼津,8,４ＬＤＫ,85,,,,平成13年,ＳＲＣ,住宅,住宅,,,,商業地域,80.0,400.0,2016年第２四半期,未改装,,7.301029995663981
22089171,中古マンション等,,22131,静岡県,浜松市中区,板屋町,浜松,8,２ＬＤＫ,70,,,,平成13年,ＲＣ,住宅,,,,,商業地域,80.0,400.0,2009年第３四半期,改装済,,7.380211241711606
22119343,中古マンション等,,22102,静岡県,静岡市駿河区,池田,東静岡,11,４ＬＤＫ,75,,,,平成13年,ＲＣ,住宅,,,,,近隣商業地域,80.0,300.0,2006年第２四半期,改装済,,7.3979400086720375
22004529,中古マンション等,,22102,静岡県,静岡市駿河区,中島,静岡,30分?60分,３ＬＤＫ,90,,,,平成13年,,住宅,住宅,,,,準工業地域,60.0,200.0,2019年第２四半期,未改装,,7.113943352306837
22021312,中古マンション等,,22203,静岡県,沼津市,高沢町,沼津,7,３ＬＤＫ,70,,,,平成14年,ＲＣ,住宅,住宅,,,,商業地域,80.0,400.0,2017年第１四半期,未改装,,7.278753600952829
22063178,中古マンション等,,22131,静岡県,浜松市中区,中沢町,浜松,30分?60分,１ＤＫ,15,,,,昭和60年,ＲＣ,住宅,住宅,,,,第２種中高層住居専用地域,60.0,200.0,2015年第４四半期,未改装,,6.707570176097937
22059632,中古マンション等,,22131,静岡県,浜松市中区,高丘西,浜松,1H30?2H,２ＬＤＫ＋Ｓ,55,,,,昭和64年,ＲＣ,住宅,,,,,第１種住居地域,60.0,200.0,2011年第１四半期,未改装,,6.812913356642856
22076645,中古マンション等,,22206,静岡県,三島市,寿町,三島,6,２ＬＤＫ,65,,,,平成2年,ＲＣ,その他,住宅,,,,近隣商業地域,80.0,200.0,2015年第２四半期,未改装,,6.653212513775344
22056864,中古マンション等,,22131,静岡県,浜松市中区,幸,浜松,30分?60分,３ＬＤＫ,75,,,,平成19年,ＲＣ,住宅,,,,,第２種住居地域,60.0,200.0,2010年第２四半期,未改装,,5.977723605288848
22056249,中古マンション等,,22101,静岡県,静岡市葵区,長沼,東静岡,11,,75,,,,,ＲＣ,住宅,住宅,,,,第１種住居地域,,,2015年第１四半期,,,7.342422680822207
22071199,中古マンション等,,22101,静岡県,静岡市葵区,緑町,静岡,1H?1H30,２ＬＤＫ,60,,,,平成3年,ＲＣ,住宅,,,,,第１種中高層住居専用地域,60.0,200.0,2013年第１四半期,改装済,,7.041392685158225
22057595,中古マンション等,,22102,静岡県,静岡市駿河区,さつき町,静岡,14,３ＬＤＫ,60,,,,昭和55年,ＲＣ,住宅,住宅,,,,準工業地域,60.0,200.0,2015年第２四半期,改装済,,6.863322860120456
22007168,中古マンション等,,22103,静岡県,静岡市清水区,辻,清水(静岡),1,３ＬＤＫ,80,,,,平成24年,ＲＣ,住宅,住宅,,,,商業地域,80.0,500.0,2017年第３四半期,改装済,,7.491361693834273
22063447,中古マンション等,,22133,静岡県,浜松市西区,舞阪町弁天島,弁天島,10,３ＬＤＫ,50,,,,昭和49年,ＳＲＣ,住宅,,,,,第１種住居地域,60.0,200.0,2011年第１四半期,改装済,,6.6127838567197355
22120908,中古マンション等,,22103,静岡県,静岡市清水区,小芝町,清水(静岡),8,４ＬＤＫ,80,,,,平成14年,,住宅,,,,,,,,2006年第４四半期,未改装,,7.380211241711606
22062034,中古マンション等,,22131,静岡県,浜松市中区,佐藤,浜松,21,３ＬＤＫ,75,,,,平成21年,ＲＣ,住宅,住宅,,,,商業地域,80.0,400.0,2015年第１四半期,未改装,,7.4623979978989565
22039521,中古マンション等,,22214,静岡県,藤枝市,田沼,藤枝,7,３ＬＤＫ,85,,,,平成20年,ＲＣ,,住宅,,,,第２種住居地域,60.0,200.0,2019年第１四半期,未改装,,7.431363764158987
22017553,中古マンション等,,22135,静岡県,浜松市北区,三ヶ日町下尾奈,尾奈,16,１Ｒ,25,,,,昭和56年,ＲＣ,その他,その他,,,,市街化調整区域,60.0,200.0,2017年第１四半期,未改装,,5.0
22002127,中古マンション等,,22101,静岡県,静岡市葵区,天王町,静岡,15,１Ｋ,15,,,,昭和59年,ＲＣ,住宅,住宅,,,,商業地域,80.0,400.0,2016年第２四半期,未改装,,6.505149978319906
22089204,中古マンション等,,22131,静岡県,浜松市中区,海老塚,浜松,11,３ＬＤＫ,75,,,,昭和49年,ＳＲＣ,住宅,,,,,第１種住居地域,60.0,200.0,2009年第４四半期,未改装,,6.863322860120456
22054344,中古マンション等,,22103,静岡県,静岡市清水区,江尻東,清水(静岡),4,３ＬＤＫ,75,,,,平成9年,ＲＣ,住宅,,,,,商業地域,60.0,200.0,2010年第３四半期,改装済,,6.0
22032141,中古マンション等,,22210,静岡県,富士市,柚木,富士,15,３ＬＤＫ,70,,,,平成11年,ＲＣ,住宅,住宅,,,,第１種住居地域,60.0,200.0,2016年第４四半期,未改装,,7.176091259055681
22119242,中古マンション等,,22101,静岡県,静岡市葵区,竜南,静岡,30分?60分,４ＬＤＫ,80,,,,平成20年,ＲＣ,住宅,,,,,第２種中高層住居専用地域,60.0,200.0,2008年第１四半期,改装済,,7.544068044350276
22075490,中古マンション等,,22103,静岡県,静岡市清水区,神田町,清水(静岡),30分?60分,３ＬＤＫ,70,,,,平成10年,ＲＣ,住宅,,,,,第１種住居地域,60.0,200.0,2013年第１四半期,未改装,,7.113943352306837
22117936,中古マンション等,,22101,静岡県,静岡市葵区,春日,静岡,23,３ＬＤＫ,65,,,,平成9年,ＲＣ,住宅,,,,,第１種住居地域,60.0,200.0,2008年第３四半期,未改装,,7.278753600952829
22051357,中古マンション等,,22101,静岡県,静岡市葵区,追手町,静岡,13,２ＬＤＫ,55,,,,昭和54年,ＳＲＣ,住宅,,,,,商業地域,80.0,600.0,2010年第４四半期,,,6.977723605288848
22013765,中古マンション等,,22133,静岡県,浜松市西区,入野町,浜松,1H?1H30,２ＬＤＫ,55,,,,平成6年,,住宅,,,,,市街化調整区域,60.0,200.0,2018年第１四半期,未改装,,6.977723605288848
22080956,中古マンション等,,22131,静岡県,浜松市中区,中島,浜松,14,１Ｋ,20,,,,平成3年,ＲＣ,住宅,,,,,近隣商業地域,80.0,200.0,2013年第３四半期,,,6.662757831681574
22010085,中古マンション等,,22131,静岡県,浜松市中区,高丘東,浜松,1H30?2H,,60,,,,,ＲＣ,住宅,,,,,工業地域,60.0,200.0,2016年第２四半期,,,6.623249290397901
22008808,中古マンション等,,22131,静岡県,浜松市中区,上島,浜松,30分?60分,２ＤＫ,60,,,,平成6年,ＲＣ,住宅,住宅,,,,第１種住居地域,60.0,200.0,2016年第４四半期,改装済,,6.954242509439325
22012461,中古マンション等,,22132,静岡県,浜松市東区,上西町,浜松,30分?60分,４ＬＤＫ,95,,,,平成15年,ＲＣ,住宅,住宅,,,,工業地域,60.0,200.0,2018年第４四半期,改装済,,7.3222192947339195
22023771,中古マンション等,,22206,静岡県,三島市,本町,三島広小路,2,３ＬＤＫ,65,,,,,,,住宅,,,,商業地域,80.0,400.0,2018年第４四半期,未改装,,7.491361693834273
22060245,中古マンション等,,22131,静岡県,浜松市中区,西伊場町,浜松,30分?60分,１ＬＤＫ,65,,,,昭和58年,ＲＣ,住宅,,,,,第１種中高層住居専用地域,60.0,200.0,2011年第４四半期,未改装,,6.886490725172482
22052459,中古マンション等,,22101,静岡県,静岡市葵区,南安倍,静岡,26,１Ｋ,20,,,,平成3年,ＲＣ,住宅,,,,,近隣商業地域,80.0,300.0,2010年第３四半期,未改装,,6.3222192947339195
22021787,中古マンション等,,22203,静岡県,沼津市,東椎路,沼津,30分?60分,４ＬＤＫ,80,,,,平成3年,ＲＣ,,住宅,,,,第２種中高層住居専用地域,60.0,150.0,2020年第２四半期,改装済,,6.986771734266245
22051828,中古マンション等,,22102,静岡県,静岡市駿河区,東新田,安倍川,18,３ＬＤＫ,60,,,,平成10年,ＲＣ,住宅,住宅,,,,第１種中高層住居専用地域,60.0,200.0,2014年第３四半期,改装済,,7.176091259055681
22032175,中古マンション等,,22210,静岡県,富士市,横割本町,富士,4,３ＬＤＫ,70,,,,平成24年,ＲＣ,住宅,住宅,,,,商業地域,80.0,400.0,2020年第１四半期,未改装,,7.2552725051033065
22061348,中古マンション等,,22131,静岡県,浜松市中区,鍛冶町,浜松,8,オープンフロア,50,,,,平成12年,鉄骨造,店舗,店舗,,,,商業地域,80.0,400.0,2015年第１四半期,改装済,,7.301029995663981
22010129,中古マンション等,,22131,静岡県,浜松市中区,高町,浜松,23,３ＬＤＫ,85,,,,平成26年,ＲＣ,住宅,住宅,,,,第２種住居地域,60.0,200.0,2017年第４四半期,未改装,,7.568201724066995
22022207,中古マンション等,,22203,静岡県,沼津市,米山町,沼津,9,３ＬＤＫ,85,,,,平成9年,ＲＣ,住宅,住宅,,,,準住居地域,60.0,200.0,2016年第４四半期,未改装,,7.204119982655925
22017433,中古マンション等,,22135,静岡県,浜松市北区,三ヶ日町大崎,都筑,30分?60分,１ＬＤＫ,40,,,,昭和61年,ＲＣ,住宅,住宅,,,,市街化調整区域,60.0,200.0,2020年第３四半期,未改装,,6.447158031342219
22001009,中古マンション等,,22101,静岡県,静岡市葵区,北安東,静岡,30分?60分,１ＬＤＫ,55,,,,,ＲＣ,住宅,住宅,,,,第１種中高層住居専用地域,60.0,200.0,2016年第４四半期,,,7.3979400086720375
22123884,中古マンション等,,22133,静岡県,浜松市西区,舞阪町弁天島,弁天島,3,４ＬＤＫ,95,,,,平成14年,ＳＲＣ,住宅,,,,,商業地域,80.0,400.0,2007年第３四半期,未改装,,7.3979400086720375
22061048,中古マンション等,,22131,静岡県,浜松市中区,葵西,浜松,1H30?2H,３ＬＤＫ,65,,,,平成3年,ＲＣ,住宅,住宅,,,,第１種住居地域,60.0,200.0,2015年第１四半期,未改装,,6.977723605288848
22009076,中古マンション等,,22131,静岡県,浜松市中区,北寺島町,浜松,13,３ＬＤＫ,75,,,,平成15年,ＲＣ,住宅,住宅,,,,第２種住居地域,60.0,200.0,2019年第１四半期,未改装,,7.2552725051033065
22080333,中古マンション等,,22135,静岡県,浜松市北区,三ヶ日町都筑,都筑,29,２ＬＤＫ,70,,,,平成2年,ＳＲＣ,住宅,,,,,市街化調整区域,60.0,200.0,2012年第３四半期,未改装,,6.6020599913279625
22000940,中古マンション等,,22101,静岡県,静岡市葵区,北安東,静岡,30分?60分,３ＬＤＫ,70,,,,平成12年,,,住宅,,,,第２種中高層住居専用地域,60.0,200.0,2019年第３四半期,未改装,,7.2552725051033065
22010124,中古マンション等,,22131,静岡県,浜松市中区,高町,浜松,16,,80,,,,平成30年,ＲＣ,住宅,住宅,,,,近隣商業地域,80.0,300.0,2019年第４四半期,未改装,,7.5910646070264995
22038395,中古マンション等,,22214,静岡県,藤枝市,駅前,藤枝,4,２ＬＤＫ,85,,,,,ＲＣ,住宅,住宅,,,,商業地域,80.0,400.0,2017年第１四半期,未改装,,7.505149978319906
22091985,中古マンション等,,22131,静岡県,浜松市中区,野口町,八幡(静岡),5,２ＬＤＫ,50,,,,昭和55年,ＲＣ,住宅,,,,,近隣商業地域,80.0,200.0,2009年第１四半期,,,6.57978359661681
22032230,中古マンション等,,22210,静岡県,富士市,吉原,吉原本町,12,３ＬＤＫ,60,,,,平成5年,ＳＲＣ,住宅,住宅,,,,商業地域,80.0,400.0,2018年第１四半期,未改装,,6.977723605288848
22122175,中古マンション等,,22131,静岡県,浜松市中区,上島,浜松,30分?60分,３ＬＤＫ,60,,,,平成6年,ＲＣ,住宅,,,,,第１種住居地域,60.0,200.0,2008年第１四半期,未改装,,7.113943352306837
22126446,中古マンション等,,22206,静岡県,三島市,中,三島二日町,15,３ＬＤＫ,70,,,,,ＲＣ,住宅,,,,,第１種中高層住居専用地域,60.0,200.0,2008年第４四半期,未改装,調停・競売等,6.690196080028514
22068959,中古マンション等,,22203,静岡県,沼津市,大岡,三島,30分?60分,４ＬＤＫ,85,,,,平成15年,ＲＣ,住宅,,,,,第１種住居地域,60.0,200.0,2011年第２四半期,改装済,,7.3979400086720375
22051560,中古マンション等,,22102,静岡県,静岡市駿河区,小鹿,東静岡,19,３ＬＤＫ,75,,,,平成13年,ＲＣ,住宅,住宅,,,,近隣商業地域,80.0,200.0,2014年第２四半期,改装済,,7.3222192947339195
22058594,中古マンション等,,22131,静岡県,浜松市中区,春日町,浜松,30分?60分,４ＬＤＫ,80,,,,平成6年,ＲＣ,住宅,,,,,第１種住居地域,60.0,200.0,2011年第２四半期,未改装,,6.903089986991944
22010216,中古マンション等,,22131,静岡県,浜松市中区,中央,浜松,9,３ＬＤＫ,85,,,,平成12年,ＲＣ,住宅,住宅,,,,商業地域,80.0,400.0,2016年第４四半期,改装済,,7.4623979978989565
22055248,中古マンション等,,22131,静岡県,浜松市中区,寺島町,浜松,11,１ＬＤＫ,20,,,,,ＲＣ,住宅,住宅,,,,近隣商業地域,80.0,300.0,2014年第４四半期,改装済,,6.204119982655925
22013014,中古マンション等,,22132,静岡県,浜松市東区,天王町,浜松,1H?1H30,,60,,,,平成4年,ＳＲＣ,住宅,住宅,,,,第１種住居地域,60.0,200.0,2016年第３四半期,,,6.845098040014257
22094735,中古マンション等,,22203,静岡県,沼津市,新宿町,沼津,6,,65,,,,,ＳＲＣ,住宅,,,,,商業地域,80.0,400.0,2013年第４四半期,未改装,,6.845098040014257
22056392,中古マンション等,,22131,静岡県,浜松市中区,板屋町,浜松,5,３ＬＤＫ,110,,,,平成18年,ＲＣ,住宅,,,,,商業地域,80.0,600.0,2010年第３四半期,未改装,,7.832508912706237
22078439,中古マンション等,,22134,静岡県,浜松市南区,楊子町,浜松,20,３ＬＤＫ,70,,,,平成13年,ＲＣ,住宅,,,,,第１種住居地域,60.0,200.0,2012年第１四半期,未改装,,7.113943352306837
22008839,中古マンション等,,22131,静岡県,浜松市中区,上島,浜松,30分?60分,,60,,,,平成6年,ＲＣ,住宅,住宅,,,,第１種住居地域,60.0,200.0,2016年第１四半期,未改装,,6.99563519459755
22010139,中古マンション等,,22131,静岡県,浜松市中区,田町,浜松,7,２ＬＤＫ,90,,,,平成18年,ＲＣ,住宅,住宅,,,,商業地域,80.0,600.0,2018年第２四半期,改装済,,7.672097857935717
22073661,中古マンション等,,22203,静岡県,沼津市,大手町,沼津,3,,55,,,,,ＲＣ,住宅,事務所,,,,商業地域,80.0,500.0,2015年第１四半期,未改装,,7.2552725051033065
22024145,中古マンション等,,22207,静岡県,富士宮市,朝日町,西富士宮,15,３ＬＤＫ,60,,,,,ＲＣ,住宅,住宅,,,,第２種住居地域,60.0,200.0,2018年第４四半期,未改装,,6.778151250383644
22057680,中古マンション等,,22131,静岡県,浜松市中区,中央,浜松,13,３ＬＤＫ,80,,,,平成16年,ＳＲＣ,住宅,,,,,商業地域,80.0,400.0,2010年第４四半期,未改装,,7.431363764158987
22090882,中古マンション等,,22207,静岡県,富士宮市,東町,富士宮,3,４ＬＤＫ,100,,,,平成18年,ＳＲＣ,住宅,,,,,近隣商業地域,80.0,200.0,2012年第１四半期,未改装,,7.361727836017593
22079652,中古マンション等,,22101,静岡県,静岡市葵区,瀬名,新蒲原,30分?60分,２ＤＫ,45,,,,昭和47年,ＲＣ,住宅,,,,,第１種中高層住居専用地域,60.0,150.0,2009年第２四半期,未改装,,6.6020599913279625
22123560,中古マンション等,,22133,静岡県,浜松市西区,入野町,浜松,1H?1H30,１Ｋ,15,,,,平成2年,ＲＣ,住宅,,,,,工業地域,60.0,200.0,2008年第２四半期,未改装,,6.361727836017593
22010721,中古マンション等,,22131,静岡県,浜松市中区,成子町,浜松,14,３ＬＤＫ,85,,,,平成8年,ＳＲＣ,住宅,,,,,第１種中高層住居専用地域,60.0,200.0,2017年第１四半期,,,7.0
22008979,中古マンション等,,22131,静岡県,浜松市中区,鴨江,浜松,29,３ＬＤＫ,65,,,,平成9年,ＳＲＣ,住宅,住宅,,,,第１種中高層住居専用地域,60.0,200.0,2018年第２四半期,,,7.041392685158225
22015983,中古マンション等,,22134,静岡県,浜松市南区,東若林町,浜松,30分?60分,１Ｋ,20,,,,平成2年,ＲＣ,住宅,その他,,,,第１種住居地域,60.0,200.0,2017年第２四半期,未改装,,6.146128035678238
22011399,中古マンション等,,22131,静岡県,浜松市中区,元浜町,浜松,15,２ＬＤＫ,75,,,,平成20年,ＲＣ,住宅,住宅,,,,商業地域,80.0,500.0,2017年第３四半期,改装済,,7.477121254719663
22067063,中古マンション等,,22203,静岡県,沼津市,原町中,原(静岡),18,３ＬＤＫ,70,,,,平成12年,ＲＣ,住宅,,,,,第２種住居地域,60.0,200.0,2010年第１四半期,未改装,,7.204119982655925
22089257,中古マンション等,,22211,静岡県,磐田市,上本郷,豊田町,1,３ＬＤＫ,70,,,,平成9年,ＳＲＣ,住宅,住宅,,,,近隣商業地域,80.0,200.0,2015年第４四半期,改装済,,7.2552725051033065
22011476,中古マンション等,,22131,静岡県,浜松市中区,龍禅寺町,浜松,12,１ＬＤＫ,65,,,,平成2年,ＳＲＣ,住宅,住宅,,,,近隣商業地域,80.0,300.0,2020年第２四半期,改装済,,7.0
22059549,中古マンション等,,22131,静岡県,浜松市中区,高丘北,浜松,1H30?2H,４ＬＤＫ,85,,,,平成20年,ＲＣ,住宅,,,,,第２種中高層住居専用地域,60.0,200.0,2011年第４四半期,未改装,,7.2552725051033065
22008406,中古マンション等,,22131,静岡県,浜松市中区,旭町,浜松,3,２ＬＤＫ,65,,,,令和2年,ＲＣ,住宅,住宅,,,,商業地域,80.0,600.0,2020年第３四半期,改装済,,7.6020599913279625
22031160,中古マンション等,,22210,静岡県,富士市,日乃出町,富士,30分?60分,３ＬＤＫ,85,,,,平成20年,ＲＣ,住宅,,,,,第２種住居地域,60.0,200.0,2020年第１四半期,,,7.113943352306837
22021774,中古マンション等,,22203,静岡県,沼津市,東椎路,片浜,25,２ＬＤＫ,65,,,,,ＲＣ,住宅,住宅,,,,市街化調整区域,60.0,200.0,2020年第３四半期,改装済,,7.0
22122179,中古マンション等,,22131,静岡県,浜松市中区,上島,浜松,1H?1H30,３ＬＤＫ,70,,,,昭和60年,ＲＣ,住宅,,,,,第１種中高層住居専用地域,60.0,200.0,2007年第４四半期,未改装,,7.079181246047625
22062936,中古マンション等,,22131,静岡県,浜松市中区,寺島町,浜松,13,１Ｋ,20,,,,平成3年,ＳＲＣ,住宅,住宅,,,,近隣商業地域,80.0,300.0,2015年第２四半期,未改装,,6.301029995663981
22008414,中古マンション等,,22131,静岡県,浜松市中区,旭町,浜松,3,３ＬＤＫ,80,,,,令和2年,ＲＣ,住宅,住宅,,,,商業地域,80.0,600.0,2019年第１四半期,改装済,,7.633468455579586
22004377,中古マンション等,,22102,静岡県,静岡市駿河区,豊田,静岡,30分?60分,４ＬＤＫ,110,,,,平成20年,ＲＣ,,住宅,,,,工業地域,60.0,200.0,2019年第３四半期,改装済,,7.5910646070264995
22082043,中古マンション等,,22102,静岡県,静岡市駿河区,泉町,静岡,6,４ＬＤＫ,90,,,,平成15年,ＲＣ,住宅,,,,,近隣商業地域,80.0,300.0,2009年第２四半期,改装済,,7.57978359661681
22120768,中古マンション等,,22103,静岡県,静岡市清水区,江尻台町,清水(静岡),15,３ＬＤＫ,65,,,,平成12年,ＲＣ,住宅,,,,,工業地域,60.0,200.0,2007年第３四半期,改装済,,7.204119982655925
22002636,中古マンション等,,22101,静岡県,静岡市葵区,日出町,静岡,14,,85,,,,平成3年,ＳＲＣ,住宅,,,,,商業地域,80.0,400.0,2017年第１四半期,,,7.3222192947339195
22007721,中古マンション等,,22103,静岡県,静岡市清水区,馬走北,草薙(ＪＲ),25,４ＬＤＫ,70,,,,昭和52年,ＳＲＣ,住宅,住宅,,,,第２種住居地域,60.0,200.0,2017年第１四半期,未改装,,6.845098040014257
22004380,中古マンション等,,22102,静岡県,静岡市駿河区,豊田,静岡,30分?60分,２ＬＤＫ,80,,,,平成20年,,,住宅,,,,工業地域,60.0,200.0,2019年第２四半期,未改装,,7.431363764158987
22005478,中古マンション等,,22102,静岡県,静岡市駿河区,南町,静岡,5,３ＬＤＫ,70,,,,,ＲＣ,住宅,住宅,,,,商業地域,,,2016年第３四半期,未改装,,7.518513939877887
22122458,中古マンション等,,22131,静岡県,浜松市中区,住吉,浜松,30分?60分,２ＬＤＫ,55,,,,昭和50年,ＳＲＣ,住宅,,,,,第２種住居地域,60.0,200.0,2008年第２四半期,未改装,,6.653212513775344
22002552,中古マンション等,,22101,静岡県,静岡市葵区,東静岡,東静岡,6,２ＬＤＫ,75,,,,平成25年,ＲＣ,住宅,住宅,,,,商業地域,80.0,500.0,2020年第１四半期,,,7.447158031342219
22106466,中古マンション等,,22210,静岡県,富士市,平垣本町,富士,11,３ＬＤＫ,50,,,,,ＲＣ,住宅,,,,,近隣商業地域,80.0,200.0,2013年第２四半期,未改装,,6.556302500767287
22001130,中古マンション等,,22101,静岡県,静岡市葵区,呉服町,静岡,15,オープンフロア,310,,,,平成30年,ＳＲＣ,,事務所,,,,商業地域,80.0,600.0,2020年第１四半期,未改装,,8.397940008672037
22080935,中古マンション等,,22131,静岡県,浜松市中区,中島,浜松,15,３ＬＤＫ,70,,,,,ＲＣ,住宅,,,,,第１種住居地域,60.0,200.0,2013年第４四半期,改装済,,7.113943352306837
22058422,中古マンション等,,22102,静岡県,静岡市駿河区,曲金,静岡,25,３ＬＤＫ,80,,,,平成3年,ＲＣ,住宅,住宅,,,,工業地域,60.0,200.0,2015年第２四半期,未改装,,7.2552725051033065
22001947,中古マンション等,,22101,静岡県,静岡市葵区,岳美,静岡,1H?1H30,４ＬＤＫ,95,,,,平成4年,,住宅,住宅,,,,,,,2018年第３四半期,,調停・競売等,6.724275869600789
22066871,中古マンション等,,22203,静岡県,沼津市,西島町,沼津,25,４ＬＤＫ,85,,,,平成4年,ＳＲＣ,住宅,,,,,準工業地域,60.0,200.0,2010年第１四半期,未改装,,7.041392685158225
22038370,中古マンション等,,22214,静岡県,藤枝市,駅前,藤枝,5,３ＬＤＫ,80,,,,,,,住宅,,,,商業地域,80.0,400.0,2020年第１四半期,未改装,,7.431363764158987
22058656,中古マンション等,,22131,静岡県,浜松市中区,和地山,浜松,30分?60分,３ＤＫ,45,,,,昭和49年,ＳＲＣ,住宅,,,,,第２種中高層住居専用地域,60.0,200.0,2010年第１四半期,未改装,,6.653212513775344
22057336,中古マンション等,,22132,静岡県,浜松市東区,天龍川町,天竜川,3,３ＬＤＫ,75,,,,,ＲＣ,住宅,住宅,,,,工業地域,60.0,200.0,2014年第３四半期,未改装,,7.3222192947339195
22062028,中古マンション等,,22132,静岡県,浜松市東区,天龍川町,天竜川,3,,60,,,,平成5年,ＳＲＣ,住宅,,,,,近隣商業地域,80.0,300.0,2011年第４四半期,未改装,,6.963787827345556
22023250,中古マンション等,,22206,静岡県,三島市,芝本町,三島,6,４ＬＤＫ,80,,,,平成14年,ＳＲＣ,住宅,住宅,,,,商業地域,80.0,400.0,2020年第３四半期,未改装,,7.477121254719663
22073634,中古マンション等,,22131,静岡県,浜松市中区,和合町,浜松,1H?1H30,３ＬＤＫ,65,,,,平成7年,ＲＣ,住宅,,,,,第１種住居地域,60.0,150.0,2012年第１四半期,改装済,,7.079181246047625
22061949,中古マンション等,,22131,静岡県,浜松市中区,幸,浜松,30分?60分,３ＬＤＫ,70,,,,平成6年,ＲＣ,住宅,住宅,,,,第１種中高層住居専用地域,60.0,200.0,2015年第２四半期,改装済,,7.041392685158225
22008765,中古マンション等,,22131,静岡県,浜松市中区,上島,浜松,1H?1H30,,60,,,,平成10年,ＳＲＣ,,住宅,,,,第１種住居地域,60.0,200.0,2018年第２四半期,,,6.991226075692495
22031694,中古マンション等,,22210,静岡県,富士市,水戸島,富士,11,４ＬＤＫ,90,,,,昭和63年,ＳＲＣ,住宅,住宅,,,,第２種住居地域,60.0,200.0,2018年第３四半期,未改装,,6.954242509439325
22068937,中古マンション等,,22203,静岡県,沼津市,大岡,沼津,30分?60分,２ＬＤＫ,80,,,,平成18年,ＲＣ,住宅,,,,,第２種中高層住居専用地域,60.0,200.0,2011年第２四半期,未改装,,7.3979400086720375
22038432,中古マンション等,,22214,静岡県,藤枝市,大手,西焼津,30分?60分,３ＬＤＫ,75,,,,,ＲＣ,住宅,住宅,,,,近隣商業地域,80.0,200.0,2016年第４四半期,未改装,,7.041392685158225
22120275,中古マンション等,,22102,静岡県,静岡市駿河区,曲金,静岡,14,３ＬＤＫ,70,,,,平成7年,ＲＣ,住宅,,,,,近隣商業地域,80.0,300.0,2008年第２四半期,未改装,,7.176091259055681
22055471,中古マンション等,,22131,静岡県,浜松市中区,中沢町,浜松,30分?60分,１Ｋ,20,,,,昭和60年,ＲＣ,住宅,住宅,,,,近隣商業地域,80.0,500.0,2014年第２四半期,未改装,,6.113943352306837
22030844,中古マンション等,,22210,静岡県,富士市,中島,富士,18,１ＤＫ,35,,,,平成2年,ＲＣ,住宅,住宅,,,,第１種住居地域,60.0,200.0,2016年第４四半期,未改装,,6.57978359661681
22075488,中古マンション等,,22103,静岡県,静岡市清水区,神田町,清水(静岡),30分?60分,３ＬＤＫ,75,,,,平成10年,ＲＣ,住宅,,,,,第１種住居地域,60.0,200.0,2013年第２四半期,未改装,,7.204119982655925
22088601,中古マンション等,,22212,静岡県,焼津市,本町,焼津,9,オープンフロア,390,,,,平成2年,ＳＲＣ,店舗,,,,,近隣商業地域,80.0,200.0,2011年第１四半期,未改装,,7.698970004336019
22000462,中古マンション等,,22101,静岡県,静岡市葵区,太田町,静岡,24,２ＬＤＫ,60,,,,平成19年,,住宅,住宅,,,,近隣商業地域,80.0,300.0,2020年第３四半期,未改装,,7.278753600952829
22126714,中古マンション等,,22207,静岡県,富士宮市,源道寺町,富士宮,19,３ＬＤＫ,60,,,,平成4年,ＳＲＣ,住宅,,,,,第１種住居地域,60.0,200.0,2007年第１四半期,未改装,,7.079181246047625
22119002,中古マンション等,,22101,静岡県,静岡市葵区,本通,静岡,15,２ＤＫ,55,,,,昭和55年,ＲＣ,住宅,,,,,商業地域,80.0,500.0,2008年第２四半期,未改装,,6.857332496431268
22020639,中古マンション等,,22203,静岡県,沼津市,岡一色,沼津,30分?60分,４ＬＤＫ,75,,,,平成11年,ＲＣ,住宅,住宅,,,,第２種中高層住居専用地域,60.0,150.0,2017年第４四半期,改装済,,7.230448921378274
22002134,中古マンション等,,22101,静岡県,静岡市葵区,伝馬町,静岡,11,２ＬＤＫ,70,,,,平成24年,ＲＣ,,住宅,,,,商業地域,80.0,500.0,2018年第４四半期,未改装,,7.57978359661681
22065989,中古マンション等,,22203,静岡県,沼津市,大手町,沼津,8,２ＬＤＫ,90,,,,平成19年,ＲＣ,住宅,,,,,商業地域,80.0,500.0,2010年第３四半期,未改装,,7.531478917042255
22122245,中古マンション等,,22131,静岡県,浜松市中区,鴨江,浜松,30分?60分,１Ｋ,50,,,,昭和50年,ＲＣ,住宅,,,,,第２種中高層住居専用地域,60.0,200.0,2007年第２四半期,未改装,,5.477121254719663
22004578,中古マンション等,,22102,静岡県,静岡市駿河区,中田,静岡,11,３ＬＤＫ,75,,,,平成28年,ＲＣ,,住宅,,,,第２種住居地域,60.0,200.0,2020年第２四半期,未改装,,7.57978359661681
22069190,中古マンション等,,22101,静岡県,静岡市葵区,七間町,静岡,9,,20,,,,昭和61年,ＳＲＣ,住宅,,,,,商業地域,80.0,600.0,2013年第４四半期,未改装,,6.681241237375588
22069928,中古マンション等,,22131,静岡県,浜松市中区,板屋町,浜松,4,３ＬＤＫ,75,,,,,ＲＣ,住宅,,,,,商業地域,80.0,600.0,2012年第１四半期,未改装,,7.556302500767287
22010252,中古マンション等,,22131,静岡県,浜松市中区,寺島町,浜松,11,２ＤＫ,55,,,,平成3年,ＳＲＣ,,住宅,,,,近隣商業地域,80.0,300.0,2019年第１四半期,改装済,,7.146128035678238
22075115,中古マンション等,,22203,静岡県,沼津市,東椎路,片浜,24,３ＬＤＫ,65,,,,平成6年,ＲＣ,住宅,住宅,,,,市街化調整区域,60.0,200.0,2015年第４四半期,未改装,,6.857332496431268
22039931,中古マンション等,,22214,静岡県,藤枝市,前島,藤枝,5,３ＬＤＫ,75,,,,,ＲＣ,住宅,住宅,,,,第２種住居地域,60.0,200.0,2016年第３四半期,未改装,,7.431363764158987
22106916,中古マンション等,,22207,静岡県,富士宮市,小泉,源道寺,14,３ＬＤＫ,85,,,,平成4年,ＲＣ,住宅,,,,,第１種住居地域,60.0,200.0,2009年第４四半期,未改装,,6.8750612633917
22065985,中古マンション等,,22203,静岡県,沼津市,大手町,沼津,3,３ＬＤＫ,75,,,,平成19年,ＲＣ,住宅,,,,,商業地域,80.0,500.0,2010年第４四半期,未改装,,7.431363764158987
22110818,中古マンション等,,22210,静岡県,富士市,蓼原,富士,30分?60分,２ＬＤＫ,35,,,,昭和59年,ＳＲＣ,住宅,,,,,工業地域,60.0,150.0,2009年第１四半期,未改装,,6.176091259055681
22065784,中古マンション等,,22102,静岡県,静岡市駿河区,西中原,静岡,22,２ＬＤＫ,50,,,,昭和48年,ＳＲＣ,住宅,,,,,近隣商業地域,80.0,200.0,2012年第３四半期,未改装,調停・競売等,6.342422680822207
22010194,中古マンション等,,22131,静岡県,浜松市中区,中央,浜松,11,２ＬＤＫ,55,,,,平成24年,ＲＣ,住宅,住宅,,,,商業地域,80.0,400.0,2018年第２四半期,未改装,,7.3979400086720375
22062968,中古マンション等,,22135,静岡県,浜松市北区,三ヶ日町大崎,都筑,30分?60分,２ＬＤＫ,75,,,,平成2年,ＳＲＣ,住宅,,,,,市街化調整区域,60.0,200.0,2010年第１四半期,未改装,調停・競売等,6.518513939877887
22125901,中古マンション等,,22203,静岡県,沼津市,東椎路,沼津,30分?60分,２ＤＫ,60,,,,平成3年,ＲＣ,住宅,,,,,第１種住居地域,60.0,200.0,2007年第２四半期,未改装,,7.0
22089252,中古マンション等,,22131,静岡県,浜松市中区,上島,上島,6,,75,,,,,ＳＲＣ,住宅,,,,,第１種住居地域,60.0,200.0,2009年第２四半期,,,7.176091259055681
22066119,中古マンション等,,22133,静岡県,浜松市西区,入野町,浜松,1H?1H30,４ＬＤＫ,110,,,,平成15年,ＲＣ,住宅,住宅,,,,第２種住居地域,60.0,200.0,2015年第３四半期,未改装,,7.505149978319906
22053267,中古マンション等,,22103,静岡県,静岡市清水区,千歳町,清水(静岡),18,,60,,,,昭和56年,ＳＲＣ,住宅,,,,,商業地域,80.0,400.0,2014年第４四半期,,,6.6020599913279625
22072941,中古マンション等,,22102,静岡県,静岡市駿河区,津島町,静岡,23,２ＤＫ,35,,,,昭和49年,ＲＣ,住宅,,,,,近隣商業地域,80.0,200.0,2013年第３四半期,未改装,,6.380211241711606
22051363,中古マンション等,,22101,静岡県,静岡市葵区,両替町,静岡,11,１Ｋ,20,,,,昭和59年,ＳＲＣ,住宅,,,,,商業地域,80.0,600.0,2014年第２四半期,未改装,,6.505149978319906
22004585,中古マンション等,,22102,静岡県,静岡市駿河区,中田,静岡,19,３ＬＤＫ,75,,,,平成22年,,,住宅,,,,第２種中高層住居専用地域,60.0,200.0,2019年第４四半期,未改装,,7.544068044350276
22007682,中古マンション等,,22103,静岡県,静岡市清水区,真砂町,清水(静岡),5,２ＬＤＫ,75,,,,平成23年,ＲＣ,,住宅,,,,商業地域,80.0,400.0,2019年第３四半期,未改装,,7.2552725051033065
22121252,中古マンション等,,22103,静岡県,静岡市清水区,楠新田,草薙(ＪＲ),,４ＬＤＫ,80,,,,平成10年,ＲＣ,住宅,,,,,,,,2006年第４四半期,未改装,,7.278753600952829
22100037,中古マンション等,,22207,静岡県,富士宮市,中央町,富士宮,3,３ＬＤＫ,75,,,,平成17年,ＲＣ,住宅,,,,,商業地域,80.0,400.0,2013年第１四半期,未改装,,7.204119982655925
22007700,中古マンション等,,22103,静岡県,静岡市清水区,松原町,清水(静岡),15,３ＬＤＫ,75,,,,平成18年,ＲＣ,住宅,住宅,,,,商業地域,80.0,400.0,2016年第２四半期,未改装,調停・競売等,7.204119982655925
22074157,中古マンション等,,22203,静岡県,沼津市,志下,沼津,1H?1H30,,65,,,,平成5年,ＲＣ,住宅,住宅,,,,,,,2015年第３四半期,,,6.799340549453582
22054914,中古マンション等,,22102,静岡県,静岡市駿河区,下島,静岡,30分?60分,３ＬＤＫ,65,,,,昭和51年,ＲＣ,住宅,,,,,第２種中高層住居専用地域,60.0,200.0,2011年第２四半期,改装済,,6.963787827345556
22057974,中古マンション等,,22133,静岡県,浜松市西区,入野町,浜松,1H?1H30,３ＬＤＫ,55,,,,平成6年,ＲＣ,住宅,,,,,市街化調整区域,60.0,200.0,2014年第１四半期,未改装,調停・競売等,6.799340549453582
22125464,中古マンション等,,22203,静岡県,沼津市,大手町,沼津,6,３ＬＤＫ,80,,,,平成15年,ＳＲＣ,住宅,,,,,商業地域,80.0,500.0,2008年第２四半期,,,7.414973347970818
22083604,中古マンション等,,22102,静岡県,静岡市駿河区,中島,静岡,1H?1H30,３ＬＤＫ,65,,,,平成10年,ＲＣ,住宅,,,,,第２種中高層住居専用地域,60.0,200.0,2009年第２四半期,未改装,調停・競売等,6.707570176097937
22122709,中古マンション等,,22131,静岡県,浜松市中区,中島,浜松,18,２ＬＤＫ,55,,,,昭和64年,ＲＣ,住宅,,,,,第１種住居地域,60.0,200.0,2008年第１四半期,,,6.903089986991944
22021775,中古マンション等,,22203,静岡県,沼津市,東椎路,片浜,30分?60分,２ＤＫ,60,,,,平成3年,ＲＣ,住宅,住宅,,,,第２種中高層住居専用地域,60.0,150.0,2020年第２四半期,改装済,,7.3979400086720375
22023428,中古マンション等,,22206,静岡県,三島市,富田町,三島田町,10,３ＬＤＫ,65,,,,平成12年,,,住宅,,,,準住居地域,60.0,200.0,2017年第３四半期,未改装,,7.230448921378274
22087715,中古マンション等,,22103,静岡県,静岡市清水区,西高町,清水(静岡),30分?60分,２ＬＤＫ,50,,,,平成19年,ＲＣ,住宅,,,,,第２種中高層住居専用地域,60.0,200.0,2009年第１四半期,未改装,,7.230448921378274
22081385,中古マンション等,,22212,静岡県,焼津市,本町,焼津,6,３ＬＤＫ,65,,,,平成19年,ＲＣ,住宅,,,,,商業地域,80.0,400.0,2014年第１四半期,改装済,,7.113943352306837
22060738,中古マンション等,,22135,静岡県,浜松市北区,三ヶ日町大崎,都筑,30分?60分,１ＬＤＫ,40,,,,昭和61年,ＲＣ,住宅,,,,,市街化調整区域,,,2014年第１四半期,未改装,,5.903089986991944
22059597,中古マンション等,,22131,静岡県,浜松市中区,高丘北,浜松,1H30?2H,３ＬＤＫ,80,,,,平成18年,ＲＣ,住宅,,,,,第１種住居地域,60.0,200.0,2011年第１四半期,未改装,調停・競売等,7.113943352306837
22112438,中古マンション等,,22211,静岡県,磐田市,立野,豊田町,1,３ＬＤＫ,70,,,,平成11年,ＳＲＣ,住宅,,,,,近隣商業地域,80.0,200.0,2009年第１四半期,改装済,,7.2552725051033065
22059779,中古マンション等,,22131,静岡県,浜松市中区,寺島町,天竜川,8,２ＬＤＫ,75,,,,平成10年,ＲＣ,住宅,,,,,近隣商業地域,80.0,300.0,2011年第３四半期,未改装,,7.041392685158225
22124688,中古マンション等,,22135,静岡県,浜松市北区,三ヶ日町都筑,都筑,23,１ＤＫ,40,,,,昭和62年,ＲＣ,住宅,,,,,市街化調整区域,60.0,200.0,2007年第２四半期,未改装,,6.653212513775344
22051106,中古マンション等,,22101,静岡県,静岡市葵区,常磐町,静岡,8,１ＤＫ,30,,,,,ＳＲＣ,住宅,住宅,,,,商業地域,80.0,500.0,2014年第４四半期,,,6.832508912706237
22072988,中古マンション等,,22131,静岡県,浜松市中区,曳馬,浜松,30分?60分,４ＬＤＫ,90,,,,平成16年,ＲＣ,住宅,,,,,第１種住居地域,60.0,150.0,2012年第４四半期,未改装,,7.361727836017593
22079619,中古マンション等,,22131,静岡県,浜松市中区,新津町,助信,2,３ＬＤＫ,75,,,,平成11年,ＲＣ,住宅,,,,,第１種住居地域,60.0,200.0,2013年第１四半期,未改装,,7.230448921378274
22054628,中古マンション等,,22131,静岡県,浜松市中区,佐鳴台,浜松,30分?60分,１Ｋ,15,,,,昭和64年,ＲＣ,住宅,,,,,第１種中高層住居専用地域,60.0,200.0,2014年第１四半期,,,6.079181246047625
22063669,中古マンション等,,22203,静岡県,沼津市,大岡,沼津,16,２ＬＤＫ,60,,,,,ＳＲＣ,住宅,住宅,,,,近隣商業地域,80.0,300.0,2014年第３四半期,改装済,,7.3979400086720375
22108597,中古マンション等,,22211,静岡県,磐田市,一言,磐田,30分?60分,３ＬＤＫ,55,,,,,ＳＲＣ,住宅,,,,,市街化調整区域,60.0,200.0,2013年第４四半期,未改装,,6.763427993562937
22109433,中古マンション等,,22212,静岡県,焼津市,栄町,焼津,2,３ＬＤＫ,65,,,,平成9年,ＳＲＣ,住宅,,,,,商業地域,80.0,400.0,2013年第４四半期,改装済,,7.278753600952829
22065190,中古マンション等,,22135,静岡県,浜松市北区,初生町,浜松,1H30?2H,３ＬＤＫ,75,,,,平成13年,ＲＣ,住宅,,,,,市街化調整区域,60.0,200.0,2011年第４四半期,改装済,,7.2552725051033065
22123888,中古マンション等,,22133,静岡県,浜松市西区,舞阪町弁天島,弁天島,2,３ＤＫ,50,,,,昭和51年,ＳＲＣ,住宅,,,,,商業地域,80.0,400.0,2007年第２四半期,未改装,,6.799340549453582
22121878,中古マンション等,,22103,静岡県,静岡市清水区,村松原,清水(静岡),30分?60分,３ＬＤＫ,65,,,,昭和56年,ＲＣ,住宅,,,,,第２種中高層住居専用地域,60.0,200.0,2008年第２四半期,改装済,,6.897627091290442
22060401,中古マンション等,,22131,静岡県,浜松市中区,東伊場,浜松,16,２ＬＤＫ,70,,,,昭和61年,ＲＣ,住宅,,,,,近隣商業地域,80.0,300.0,2011年第３四半期,未改装,,6.857332496431268
22002237,中古マンション等,,22101,静岡県,静岡市葵区,長沼,東静岡,4,３ＬＤＫ,85,,,,平成25年,ＲＣ,住宅,住宅,,,,商業地域,80.0,500.0,2017年第２四半期,未改装,,7.544068044350276
22015237,中古マンション等,,22134,静岡県,浜松市南区,恩地町,浜松,30分?60分,３ＬＤＫ,85,,,,昭和58年,ＲＣ,,住宅,,,,第１種住居地域,60.0,200.0,2020年第１四半期,未改装,,6.3979400086720375
22086348,中古マンション等,,22210,静岡県,富士市,伝法,富士,30分?60分,２ＬＤＫ,65,,,,平成5年,ＲＣ,住宅,住宅,,,,第１種住居地域,60.0,200.0,2015年第３四半期,未改装,,6.982271233039568
22084028,中古マンション等,,22132,静岡県,浜松市東区,天王町,浜松,1H?1H30,３ＬＤＫ,70,,,,平成4年,ＳＲＣ,住宅,,,,,第１種住居地域,60.0,200.0,2013年第１四半期,未改装,,7.079181246047625
22104694,中古マンション等,,22210,静岡県,富士市,石坂,富士,1H?1H30,３ＬＤＫ,65,,,,平成5年,ＲＣ,住宅,,,,,第２種中高層住居専用地域,60.0,150.0,2013年第１四半期,未改装,調停・競売等,6.544068044350276
22017694,中古マンション等,,22135,静岡県,浜松市北区,三ヶ日町都筑,都筑,20,１ＬＤＫ,70,,,,平成2年,ＳＲＣ,住宅,住宅,,,,市街化調整区域,60.0,200.0,2017年第３四半期,,,6.681241237375588
22074002,中古マンション等,,22132,静岡県,浜松市東区,植松町,天竜川,30分?60分,２ＤＫ,40,,,,昭和49年,ＳＲＣ,住宅,,,,,第１種住居地域,60.0,200.0,2012年第３四半期,改装済,,6.431363764158987
22120281,中古マンション等,,22102,静岡県,静岡市駿河区,曲金,静岡,24,４ＤＫ,55,,,,昭和48年,ＳＲＣ,住宅,,,,,工業地域,60.0,200.0,2007年第２四半期,未改装,,5.778151250383644
22014652,中古マンション等,,22133,静岡県,浜松市西区,舞阪町弁天島,浜松,2H?,２ＬＤＫ,75,,,,平成21年,ＲＣ,住宅,住宅,,,,第１種住居地域,60.0,200.0,2020年第２四半期,未改装,,7.041392685158225
22000941,中古マンション等,,22101,静岡県,静岡市葵区,北安東,静岡,30分?60分,３ＬＤＫ,70,,,,平成22年,ＲＣ,,住宅,,,,第２種中高層住居専用地域,60.0,200.0,2019年第３四半期,未改装,,7.380211241711606
22011466,中古マンション等,,22131,静岡県,浜松市中区,山手町,浜松,30分?60分,４ＬＤＫ,90,,,,平成12年,ＲＣ,住宅,住宅,,,,第１種中高層住居専用地域,60.0,200.0,2016年第１四半期,改装済,,7.361727836017593
22091355,中古マンション等,,22131,静岡県,浜松市中区,寺島町,浜松,11,１Ｋ,20,,,,昭和64年,ＲＣ,住宅,,,,,近隣商業地域,80.0,300.0,2009年第１四半期,未改装,,6.431363764158987
22013802,中古マンション等,,22133,静岡県,浜松市西区,入野町,浜松,30分?60分,３ＬＤＫ,75,,,,平成3年,ＲＣ,住宅,住宅,,,,第１種住居地域,60.0,200.0,2016年第４四半期,未改装,,7.146128035678238
22119433,中古マンション等,,22102,静岡県,静岡市駿河区,小黒,静岡,24,３ＬＤＫ,75,,,,平成12年,ＲＣ,住宅,,,,,近隣商業地域,80.0,200.0,2007年第３四半期,未改装,,7.3222192947339195
22011465,中古マンション等,,22131,静岡県,浜松市中区,山手町,浜松,30分?60分,２ＬＤＫ,65,,,,昭和48年,ＲＣ,住宅,住宅,,,,第１種中高層住居専用地域,60.0,200.0,2016年第１四半期,未改装,,6.544068044350276
22075096,中古マンション等,,22103,静岡県,静岡市清水区,江尻台町,清水(静岡),20,１Ｋ,15,,,,平成4年,ＲＣ,住宅,,,,,工業地域,60.0,200.0,2013年第２四半期,,,6.3222192947339195
22008629,中古マンション等,,22131,静岡県,浜松市中区,海老塚,浜松,11,３ＬＤＫ,65,,,,昭和49年,ＳＲＣ,住宅,住宅,,,,第１種住居地域,60.0,200.0,2016年第３四半期,,,6.681241237375588
22117902,中古マンション等,,22101,静岡県,静岡市葵区,大岩,静岡,,３ＬＤＫ,75,,,,昭和50年,ＲＣ,住宅,,,,,第１種住居地域,60.0,200.0,2006年第３四半期,未改装,,6.903089986991944
22009677,中古マンション等,,22131,静岡県,浜松市中区,住吉,浜松,30分?60分,２ＤＫ,55,,,,昭和50年,,住宅,住宅,,,,第２種住居地域,60.0,200.0,2019年第４四半期,改装済,,6.740362689494244
22089781,中古マンション等,,22131,静岡県,浜松市中区,北寺島町,浜松,13,１Ｋ,25,,,,平成2年,ＳＲＣ,住宅,,,,,商業地域,80.0,500.0,2009年第１四半期,未改装,,6.740362689494244
22124700,中古マンション等,,22135,静岡県,浜松市北区,三ヶ日町都筑,東都筑,23,１Ｋ,25,,,,昭和49年,ＳＲＣ,住宅,,,,,市街化調整区域,60.0,200.0,2008年第２四半期,未改装,,6.113943352306837
22023628,中古マンション等,,22206,静岡県,三島市,東本町,三島田町,5,４ＬＤＫ,85,,,,平成5年,,,住宅,,,,第１種住居地域,60.0,200.0,2018年第１四半期,改装済,,7.342422680822207
22063781,中古マンション等,,22203,静岡県,沼津市,大手町,沼津,5,３ＬＤＫ,80,,,,,ＳＲＣ,住宅,,,,,商業地域,80.0,500.0,2014年第１四半期,未改装,,7.278753600952829
22056903,中古マンション等,,22132,静岡県,浜松市東区,上西町,天竜川,30分?60分,４ＬＤＫ,85,,,,平成15年,ＲＣ,住宅,,,,,工業地域,60.0,200.0,2014年第１四半期,未改装,,7.2552725051033065
22002122,中古マンション等,,22101,静岡県,静岡市葵区,天王町,静岡,15,,15,,,,昭和59年,ＲＣ,住宅,住宅,,,,商業地域,80.0,400.0,2016年第４四半期,未改装,,6.3979400086720375
22001289,中古マンション等,,22101,静岡県,静岡市葵区,七間町,静岡,13,３ＬＤＫ,75,,,,平成14年,ＳＲＣ,,住宅,,,,商業地域,80.0,600.0,2020年第１四半期,未改装,,7.3222192947339195
22021664,中古マンション等,,22203,静岡県,沼津市,原,原(静岡),14,３ＬＤＫ,70,,,,昭和64年,ＳＲＣ,住宅,住宅,,,,第１種住居地域,60.0,200.0,2020年第３四半期,未改装,,6.544068044350276
22060886,中古マンション等,,22135,静岡県,浜松市北区,三ヶ日町都筑,都筑,30分?60分,１ＬＤＫ,50,,,,平成2年,ＳＲＣ,住宅,住宅,,,,市街化調整区域,60.0,200.0,2014年第２四半期,未改装,,6.6020599913279625
22060576,中古マンション等,,22133,静岡県,浜松市西区,西山町,浜松,1H?1H30,３ＬＤＫ,80,,,,平成3年,ＲＣ,住宅,,,,,市街化調整区域,60.0,200.0,2010年第３四半期,未改装,,7.079181246047625
22119244,中古マンション等,,22101,静岡県,静岡市葵区,竜南,静岡,30分?60分,３ＬＤＫ,70,,,,平成19年,ＲＣ,住宅,,,,,第２種中高層住居専用地域,60.0,200.0,2008年第１四半期,未改装,,7.447158031342219
22098170,中古マンション等,,22206,静岡県,三島市,東本町,三島,20,３ＬＤＫ,65,,,,平成6年,ＲＣ,住宅,,,,,第１種住居地域,60.0,200.0,2013年第１四半期,改装済,,7.230448921378274
22122727,中古マンション等,,22131,静岡県,浜松市中区,西浅田,浜松,20,３ＬＤＫ,70,,,,平成3年,ＳＲＣ,住宅,,,,,近隣商業地域,80.0,300.0,2008年第２四半期,改装済,,7.079181246047625
22060601,中古マンション等,,22131,静岡県,浜松市中区,元城町,浜松,15,３ＬＤＫ,75,,,,平成10年,ＳＲＣ,住宅,,,,,商業地域,80.0,400.0,2011年第４四半期,改装済,,7.301029995663981
22017751,中古マンション等,,22135,静岡県,浜松市北区,三ヶ日町都筑,東都筑,21,１Ｋ,25,,,,昭和49年,ＳＲＣ,住宅,住宅,,,,市街化調整区域,60.0,200.0,2016年第２四半期,未改装,,5.447158031342219
22067547,中古マンション等,,22203,静岡県,沼津市,若葉町,沼津,28,２ＬＤＫ,65,,,,昭和63年,ＳＲＣ,住宅,,,,,第１種住居地域,60.0,200.0,2010年第１四半期,改装済,,6.968482948553935
22106478,中古マンション等,,22206,静岡県,三島市,,三島,16,２ＬＤＫ,55,,,,,ＲＣ,住宅,,,,,第２種住居地域,60.0,200.0,2009年第２四半期,改装済,,6.9344984512435675
22003450,中古マンション等,,22102,静岡県,静岡市駿河区,稲川,静岡,6,３ＬＤＫ,65,,,,平成21年,ＲＣ,住宅,住宅,,,,商業地域,80.0,400.0,2016年第２四半期,未改装,,7.431363764158987
22119246,中古マンション等,,22101,静岡県,静岡市葵区,竜南,静岡,30分?60分,２ＬＤＫ,60,,,,昭和52年,ＲＣ,住宅,,,,,第２種中高層住居専用地域,60.0,200.0,2007年第４四半期,未改装,,6.880813592280791
22052590,中古マンション等,,22101,静岡県,静岡市葵区,大岩,静岡,30分?60分,３ＬＤＫ,55,,,,昭和50年,ＲＣ,住宅,,,,,第１種住居地域,60.0,200.0,2011年第２四半期,未改装,,6.778151250383644
22054484,中古マンション等,,22131,静岡県,浜松市中区,幸,浜松,30分?60分,３ＬＤＫ,80,,,,平成10年,ＲＣ,住宅,,,,,第２種住居地域,60.0,200.0,2014年第４四半期,未改装,調停・競売等,7.230448921378274
22012152,中古マンション等,,22132,静岡県,浜松市東区,大蒲町,浜松,30分?60分,３ＬＤＫ,70,,,,平成17年,ＲＣ,住宅,住宅,,,,工業地域,60.0,200.0,2019年第４四半期,未改装,,7.230448921378274
22065911,中古マンション等,,22203,静岡県,沼津市,大岡,,,３ＬＤＫ,70,,,,,ＲＣ,住宅,,,,,,,,2010年第３四半期,,,7.041392685158225
22000918,中古マンション等,,22101,静岡県,静岡市葵区,北安東,静岡,30分?60分,３ＬＤＫ,65,,,,平成22年,ＲＣ,,住宅,,,,第１種中高層住居専用地域,60.0,200.0,2020年第３四半期,未改装,,7.342422680822207
22122596,中古マンション等,,22131,静岡県,浜松市中区,中央,浜松,11,４ＬＤＫ,95,,,,平成12年,ＲＣ,住宅,,,,,近隣商業地域,80.0,300.0,2008年第１四半期,未改装,,7.491361693834273
22009864,中古マンション等,,22131,静岡県,浜松市中区,高丘北,浜松,1H30?2H,３ＬＤＫ,70,,,,平成4年,,,住宅,,,,第１種住居地域,60.0,200.0,2017年第４四半期,未改装,,6.929418925714293
22009002,中古マンション等,,22131,静岡県,浜松市中区,鴨江,浜松,30分?60分,２ＬＤＫ,55,,,,昭和50年,ＲＣ,住宅,住宅,,,,第２種中高層住居専用地域,60.0,200.0,2017年第３四半期,未改装,,6.041392685158225
22024934,中古マンション等,,22207,静岡県,富士宮市,中央町,富士宮,3,４ＬＤＫ,85,,,,平成17年,ＲＣ,住宅,住宅,,,,商業地域,80.0,400.0,2018年第２四半期,未改装,,7.361727836017593
22122974,中古マンション等,,22131,静岡県,浜松市中区,領家,浜松,,３ＬＤＫ,65,,,,平成20年,ＲＣ,住宅,,,,,第１種住居地域,60.0,200.0,2008年第４四半期,,,7.278753600952829
22023506,中古マンション等,,22206,静岡県,三島市,長伏,三島,1H?1H30,４ＬＤＫ,110,,,,昭和64年,ＲＣ,住宅,住宅,,,,準工業地域,60.0,200.0,2017年第１四半期,改装済,,6.949390006644912
22057679,中古マンション等,,22131,静岡県,浜松市中区,中央,浜松,13,４ＬＤＫ,95,,,,平成16年,ＳＲＣ,住宅,,,,,商業地域,80.0,400.0,2010年第４四半期,未改装,,7.518513939877887
22004586,中古マンション等,,22102,静岡県,静岡市駿河区,中田,静岡,19,３ＬＤＫ,80,,,,平成22年,ＲＣ,住宅,住宅,,,,第２種中高層住居専用地域,60.0,200.0,2019年第４四半期,改装済,,7.531478917042255
22013483,中古マンション等,,22132,静岡県,浜松市東区,宮竹町,浜松,30分?60分,３ＬＤＫ,60,,,,昭和64年,,,住宅,,,,近隣商業地域,80.0,200.0,2017年第４四半期,未改装,,6.919078092376074
22087868,中古マンション等,,22206,静岡県,三島市,一番町,三島,4,２ＬＤＫ,80,,,,昭和61年,ＳＲＣ,住宅,,,,,商業地域,80.0,400.0,2012年第１四半期,改装済,,7.431363764158987
22094661,中古マンション等,,22203,静岡県,沼津市,下河原町,沼津,21,,45,,,,,ＳＲＣ,住宅,,,,,近隣商業地域,80.0,300.0,2013年第３四半期,未改装,,6.6020599913279625
22014950,中古マンション等,,22133,静岡県,浜松市西区,雄踏町宇布見,浜松,1H30?2H,２ＬＤＫ,65,,,,平成6年,ＳＲＣ,住宅,住宅,,,,第２種中高層住居専用地域,60.0,200.0,2019年第２四半期,改装済,,7.0
22122293,中古マンション等,,22131,静岡県,浜松市中区,幸,浜松,30分?60分,３ＬＤＫ,70,,,,平成6年,ＲＣ,住宅,,,,,第１種中高層住居専用地域,60.0,200.0,2008年第１四半期,未改装,,7.176091259055681
22071038,中古マンション等,,22101,静岡県,静岡市葵区,本通,静岡,16,２ＬＤＫ,50,,,,平成11年,ＳＲＣ,住宅,,,,,商業地域,80.0,500.0,2013年第４四半期,改装済,,7.079181246047625
22032187,中古マンション等,,22210,静岡県,富士市,吉原,富士,30分?60分,３ＬＤＫ,60,,,,平成5年,ＳＲＣ,,住宅,,,,商業地域,80.0,400.0,2017年第４四半期,改装済,,7.113943352306837
22058595,中古マンション等,,22131,静岡県,浜松市中区,春日町,浜松,30分?60分,４ＬＤＫ,90,,,,平成6年,ＲＣ,住宅,,,,,第１種住居地域,60.0,200.0,2011年第２四半期,未改装,,7.079181246047625
22120459,中古マンション等,,22102,静岡県,静岡市駿河区,南町,静岡,3,１ＬＤＫ,55,,,,平成16年,ＲＣ,住宅,,,,,商業地域,80.0,400.0,2007年第４四半期,,,7.176091259055681
22017657,中古マンション等,,22135,静岡県,浜松市北区,三ヶ日町都筑,都筑,24,１ＤＫ,60,,,,平成2年,ＳＲＣ,住宅,住宅,,,,市街化調整区域,60.0,200.0,2019年第３四半期,未改装,,6.6127838567197355
22010295,中古マンション等,,22131,静岡県,浜松市中区,利町,浜松,12,３ＬＤＫ,90,,,,平成16年,ＳＲＣ,住宅,住宅,,,,商業地域,80.0,500.0,2020年第１四半期,未改装,,7.477121254719663
22121737,中古マンション等,,22103,静岡県,静岡市清水区,松原町,清水(静岡),19,２ＬＤＫ,85,,,,平成18年,ＲＣ,住宅,,,,,商業地域,80.0,400.0,2006年第２四半期,,,7.4623979978989565
22002216,中古マンション等,,22101,静岡県,静岡市葵区,長沼,長沼(静岡),6,４ＬＤＫ,95,,,,平成14年,ＲＣ,住宅,住宅,,,,第１種住居地域,60.0,200.0,2016年第３四半期,未改装,,7.2552725051033065
22088732,中古マンション等,,22206,静岡県,三島市,萩,三島,30分?60分,３ＬＤＫ,65,,,,平成6年,ＲＣ,住宅,,,,,第１種中高層住居専用地域,60.0,200.0,2012年第１四半期,改装済,,7.176091259055681
22031736,中古マンション等,,22210,静岡県,富士市,水戸島元町,富士,5,３ＤＫ,55,,,,昭和56年,ＳＲＣ,住宅,住宅,,,,商業地域,80.0,400.0,2020年第３四半期,未改装,,6.778151250383644
22002238,中古マンション等,,22101,静岡県,静岡市葵区,長沼,東静岡,5,３ＬＤＫ,75,,,,,ＲＣ,住宅,住宅,,,,商業地域,80.0,400.0,2017年第２四半期,,,7.4623979978989565
22035444,中古マンション等,,22212,静岡県,焼津市,栄町,焼津,5,３ＬＤＫ,70,,,,,ＲＣ,,住宅,,,,準工業地域,60.0,200.0,2018年第２四半期,未改装,,7.079181246047625
22010251,中古マンション等,,22131,静岡県,浜松市中区,寺島町,浜松,11,１Ｒ,25,,,,昭和64年,ＳＲＣ,,,,,,近隣商業地域,80.0,300.0,2019年第１四半期,改装済,,6.491361693834273
22058599,中古マンション等,,22133,静岡県,浜松市西区,舞阪町弁天島,弁天島,2,２ＤＫ,45,,,,昭和51年,ＳＲＣ,住宅,住宅,,,,商業地域,80.0,400.0,2014年第２四半期,改装済,,6.414973347970818
22122964,中古マンション等,,22131,静岡県,浜松市中区,龍禅寺町,浜松,11,２ＬＤＫ,50,,,,平成2年,ＳＲＣ,住宅,,,,,近隣商業地域,80.0,300.0,2008年第１四半期,改装済,,7.0
22129758,中古マンション等,,22211,静岡県,磐田市,見付,磐田,30分?60分,３ＬＤＫ,65,,,,平成8年,ＲＣ,住宅,,,,,第２種中高層住居専用地域,60.0,150.0,2007年第４四半期,未改装,,6.812913356642856
22120176,中古マンション等,,22102,静岡県,静岡市駿河区,西中原,静岡,30分?60分,４ＬＤＫ,160,,,,平成3年,ＲＣ,住宅,,,,,工業地域,60.0,200.0,2006年第２四半期,改装済,,7.531478917042255
22126417,中古マンション等,,22206,静岡県,三島市,寿町,三島,6,２ＬＤＫ,55,,,,平成2年,ＲＣ,住宅,,,,,近隣商業地域,80.0,200.0,2007年第４四半期,未改装,関係者間取引,7.176091259055681
22118012,中古マンション等,,22101,静岡県,静岡市葵区,唐瀬,静岡,1H?1H30,３ＬＤＫ,65,,,,平成7年,ＲＣ,住宅,,,,,第１種住居地域,60.0,200.0,2008年第４四半期,未改装,,7.176091259055681
22011772,中古マンション等,,22131,静岡県,浜松市中区,和地山,浜松,30分?60分,１ＬＤＫ,40,,,,昭和49年,ＳＲＣ,住宅,住宅,,,,近隣商業地域,80.0,200.0,2018年第４四半期,改装済,,6.544068044350276
22078977,中古マンション等,,22210,静岡県,富士市,水戸島元町,富士,4,２ＬＤＫ,45,,,,昭和56年,ＳＲＣ,住宅,,,,,商業地域,80.0,400.0,2010年第２四半期,改装済,,6.763427993562937
22075281,中古マンション等,,22210,静岡県,富士市,富士町,富士,4,２ＬＤＫ,85,,,,平成18年,ＲＣ,住宅,,,,,商業地域,80.0,400.0,2014年第１四半期,改装済,,7.342422680822207
22071151,中古マンション等,,22131,静岡県,浜松市中区,新津町,助信,4,,95,,,,,ＲＣ,住宅,,,,,第１種住居地域,60.0,200.0,2012年第２四半期,,,7.3222192947339195
22120188,中古マンション等,,22102,静岡県,静岡市駿河区,西脇,静岡,30分?60分,３ＬＤＫ,70,,,,平成12年,ＲＣ,住宅,,,,,第２種中高層住居専用地域,60.0,200.0,2008年第３四半期,未改装,,7.204119982655925
22058118,中古マンション等,,22102,静岡県,静岡市駿河区,中田,静岡,13,１Ｋ,25,,,,昭和56年,ＲＣ,店舗,事務所,,,,第２種住居地域,60.0,200.0,2015年第１四半期,未改装,,6.301029995663981
22109832,中古マンション等,,22212,静岡県,焼津市,本町,焼津,11,３ＬＤＫ,80,,,,平成13年,ＳＲＣ,住宅,,,,,商業地域,80.0,400.0,2013年第４四半期,未改装,,7.146128035678238
22096404,中古マンション等,,22210,静岡県,富士市,石坂,富士,1H?1H30,３ＬＤＫ,65,,,,平成5年,ＲＣ,住宅,,,,,第２種中高層住居専用地域,60.0,150.0,2012年第２四半期,未改装,調停・競売等,6.414973347970818
22118982,中古マンション等,,22101,静岡県,静岡市葵区,平和,静岡,30分?60分,３ＬＤＫ,65,,,,平成4年,ＲＣ,住宅,,,,,準工業地域,60.0,200.0,2008年第２四半期,改装済,,7.079181246047625
22023554,中古マンション等,,22206,静岡県,三島市,萩,三島,30分?60分,３ＬＤＫ,65,,,,平成9年,ＲＣ,住宅,住宅,,,,第１種中高層住居専用地域,60.0,150.0,2016年第３四半期,未改装,,7.079181246047625
22107353,中古マンション等,,22211,静岡県,磐田市,今之浦,磐田,25,３ＬＤＫ,60,,,,平成20年,ＲＣ,住宅,,,,,第１種住居地域,60.0,200.0,2013年第３四半期,改装済,,7.146128035678238
22070279,中古マンション等,,22203,静岡県,沼津市,西島町,沼津,30分?60分,３ＬＤＫ,75,,,,平成18年,ＲＣ,住宅,,,,,準工業地域,60.0,200.0,2011年第１四半期,,調停・競売等,7.113943352306837
22008549,中古マンション等,,22131,静岡県,浜松市中区,板屋町,浜松,6,２ＬＤＫ,75,,,,平成22年,ＲＣ,住宅,住宅,,,,商業地域,80.0,600.0,2019年第２四半期,未改装,,7.5910646070264995
22065933,中古マンション等,,22135,静岡県,浜松市北区,三ヶ日町都筑,東都筑,25,１Ｋ,25,,,,昭和49年,ＳＲＣ,住宅,,,,,市街化調整区域,60.0,200.0,2011年第３四半期,未改装,,5.9344984512435675
22060591,中古マンション等,,22133,静岡県,浜松市西区,西山町,浜松,1H30?2H,３ＬＤＫ,60,,,,平成7年,ＳＲＣ,住宅,,,,,市街化調整区域,60.0,200.0,2010年第１四半期,改装済,,6.99563519459755
22107564,中古マンション等,,22214,静岡県,藤枝市,藤枝,藤枝,30分?60分,３ＬＤＫ,70,,,,平成7年,ＲＣ,住宅,,,,,近隣商業地域,80.0,300.0,2012年第３四半期,未改装,,7.041392685158225
22062964,中古マンション等,,22135,静岡県,浜松市北区,三ヶ日町大崎,都筑,30分?60分,１ＬＤＫ,40,,,,昭和61年,ＲＣ,住宅,,,,,市街化調整区域,60.0,200.0,2010年第１四半期,未改装,,6.5910646070264995
22129229,中古マンション等,,22210,静岡県,富士市,吉原,富士,30分?60分,４ＬＤＫ,90,,,,平成17年,ＳＲＣ,住宅,,,,,商業地域,80.0,400.0,2008年第１四半期,未改装,,7.447158031342219
22120479,中古マンション等,,22102,静岡県,静岡市駿河区,宮竹,静岡,30分?60分,３ＬＤＫ,75,,,,平成16年,ＲＣ,住宅,,,,,第２種中高層住居専用地域,60.0,200.0,2008年第３四半期,未改装,,7.342422680822207
22017664,中古マンション等,,22135,静岡県,浜松市北区,三ヶ日町都筑,都筑,24,１ＬＤＫ,80,,,,平成2年,ＳＲＣ,住宅,住宅,,,,市街化調整区域,60.0,200.0,2019年第２四半期,改装済,,7.301029995663981
22000656,中古マンション等,,22101,静岡県,静岡市葵区,上足洗,静岡,30分?60分,３ＬＤＫ,70,,,,平成10年,ＲＣ,住宅,住宅,,,,第２種中高層住居専用地域,60.0,200.0,2016年第３四半期,未改装,,7.2552725051033065
22125743,中古マンション等,,22203,静岡県,沼津市,高沢町,沼津,8,３ＬＤＫ,80,,,,平成14年,ＲＣ,住宅,,,,,商業地域,80.0,400.0,2008年第２四半期,未改装,,7.3979400086720375
22124470,中古マンション等,,22135,静岡県,浜松市北区,初生町,浜松,1H30?2H,３ＤＫ,55,,,,平成3年,ＲＣ,住宅,,,,,第１種住居地域,60.0,200.0,2008年第３四半期,改装済,,6.880813592280791
22081198,中古マンション等,,22136,静岡県,浜松市浜北区,貴布祢,浜北,4,１Ｋ,15,,,,平成3年,ＲＣ,住宅,,,,,商業地域,80.0,400.0,2012年第１四半期,未改装,,5.8750612633917
22023523,中古マンション等,,22206,静岡県,三島市,西若町,三島,13,５ＬＤＫ＋Ｓ,100,,,,昭和64年,ＳＲＣ,,住宅,,,,第１種住居地域,60.0,200.0,2020年第３四半期,改装済,,7.204119982655925
22036517,中古マンション等,,22213,静岡県,掛川市,青葉台,掛川,25,１ＬＤＫ,40,,,,平成4年,ＳＲＣ,,住宅,,,,第２種住居地域,60.0,200.0,2020年第２四半期,改装済,,6.4623979978989565
22057178,中古マンション等,,22131,静岡県,浜松市中区,新津町,浜松,30分?60分,３ＬＤＫ,65,,,,平成8年,ＲＣ,住宅,,,,,第１種住居地域,60.0,200.0,2010年第２四半期,未改装,,7.146128035678238
22072723,中古マンション等,,22206,静岡県,三島市,西若町,三島,11,３ＬＤＫ,80,,,,昭和64年,ＳＲＣ,住宅,,,,,第１種住居地域,60.0,200.0,2011年第４四半期,改装済,,7.204119982655925
22107142,中古マンション等,,22210,静岡県,富士市,横割本町,富士,3,３ＬＤＫ,75,,,,平成24年,ＲＣ,住宅,,,,,商業地域,80.0,400.0,2013年第４四半期,未改装,,7.447158031342219
22070189,中古マンション等,,22131,静岡県,浜松市中区,上島,浜松,30分?60分,３ＬＤＫ,70,,,,平成6年,ＲＣ,住宅,,,,,第１種住居地域,60.0,200.0,2012年第２四半期,未改装,,6.7923916894982534
22062409,中古マンション等,,22131,静岡県,浜松市中区,住吉,浜松,30分?60分,２ＬＤＫ,60,,,,昭和50年,ＲＣ,住宅,住宅,,,,第２種住居地域,60.0,200.0,2015年第３四半期,改装済,,6.9344984512435675
22122940,中古マンション等,,22131,静岡県,浜松市中区,山手町,浜松,30分?60分,３ＬＤＫ,75,,,,昭和60年,ＲＣ,住宅,,,,,第１種中高層住居専用地域,60.0,200.0,2008年第４四半期,改装済,,7.041392685158225
22054347,中古マンション等,,22103,静岡県,静岡市清水区,江尻東,清水(静岡),7,４ＬＤＫ,90,,,,平成9年,ＳＲＣ,住宅,,,,,商業地域,80.0,400.0,2010年第２四半期,,,7.278753600952829
22091535,中古マンション等,,22131,静岡県,浜松市中区,富塚町,浜松,1H?1H30,３ＤＫ,40,,,,昭和41年,ＲＣ,住宅,,,,,第１種低層住居専用地域,50.0,80.0,2009年第４四半期,未改装,,6.57978359661681
22054074,中古マンション等,,22102,静岡県,静岡市駿河区,八幡,静岡,11,２ＬＤＫ,60,,,,平成18年,ＲＣ,住宅,,,,,近隣商業地域,80.0,300.0,2010年第３四半期,未改装,,7.380211241711606
22031922,中古マンション等,,22210,静岡県,富士市,御幸町,吉原本町,7,４ＬＤＫ,85,,,,平成31年,ＲＣ,住宅,住宅,,,,近隣商業地域,80.0,300.0,2019年第２四半期,未改装,,7.544068044350276
22098005,中古マンション等,,22206,静岡県,三島市,西若町,三島,11,４ＬＤＫ,75,,,,昭和64年,ＳＲＣ,住宅,,,,,第１種住居地域,60.0,200.0,2013年第４四半期,未改装,,7.113943352306837
22008696,中古マンション等,,22131,静岡県,浜松市中区,上島,上島,4,３ＬＤＫ,75,,,,平成21年,ＲＣ,住宅,住宅,,,,第１種住居地域,60.0,200.0,2017年第２四半期,未改装,,7.414973347970818
22020388,中古マンション等,,22203,静岡県,沼津市,大岡,沼津,30分?60分,３ＬＤＫ,75,,,,平成21年,ＲＣ,住宅,,,,,第２種中高層住居専用地域,60.0,150.0,2017年第２四半期,未改装,,7.3222192947339195
22086859,中古マンション等,,22203,静岡県,沼津市,桃里,原(静岡),30分?60分,３ＬＤＫ,60,,,,平成6年,ＲＣ,住宅,,,,,市街化調整区域,,,2012年第３四半期,,調停・競売等,6.623249290397901
22023540,中古マンション等,,22206,静岡県,三島市,萩,三島,30分?60分,２ＬＤＫ,65,,,,平成6年,,,住宅,,,,第１種中高層住居専用地域,60.0,200.0,2018年第４四半期,未改装,,7.113943352306837
22000821,中古マンション等,,22101,静岡県,静岡市葵区,川辺町,静岡,15,１ＤＫ,25,,,,平成11年,ＲＣ,住宅,住宅,,,,商業地域,80.0,400.0,2016年第３四半期,未改装,,6.698970004336019
22084000,中古マンション等,,22132,静岡県,浜松市東区,天王町,浜松,1H?1H30,２ＬＤＫ,45,,,,昭和61年,ＳＲＣ,住宅,,,,,第１種住居地域,60.0,200.0,2013年第４四半期,未改装,,6.57978359661681
22011307,中古マンション等,,22131,静岡県,浜松市中区,松城町,浜松,21,３ＬＤＫ,75,,,,,ＲＣ,住宅,住宅,,,,商業地域,80.0,400.0,2018年第２四半期,未改装,,7.544068044350276
22005062,中古マンション等,,22102,静岡県,静岡市駿河区,曲金,東静岡,5,４ＬＤＫ,95,,,,,,,住宅,,,,商業地域,80.0,400.0,2019年第４四半期,,,7.6127838567197355
22120286,中古マンション等,,22102,静岡県,静岡市駿河区,曲金,東静岡,6,２ＬＤＫ,65,,,,平成14年,ＳＲＣ,住宅,,,,,商業地域,80.0,400.0,2008年第１四半期,未改装,,7.3222192947339195
22076335,中古マンション等,,22206,静岡県,三島市,壱町田,三島,14,３ＬＤＫ,75,,,,平成15年,ＲＣ,住宅,住宅,,,,第１種中高層住居専用地域,60.0,200.0,2015年第１四半期,改装済,,7.380211241711606
22017457,中古マンション等,,22135,静岡県,浜松市北区,三ヶ日町大崎,都筑,30分?60分,２ＬＤＫ,75,,,,平成2年,ＳＲＣ,住宅,その他,,,,市街化調整区域,60.0,200.0,2017年第４四半期,未改装,,6.778151250383644
22010127,中古マンション等,,22131,静岡県,浜松市中区,高町,浜松,21,４ＬＤＫ,85,,,,平成26年,ＲＣ,住宅,住宅,,,,第２種住居地域,60.0,200.0,2018年第４四半期,未改装,,7.505149978319906
22005540,中古マンション等,,22102,静岡県,静岡市駿河区,宮本町,静岡,18,３ＬＤＫ,70,,,,平成10年,ＲＣ,住宅,住宅,,,,近隣商業地域,80.0,200.0,2016年第４四半期,未改装,,7.230448921378274
22020974,中古マンション等,,22203,静岡県,沼津市,志下,沼津,1H?1H30,,100,,,,,ＲＣ,住宅,住宅,,,,,,,2016年第４四半期,,,7.230448921378274
22069729,中古マンション等,,22203,静岡県,沼津市,下香貫,沼津,30分?60分,３ＬＤＫ,65,,,,平成2年,ＲＣ,住宅,,,,,第１種住居地域,60.0,200.0,2011年第３四半期,未改装,調停・競売等,6.698970004336019
22090176,中古マンション等,,22131,静岡県,浜松市中区,蜆塚,浜松,30分?60分,３ＬＤＫ,65,,,,平成8年,ＲＣ,住宅,,,,,第１種中高層住居専用地域,60.0,200.0,2009年第４四半期,改装済,,7.146128035678238
22009724,中古マンション等,,22131,静岡県,浜松市中区,住吉,浜松,30分?60分,,55,,,,昭和50年,ＳＲＣ,住宅,住宅,,,,第２種住居地域,60.0,200.0,2016年第２四半期,,,6.0
22020550,中古マンション等,,22203,静岡県,沼津市,大手町,沼津,7,２ＤＫ,60,,,,,,住宅,住宅,,,,商業地域,80.0,400.0,2018年第１四半期,未改装,,6.5910646070264995
22009601,中古マンション等,,22131,静岡県,浜松市中区,助信町,浜松,26,３ＬＤＫ,70,,,,平成25年,ＲＣ,,住宅,,,,商業地域,80.0,400.0,2018年第４四半期,未改装,,7.431363764158987
22123372,中古マンション等,,22132,静岡県,浜松市東区,天龍川町,天竜川,2,３ＬＤＫ,65,,,,平成5年,ＳＲＣ,住宅,,,,,近隣商業地域,80.0,300.0,2008年第４四半期,未改装,,7.113943352306837
22063374,中古マンション等,,22203,静岡県,沼津市,大岡,大岡(静岡),10,３ＬＤＫ,55,,,,,ＲＣ,住宅,,,,,第２種中高層住居専用地域,60.0,200.0,2014年第１四半期,改装済,,7.113943352306837
22118904,中古マンション等,,22101,静岡県,静岡市葵区,東瀬名町,静岡,,２ＬＤＫ,65,,,,平成13年,ＲＣ,住宅,,,,,第２種中高層住居専用地域,60.0,200.0,2006年第３四半期,未改装,,7.301029995663981
22088290,中古マンション等,,22103,静岡県,静岡市清水区,宮下町,清水(静岡),16,４Ｋ,50,,,,昭和53年,ＲＣ,住宅,,,,,第２種住居地域,60.0,200.0,2009年第３四半期,未改装,,6.832508912706237
22008594,中古マンション等,,22131,静岡県,浜松市中区,海老塚,浜松,11,３ＬＤＫ,65,,,,昭和49年,ＳＲＣ,住宅,その他,,,,第１種住居地域,60.0,200.0,2020年第２四半期,未改装,,6.414973347970818
22064546,中古マンション等,,22203,静岡県,沼津市,高沢町,沼津,8,４ＬＤＫ,95,,,,平成14年,ＲＣ,住宅,住宅,,,,商業地域,80.0,400.0,2014年第４四半期,改装済,,7.380211241711606
22051503,中古マンション等,,22102,静岡県,静岡市駿河区,小黒,静岡,20,２ＬＤＫ,45,,,,昭和63年,ＲＣ,住宅,住宅,,,,準工業地域,60.0,200.0,2014年第４四半期,改装済,,6.8750612633917
22062411,中古マンション等,,22131,静岡県,浜松市中区,住吉,浜松,30分?60分,２ＬＤＫ,70,,,,昭和50年,ＳＲＣ,住宅,住宅,,,,第２種住居地域,60.0,200.0,2015年第３四半期,改装済,,7.041392685158225
22020329,中古マンション等,,22203,静岡県,沼津市,大岡,沼津,1H?1H30,２ＬＤＫ,70,,,,平成11年,ＲＣ,住宅,住宅,,,,第２種中高層住居専用地域,60.0,150.0,2018年第２四半期,改装済,,7.146128035678238
22096409,中古マンション等,,22214,静岡県,藤枝市,駅前,藤枝,4,２ＬＤＫ,75,,,,平成24年,ＲＣ,住宅,住宅,,,,商業地域,80.0,400.0,2015年第１四半期,未改装,,7.431363764158987
22090371,中古マンション等,,22211,静岡県,磐田市,中泉,磐田,4,３ＬＤＫ,80,,,,,ＲＣ,住宅,住宅,,,,第１種住居地域,60.0,200.0,2015年第４四半期,改装済,,7.380211241711606
22079913,中古マンション等,,22101,静岡県,静岡市葵区,鷹匠,静岡,6,３ＬＤＫ,70,,,,平成12年,ＳＲＣ,住宅,,,,,商業地域,80.0,400.0,2009年第４四半期,未改装,,7.477121254719663
22010230,中古マンション等,,22131,静岡県,浜松市中区,寺島町,浜松,5,１ＬＤＫ,65,,,,,,住宅,住宅,,,,近隣商業地域,80.0,300.0,2020年第３四半期,未改装,,7.3222192947339195
22002247,中古マンション等,,22101,静岡県,静岡市葵区,長沼,東静岡,1,３ＬＤＫ,75,,,,平成26年,ＲＣ,住宅,住宅,,,,商業地域,80.0,500.0,2016年第３四半期,未改装,,7.556302500767287
22055259,中古マンション等,,22131,静岡県,浜松市中区,寺島町,浜松,11,１Ｋ,25,,,,昭和64年,ＲＣ,住宅,住宅,,,,近隣商業地域,80.0,300.0,2014年第２四半期,未改装,,6.146128035678238
22090861,中古マンション等,,22213,静岡県,掛川市,連雀,掛川,6,３ＬＤＫ,70,,,,平成9年,ＳＲＣ,住宅,,,,,商業地域,80.0,400.0,2011年第４四半期,,,7.176091259055681
22023491,中古マンション等,,22206,静岡県,三島市,長伏,三島,1H?1H30,３ＬＤＫ,70,,,,平成12年,,,住宅,,,,準工業地域,60.0,200.0,2019年第２四半期,改装済,,7.176091259055681
22069624,中古マンション等,,22131,静岡県,浜松市中区,葵西,浜松,1H30?2H,４ＬＤＫ,75,,,,平成5年,ＳＲＣ,住宅,,,,,第１種住居地域,60.0,200.0,2012年第２四半期,改装済,,7.113943352306837
22080415,中古マンション等,,22131,静岡県,浜松市中区,中央,浜松,14,３ＬＤＫ,85,,,,平成19年,ＲＣ,住宅,,,,,商業地域,80.0,300.0,2013年第１四半期,未改装,,7.3979400086720375
22089592,中古マンション等,,22135,静岡県,浜松市北区,三ヶ日町大崎,都筑,30分?60分,２ＬＤＫ,60,,,,昭和63年,ＳＲＣ,住宅,,,,,市街化調整区域,60.0,200.0,2013年第１四半期,改装済,,6.740362689494244
22011518,中古マンション等,,22131,静岡県,浜松市中区,龍禅寺町,浜松,13,３ＬＤＫ,55,,,,平成2年,ＳＲＣ,住宅,住宅,,,,近隣商業地域,80.0,300.0,2016年第１四半期,,,6.8750612633917
22063671,中古マンション等,,22203,静岡県,沼津市,大岡,沼津,30分?60分,３ＬＤＫ,85,,,,平成18年,ＲＣ,住宅,住宅,,,,第２種中高層住居専用地域,60.0,150.0,2014年第３四半期,改装済,,7.278753600952829
22054141,中古マンション等,,22131,静岡県,浜松市中区,海老塚,浜松,12,４ＬＤＫ,90,,,,昭和49年,ＲＣ,住宅,住宅,,,,第１種住居地域,60.0,200.0,2014年第３四半期,未改装,,6.886490725172482
22055889,中古マンション等,,22131,静岡県,浜松市中区,東伊場,浜松,18,３ＬＤＫ,80,,,,昭和61年,ＳＲＣ,住宅,,,,,近隣商業地域,80.0,300.0,2014年第１四半期,改装済,,6.982271233039568
22064554,中古マンション等,,22203,静岡県,沼津市,高沢町,三島,10,,70,,,,,ＳＲＣ,住宅,住宅,,,,商業地域,80.0,400.0,2014年第３四半期,,,7.113943352306837
22107122,中古マンション等,,22210,静岡県,富士市,柚木,富士,18,３ＬＤＫ,80,,,,,ＲＣ,住宅,,,,,第１種住居地域,60.0,200.0,2013年第１四半期,未改装,,7.113943352306837
22012127,中古マンション等,,22132,静岡県,浜松市東区,植松町,浜松,30分?60分,２ＤＫ,40,,,,昭和49年,ＳＲＣ,住宅,住宅,,,,第１種住居地域,60.0,200.0,2017年第１四半期,未改装,,6.079181246047625
22084265,中古マンション等,,22214,静岡県,藤枝市,駅前,藤枝,4,２ＬＤＫ,65,,,,平成24年,ＲＣ,住宅,,,,,商業地域,80.0,400.0,2014年第１四半期,未改装,,7.431363764158987
22010644,中古マンション等,,22131,静岡県,浜松市中区,中島,浜松,23,２ＬＤＫ,65,,,,昭和64年,ＳＲＣ,,住宅,,,,第１種住居地域,60.0,200.0,2017年第３四半期,改装済,,7.278753600952829
22003328,中古マンション等,,22102,静岡県,静岡市駿河区,池田,東静岡,30分?60分,３ＬＤＫ,70,,,,平成23年,ＲＣ,住宅,住宅,,,,第１種住居地域,60.0,200.0,2017年第２四半期,未改装,,7.361727836017593
22063540,中古マンション等,,22131,静岡県,浜松市中区,野口町,浜松,25,３ＤＫ,60,,,,昭和55年,ＲＣ,住宅,住宅,,,,近隣商業地域,80.0,200.0,2015年第４四半期,未改装,,6.863322860120456
22076858,中古マンション等,,22133,静岡県,浜松市西区,舞阪町弁天島,浜松,2H?,３ＬＤＫ,70,,,,平成17年,ＲＣ,住宅,,,,,商業地域,80.0,400.0,2012年第３四半期,未改装,,7.230448921378274
22012755,中古マンション等,,22132,静岡県,浜松市東区,篠ケ瀬町,浜松,1H?1H30,４ＬＤＫ,85,,,,平成10年,ＳＲＣ,住宅,住宅,,,,近隣商業地域,80.0,300.0,2016年第１四半期,未改装,,7.146128035678238
22077148,中古マンション等,,22206,静岡県,三島市,萩,三島,30分?60分,３ＬＤＫ,70,,,,平成6年,ＲＣ,住宅,住宅,,,,第１種中高層住居専用地域,60.0,200.0,2015年第３四半期,改装済,,7.278753600952829
22078490,中古マンション等,,22131,静岡県,浜松市中区,上島,上島,5,２ＬＤＫ,70,,,,平成15年,ＳＲＣ,住宅,,,,,第１種住居地域,60.0,200.0,2013年第１四半期,未改装,,7.113943352306837
22118060,中古マンション等,,22101,静岡県,静岡市葵区,川辺町,静岡,15,１ＤＫ,30,,,,平成11年,ＲＣ,住宅,,,,,商業地域,80.0,400.0,2006年第４四半期,未改装,,6.954242509439325
22010274,中古マンション等,,22131,静岡県,浜松市中区,寺島町,浜松,11,１Ｒ,20,,,,昭和64年,ＲＣ,住宅,住宅,,,,近隣商業地域,80.0,300.0,2016年第３四半期,未改装,,6.079181246047625
22002097,中古マンション等,,22101,静岡県,静岡市葵区,千代田,静岡,30分?60分,４ＬＤＫ,85,,,,平成11年,ＲＣ,住宅,住宅,,,,第１種中高層住居専用地域,60.0,200.0,2018年第３四半期,未改装,,7.3222192947339195
22059484,中古マンション等,,22131,静岡県,浜松市中区,高丘北,上島,30分?60分,３ＬＤＫ,65,,,,平成18年,ＲＣ,住宅,,,,,近隣商業地域,80.0,200.0,2011年第２四半期,未改装,調停・競売等,7.079181246047625
22051130,中古マンション等,,22101,静岡県,静岡市葵区,長沼,東静岡,,２ＬＤＫ,60,,,,平成26年,ＲＣ,住宅,住宅,,,,商業地域,80.0,500.0,2014年第４四半期,改装済,,7.3979400086720375
22051353,中古マンション等,,22101,静岡県,静岡市葵区,竜南,東静岡,30分?60分,４ＬＤＫ,80,,,,平成13年,ＲＣ,住宅,,,,,第２種中高層住居専用地域,60.0,200.0,2014年第１四半期,改装済,,7.4623979978989565
22097417,中古マンション等,,22206,静岡県,三島市,北沢,三島,30分?60分,２ＬＤＫ,65,,,,昭和61年,ＲＣ,住宅,,,,,市街化調整区域,,,2013年第３四半期,改装済,,7.113943352306837
22014708,中古マンション等,,22133,静岡県,浜松市西区,舞阪町弁天島,弁天島,3,２ＬＤＫ,40,,,,昭和51年,,住宅,事務所,,,,商業地域,80.0,400.0,2017年第４四半期,未改装,,6.477121254719663
22092534,中古マンション等,,22131,静岡県,浜松市中区,山下町,浜松,21,３ＬＤＫ,65,,,,平成12年,ＲＣ,住宅,,,,,商業地域,80.0,400.0,2009年第４四半期,改装済,,7.278753600952829
22075417,中古マンション等,,22203,静岡県,沼津市,三園町,沼津,20,４ＬＤＫ,80,,,,平成14年,ＳＲＣ,住宅,住宅,,,,近隣商業地域,80.0,300.0,2015年第１四半期,,,7.278753600952829
22124245,中古マンション等,,22134,静岡県,浜松市南区,東若林町,浜松,30分?60分,１Ｋ,15,,,,平成2年,ＲＣ,住宅,,,,,第１種住居地域,60.0,200.0,2007年第３四半期,改装済,,6.342422680822207
22123885,中古マンション等,,22133,静岡県,浜松市西区,舞阪町弁天島,弁天島,1,２ＬＤＫ,70,,,,,ＲＣ,住宅,,,,,商業地域,80.0,400.0,2007年第３四半期,未改装,,7.3979400086720375
22060599,中古マンション等,,22103,静岡県,静岡市清水区,港町,清水(静岡),24,３ＬＤＫ,70,,,,平成8年,ＳＲＣ,住宅,住宅,,,,工業地域,60.0,200.0,2015年第１四半期,未改装,,7.079181246047625
22060874,中古マンション等,,22135,静岡県,浜松市北区,三ヶ日町都筑,都筑,30分?60分,１ＬＤＫ,50,,,,平成2年,ＳＲＣ,住宅,住宅,,,,市街化調整区域,60.0,200.0,2014年第３四半期,未改装,,6.0
22002571,中古マンション等,,22101,静岡県,静岡市葵区,東鷹匠町,静岡,8,３ＬＤＫ,70,,,,平成13年,ＲＣ,,住宅,,,,第２種住居地域,60.0,200.0,2019年第１四半期,,,7.491361693834273
22004809,中古マンション等,,22102,静岡県,静岡市駿河区,西中原,静岡,25,２ＤＫ,45,,,,昭和48年,ＳＲＣ,住宅,住宅,,,,近隣商業地域,80.0,200.0,2017年第４四半期,改装済,,6.518513939877887
22055240,中古マンション等,,22101,静岡県,静岡市葵区,北安東,静岡,30分?60分,３ＬＤＫ,70,,,,平成10年,ＲＣ,住宅,住宅,,,,第２種中高層住居専用地域,60.0,200.0,2015年第４四半期,未改装,,7.2552725051033065
22096115,中古マンション等,,22203,静岡県,沼津市,米山町,沼津,8,３ＬＤＫ,85,,,,平成9年,ＲＣ,住宅,,,,,第２種住居地域,60.0,200.0,2013年第３四半期,改装済,,7.2552725051033065
22060759,中古マンション等,,22131,静岡県,浜松市中区,領家,浜松,24,３ＬＤＫ,70,,,,平成20年,ＲＣ,住宅,,,,,第１種住居地域,60.0,200.0,2011年第４四半期,未改装,,7.146128035678238
22013278,中古マンション等,,22132,静岡県,浜松市東区,西塚町,浜松,30分?60分,３ＬＤＫ,90,,,,平成20年,ＳＲＣ,住宅,住宅,,,,第１種住居地域,60.0,200.0,2020年第１四半期,改装済,,7.3979400086720375
22084356,中古マンション等,,22102,静岡県,静岡市駿河区,馬渕,静岡,14,３ＬＤＫ,60,,,,,ＲＣ,住宅,,,,,近隣商業地域,80.0,200.0,2009年第３四半期,改装済,,6.845098040014257
22118705,中古マンション等,,22101,静岡県,静岡市葵区,伝馬町,静岡,9,３ＬＤＫ,80,,,,平成12年,ＳＲＣ,住宅,,,,,商業地域,80.0,500.0,2008年第２四半期,未改装,,7.505149978319906
22072753,中古マンション等,,22206,静岡県,三島市,萩,三島,30分?60分,４ＬＤＫ,85,,,,平成9年,ＲＣ,住宅,,,,,第２種住居地域,60.0,200.0,2011年第４四半期,未改装,,7.301029995663981
22060732,中古マンション等,,22131,静岡県,浜松市中区,龍禅寺町,浜松,16,２ＤＫ,70,,,,平成9年,ＲＣ,住宅,,,,,第２種住居地域,60.0,200.0,2011年第４四半期,未改装,調停・競売等,6.9084850188786495
22010079,中古マンション等,,22131,静岡県,浜松市中区,高丘東,浜松,1H?1H30,３ＬＤＫ,60,,,,平成4年,ＲＣ,住宅,住宅,,,,工業地域,60.0,200.0,2016年第３四半期,改装済,,7.113943352306837
22087161,中古マンション等,,22210,静岡県,富士市,富士町,富士,4,３ＬＤＫ,65,,,,平成18年,ＲＣ,住宅,住宅,,,,商業地域,80.0,400.0,2015年第３四半期,改装済,,7.2552725051033065
22064461,中古マンション等,,22134,静岡県,浜松市南区,東若林町,浜松,30分?60分,,15,,,,平成2年,ＲＣ,住宅,,,,,第１種住居地域,60.0,200.0,2011年第１四半期,,,6.079181246047625
22078169,中古マンション等,,22101,静岡県,静岡市葵区,春日,静岡,21,３ＤＫ,50,,,,昭和47年,ＳＲＣ,住宅,,,,,第２種住居地域,60.0,200.0,2009年第４四半期,未改装,,6.653212513775344
22051115,中古マンション等,,22101,静岡県,静岡市葵区,常磐町,静岡,9,３ＬＤＫ,65,,,,平成10年,ＲＣ,住宅,住宅,,,,商業地域,80.0,500.0,2014年第１四半期,未改装,,7.361727836017593
22123872,中古マンション等,,22133,静岡県,浜松市西区,舞阪町弁天島,弁天島,2,１ＤＫ,35,,,,昭和51年,ＳＲＣ,住宅,,,,,商業地域,80.0,400.0,2008年第３四半期,未改装,,6.518513939877887
22070163,中古マンション等,,22131,静岡県,浜松市中区,上島,浜松,30分?60分,３ＬＤＫ,75,,,,平成16年,ＲＣ,住宅,,,,,第１種住居地域,60.0,200.0,2012年第３四半期,改装済,,7.301029995663981
22015524,中古マンション等,,22134,静岡県,浜松市南区,西伝寺町,浜松,30分?60分,,70,,,,平成2年,,,住宅,,,,第１種住居地域,60.0,200.0,2018年第４四半期,,,6.826074802700826
22075821,中古マンション等,,22210,静岡県,富士市,水戸島本町,富士,6,１Ｋ,15,,,,平成4年,ＳＲＣ,住宅,,,,,近隣商業地域,80.0,300.0,2014年第１四半期,,,6.2552725051033065
22085550,中古マンション等,,22211,静岡県,磐田市,中泉,磐田,3,３ＬＤＫ,75,,,,平成19年,ＲＣ,住宅,,,,,商業地域,80.0,400.0,2011年第１四半期,未改装,,7.361727836017593
22012466,中古マンション等,,22132,静岡県,浜松市東区,上西町,浜松,30分?60分,３ＬＤＫ,70,,,,平成15年,,住宅,住宅,,,,工業地域,60.0,200.0,2018年第２四半期,未改装,,7.2552725051033065
22000824,中古マンション等,,22101,静岡県,静岡市葵区,川辺町,静岡,16,１ＤＫ,25,,,,平成11年,ＲＣ,住宅,住宅,,,,商業地域,80.0,400.0,2016年第２四半期,未改装,,6.799340549453582
22016156,中古マンション等,,22134,静岡県,浜松市南区,三島町,浜松,21,３ＬＤＫ,95,,,,平成20年,,,,,,,第１種住居地域,60.0,200.0,2017年第４四半期,未改装,,7.342422680822207
22009693,中古マンション等,,22131,静岡県,浜松市中区,住吉,浜松,30分?60分,２ＬＤＫ,60,,,,昭和50年,ＳＲＣ,住宅,住宅,,,,第２種住居地域,60.0,200.0,2018年第３四半期,改装済,,6.8061799739838875
22017432,中古マンション等,,22135,静岡県,浜松市北区,三ヶ日町大崎,都筑,30分?60分,１ＬＤＫ,55,,,,平成4年,ＳＲＣ,住宅,住宅,,,,市街化調整区域,60.0,200.0,2020年第３四半期,未改装,,6.698970004336019
22074258,中古マンション等,,22132,静岡県,浜松市東区,笠井新田町,浜松,2H?,４ＬＤＫ,70,,,,平成4年,ＳＲＣ,住宅,,,,,市街化調整区域,60.0,200.0,2012年第２四半期,未改装,,7.041392685158225
22010900,中古マンション等,,22131,静岡県,浜松市中区,野口町,浜松,21,２ＬＤＫ,70,,,,平成4年,ＲＣ,住宅,住宅,,,,近隣商業地域,80.0,200.0,2018年第３四半期,改装済,,7.146128035678238
22128674,中古マンション等,,22210,静岡県,富士市,蓼原,富士,18,３ＬＤＫ,65,,,,平成19年,ＲＣ,住宅,,,,,工業地域,60.0,200.0,2007年第４四半期,,,7.301029995663981
22022061,中古マンション等,,22203,静岡県,沼津市,三園町,沼津,20,３ＬＤＫ,75,,,,平成14年,ＳＲＣ,住宅,住宅,,,,近隣商業地域,80.0,300.0,2019年第２四半期,未改装,,7.230448921378274
22020936,中古マンション等,,22203,静岡県,沼津市,三枚橋町,沼津,5,１ＬＤＫ,40,,,,平成2年,ＲＣ,住宅,住宅,,,,近隣商業地域,80.0,300.0,2019年第４四半期,改装済,,7.3222192947339195
22032368,中古マンション等,,22211,静岡県,磐田市,今之浦,磐田,18,３ＬＤＫ,65,,,,平成2年,ＲＣ,,住宅,,,,第２種住居地域,60.0,200.0,2020年第３四半期,未改装,,6.863322860120456
22001303,中古マンション等,,22101,静岡県,静岡市葵区,七間町,静岡,11,２ＤＫ,50,,,,昭和63年,ＳＲＣ,住宅,住宅,,,,商業地域,80.0,600.0,2016年第３四半期,改装済,,7.041392685158225
22080417,中古マンション等,,22131,静岡県,浜松市中区,中央,浜松,10,３ＬＤＫ,65,,,,平成12年,ＳＲＣ,住宅,,,,,商業地域,80.0,400.0,2013年第１四半期,未改装,,7.342422680822207
22072828,中古マンション等,,22206,静岡県,三島市,東本町,三島,20,３ＬＤＫ,70,,,,平成8年,ＲＣ,住宅,,,,,第１種住居地域,60.0,200.0,2011年第３四半期,未改装,,7.230448921378274
22119498,中古マンション等,,22102,静岡県,静岡市駿河区,鎌田,安倍川,6,３ＬＤＫ,80,,,,平成10年,ＳＲＣ,住宅,,,,,第１種住居地域,60.0,200.0,2007年第１四半期,未改装,,7.146128035678238
22008800,中古マンション等,,22131,静岡県,浜松市中区,上島,浜松,1H?1H30,３ＬＤＫ,80,,,,昭和64年,ＲＣ,住宅,住宅,,,,準住居地域,60.0,200.0,2017年第１四半期,改装済,,7.041392685158225
22053936,中古マンション等,,22102,静岡県,静岡市駿河区,緑が丘町,静岡,30分?60分,３ＬＤＫ,70,,,,平成11年,ＲＣ,住宅,,,,,工業地域,60.0,200.0,2010年第３四半期,未改装,,7.146128035678238
22010241,中古マンション等,,22131,静岡県,浜松市中区,寺島町,浜松,11,１Ｋ,20,,,,昭和64年,ＳＲＣ,,住宅,,,,近隣商業地域,80.0,300.0,2019年第４四半期,未改装,,6.342422680822207
22000519,中古マンション等,,22101,静岡県,静岡市葵区,春日,静岡,23,３ＤＫ,75,,,,昭和48年,,住宅,住宅,,,,第２種住居地域,60.0,200.0,2020年第２四半期,未改装,,6.763427993562937
22057690,中古マンション等,,22131,静岡県,浜松市中区,中央,浜松,11,３ＬＤＫ,85,,,,平成19年,ＲＣ,住宅,,,,,商業地域,80.0,400.0,2010年第２四半期,改装済,,7.57978359661681
22021740,中古マンション等,,22203,静岡県,沼津市,原町中,原(静岡),15,３ＬＤＫ,65,,,,平成12年,ＲＣ,,,,,,第２種住居地域,60.0,200.0,2018年第１四半期,未改装,,7.113943352306837
22078918,中古マンション等,,22131,静岡県,浜松市中区,鴨江,浜松,30分?60分,１ＤＫ,30,,,,昭和50年,ＲＣ,住宅,,,,,第２種中高層住居専用地域,60.0,200.0,2013年第１四半期,未改装,,6.505149978319906
22068204,中古マンション等,,22134,静岡県,浜松市南区,東若林町,浜松,30分?60分,２ＬＤＫ,65,,,,平成20年,ＲＣ,住宅,住宅,,,,第２種住居地域,60.0,200.0,2015年第１四半期,未改装,,7.230448921378274
22106161,中古マンション等,,22206,静岡県,三島市,広小路町,三島広小路,3,１ＬＤＫ,45,,,,平成20年,ＲＣ,住宅,,,,,商業地域,80.0,400.0,2009年第３四半期,未改装,,7.204119982655925
22064175,中古マンション等,,22131,静岡県,浜松市中区,領家,浜松,30分?60分,３ＬＤＫ,65,,,,平成20年,ＲＣ,住宅,住宅,,,,第１種住居地域,60.0,200.0,2015年第１四半期,改装済,,7.342422680822207
22011464,中古マンション等,,22131,静岡県,浜松市中区,山手町,浜松,30分?60分,３ＬＤＫ,75,,,,昭和60年,ＲＣ,住宅,住宅,,,,第１種中高層住居専用地域,60.0,200.0,2016年第２四半期,改装済,,7.079181246047625
22001164,中古マンション等,,22101,静岡県,静岡市葵区,駒形通,静岡,13,２ＬＤＫ,55,,,,平成10年,ＳＲＣ,,住宅,,,,,,,2018年第３四半期,未改装,,7.342422680822207
22053766,中古マンション等,,22101,静岡県,静岡市葵区,長沼,東静岡,14,３ＬＤＫ,70,,,,平成13年,ＲＣ,住宅,,,,,準工業地域,60.0,200.0,2011年第１四半期,未改装,,7.278753600952829
22006984,中古マンション等,,22103,静岡県,静岡市清水区,庄福町,清水(静岡),30分?60分,２ＬＤＫ,55,,,,昭和49年,ＲＣ,住宅,,,,,第１種中高層住居専用地域,60.0,200.0,2016年第２四半期,,,6.431363764158987
22098630,中古マンション等,,22210,静岡県,富士市,永田町,柚木(ＪＲ),30分?60分,２ＬＤＫ,70,,,,平成17年,ＲＣ,住宅,,,,,近隣商業地域,80.0,200.0,2012年第３四半期,未改装,,7.3222192947339195
22079462,中古マンション等,,22101,静岡県,静岡市葵区,瀬名,草薙(ＪＲ),30分?60分,２ＤＫ,45,,,,昭和46年,ＲＣ,住宅,,,,,第１種中高層住居専用地域,60.0,150.0,2009年第１四半期,未改装,,6.3979400086720375
22020652,中古マンション等,,22203,静岡県,沼津市,岡一色,沼津,30分?60分,４ＬＤＫ,75,,,,平成11年,ＲＣ,住宅,,,,,第２種中高層住居専用地域,60.0,150.0,2016年第４四半期,改装済,,7.0
22021137,中古マンション等,,22203,静岡県,沼津市,庄栄町,沼津,11,３ＬＤＫ,75,,,,平成15年,ＲＣ,住宅,住宅,,,,第２種住居地域,60.0,200.0,2016年第３四半期,未改装,,7.278753600952829
22113888,中古マンション等,,22212,静岡県,焼津市,本町,焼津,8,３ＬＤＫ,75,,,,平成19年,ＲＣ,住宅,,,,,商業地域,80.0,400.0,2009年第４四半期,未改装,,7.3222192947339195
22004255,中古マンション等,,22102,静岡県,静岡市駿河区,手越,安倍川,21,４ＬＤＫ,85,,,,平成12年,ＲＣ,住宅,住宅,,,,準工業地域,60.0,200.0,2017年第３四半期,未改装,,7.146128035678238
22019980,中古マンション等,,22203,静岡県,沼津市,上土町,沼津,9,３ＬＤＫ,95,,,,平成9年,ＳＲＣ,住宅,住宅,,,,商業地域,80.0,500.0,2018年第４四半期,改装済,,7.3979400086720375
22031911,中古マンション等,,22210,静岡県,富士市,御幸町,富士,30分?60分,３ＬＤＫ,110,,,,平成17年,ＲＣ,住宅,住宅,,,,近隣商業地域,80.0,300.0,2018年第１四半期,未改装,調停・競売等,7.278753600952829
22010487,中古マンション等,,22131,静岡県,浜松市中区,富塚町,浜松,1H?1H30,４ＬＤＫ,110,,,,平成5年,ＲＣ,住宅,住宅,,,,第１種低層住居専用地域,40.0,60.0,2017年第３四半期,未改装,,7.113943352306837
22023882,中古マンション等,,22206,静岡県,三島市,南町,三島田町,10,３ＬＤＫ,75,,,,平成16年,,,住宅,,,,第２種住居地域,60.0,200.0,2019年第１四半期,未改装,,7.380211241711606
22085351,中古マンション等,,22203,静岡県,沼津市,三枚橋町,沼津,5,３ＬＤＫ,80,,,,平成18年,ＲＣ,住宅,,,,,近隣商業地域,80.0,300.0,2012年第４四半期,未改装,,7.361727836017593
22010389,中古マンション等,,22131,静岡県,浜松市中区,富塚町,浜松,30分?60分,３ＬＤＫ,110,,,,平成5年,,住宅,住宅,,,,第１種低層住居専用地域,40.0,60.0,2019年第４四半期,未改装,,7.204119982655925
22088494,中古マンション等,,22210,静岡県,富士市,吉原,富士,30分?60分,２ＬＤＫ,65,,,,平成5年,ＳＲＣ,住宅,住宅,,,,商業地域,80.0,400.0,2015年第２四半期,未改装,,6.929418925714293
22033777,中古マンション等,,22211,静岡県,磐田市,中泉,磐田,3,２ＬＤＫ,60,,,,,,,住宅,,,,商業地域,80.0,400.0,2019年第３四半期,改装済,,7.342422680822207
22009479,中古マンション等,,22131,静岡県,浜松市中区,十軒町,浜松,30分?60分,２ＬＤＫ,60,,,,平成10年,ＲＣ,住宅,住宅,,,,第１種住居地域,60.0,200.0,2020年第１四半期,未改装,,7.113943352306837
22087812,中古マンション等,,22210,静岡県,富士市,水戸島,富士,10,４ＬＤＫ,90,,,,昭和64年,ＳＲＣ,住宅,住宅,,,,第２種住居地域,60.0,200.0,2015年第４四半期,改装済,,7.079181246047625
22063382,中古マンション等,,22101,静岡県,静岡市葵区,長沼,東静岡,12,４ＬＤＫ,70,,,,平成9年,ＲＣ,住宅,,,,,準工業地域,60.0,200.0,2012年第３四半期,改装済,,7.2552725051033065
22122430,中古マンション等,,22131,静岡県,浜松市中区,菅原町,浜松,14,３ＬＤＫ,100,,,,平成10年,ＲＣ,住宅,,,,,近隣商業地域,80.0,300.0,2007年第２四半期,改装済,,7.4623979978989565
22005313,中古マンション等,,22102,静岡県,静岡市駿河区,丸子新田,安倍川,20,３ＬＤＫ,65,,,,平成16年,ＲＣ,住宅,住宅,,,,準工業地域,60.0,200.0,2017年第４四半期,未改装,,7.0
22123126,中古マンション等,,22132,静岡県,浜松市東区,植松町,浜松,30分?60分,２ＤＫ,45,,,,昭和49年,ＲＣ,住宅,,,,,工業地域,60.0,200.0,2007年第４四半期,未改装,,6.6020599913279625
22091152,中古マンション等,,22131,静岡県,浜松市中区,田町,浜松,7,２ＬＤＫ,115,,,,平成18年,ＲＣ,住宅,,,,,商業地域,80.0,600.0,2009年第４四半期,改装済,,7.698970004336019
22032229,中古マンション等,,22210,静岡県,富士市,吉原,吉原本町,2,３ＬＤＫ,90,,,,平成17年,ＳＲＣ,住宅,住宅,,,,商業地域,80.0,400.0,2018年第４四半期,改装済,,7.380211241711606
22009158,中古マンション等,,22131,静岡県,浜松市中区,幸,浜松,1H?1H30,２ＬＤＫ,65,,,,昭和50年,ＳＲＣ,住宅,,,,,第２種住居地域,60.0,200.0,2019年第３四半期,未改装,,6.653212513775344
22060473,中古マンション等,,22131,静岡県,浜松市中区,曳馬,浜松,30分?60分,３ＬＤＫ,80,,,,平成16年,ＲＣ,住宅,,,,,第１種住居地域,60.0,200.0,2011年第１四半期,未改装,,7.2552725051033065
22062932,中古マンション等,,22131,静岡県,浜松市中区,寺島町,浜松,13,１Ｋ,20,,,,平成3年,ＳＲＣ,住宅,住宅,,,,近隣商業地域,80.0,300.0,2015年第３四半期,未改装,,6.301029995663981
22122122,中古マンション等,,22131,静岡県,浜松市中区,板屋町,浜松,7,３ＬＤＫ,70,,,,平成13年,ＲＣ,住宅,,,,,商業地域,80.0,400.0,2008年第２四半期,未改装,,7.477121254719663
22060597,中古マンション等,,22103,静岡県,静岡市清水区,港町,清水(静岡),23,３ＬＤＫ,70,,,,平成8年,ＳＲＣ,住宅,,,,,工業地域,60.0,200.0,2015年第２四半期,改装済,,7.3222192947339195
22066775,中古マンション等,,22206,静岡県,三島市,南町,三島,21,２ＬＤＫ,70,,,,平成16年,ＲＣ,住宅,住宅,,,,第２種住居地域,60.0,200.0,2014年第３四半期,未改装,,7.230448921378274
22022925,中古マンション等,,22206,静岡県,三島市,梅名,大場,15,３ＬＤＫ,70,,,,平成8年,,,住宅,,,,第２種中高層住居専用地域,60.0,200.0,2019年第４四半期,改装済,,7.113943352306837
22075071,中古マンション等,,22103,静岡県,静岡市清水区,永楽町,清水(静岡),18,２ＬＤＫ,65,,,,平成16年,ＲＣ,住宅,,,,,工業地域,60.0,200.0,2013年第３四半期,改装済,,7.204119982655925
22124255,中古マンション等,,22134,静岡県,浜松市南区,本郷町,浜松,30分?60分,３ＬＤＫ,65,,,,平成10年,ＲＣ,住宅,,,,,第２種中高層住居専用地域,60.0,200.0,2008年第３四半期,未改装,調停・競売等,6.880813592280791
22002181,中古マンション等,,22101,静岡県,静岡市葵区,常磐町,静岡,10,２ＬＤＫ,50,,,,平成11年,,,住宅,,,,商業地域,80.0,500.0,2017年第３四半期,改装済,,7.204119982655925
22012753,中古マンション等,,22132,静岡県,浜松市東区,篠ケ瀬町,浜松,1H?1H30,３ＬＤＫ,75,,,,平成10年,ＳＲＣ,住宅,住宅,,,,近隣商業地域,80.0,300.0,2016年第２四半期,未改装,,7.113943352306837
22121167,中古マンション等,,22103,静岡県,静岡市清水区,草薙,草薙(ＪＲ),10,４ＬＤＫ,80,,,,平成9年,ＲＣ,住宅,,,,,第１種住居地域,60.0,200.0,2007年第４四半期,未改装,,7.2552725051033065
22131063,中古マンション等,,22214,静岡県,藤枝市,高洲,藤枝,24,３ＬＤＫ,60,,,,平成7年,ＲＣ,住宅,,,,,第２種中高層住居専用地域,60.0,150.0,2008年第４四半期,未改装,,7.146128035678238
22021305,中古マンション等,,22203,静岡県,沼津市,高沢町,沼津,7,４ＬＤＫ,100,,,,平成11年,ＲＣ,住宅,住宅,,,,商業地域,80.0,400.0,2019年第３四半期,未改装,,7.342422680822207
22076961,中古マンション等,,22206,静岡県,三島市,徳倉,三島,30分?60分,３ＬＤＫ,65,,,,昭和62年,ＲＣ,住宅,住宅,,,,第１種中高層住居専用地域,60.0,150.0,2015年第４四半期,未改装,,7.176091259055681
22122468,中古マンション等,,22131,静岡県,浜松市中区,住吉,浜松,30分?60分,３ＬＤＫ,55,,,,昭和50年,ＲＣ,住宅,,,,,第２種住居地域,60.0,200.0,2007年第３四半期,改装済,,6.8750612633917
22001250,中古マンション等,,22101,静岡県,静岡市葵区,三番町,静岡,29,２ＬＤＫ,55,,,,昭和64年,,,,,,,近隣商業地域,80.0,200.0,2020年第１四半期,未改装,,6.477121254719663
22056088,中古マンション等,,22102,静岡県,静岡市駿河区,谷田,草薙(ＪＲ),13,２ＬＤＫ,55,,,,平成14年,ＲＣ,住宅,,,,,第１種中高層住居専用地域,60.0,200.0,2011年第２四半期,改装済,,7.3222192947339195
22012642,中古マンション等,,22132,静岡県,浜松市東区,神立町,浜松,30分?60分,３ＬＤＫ,70,,,,平成18年,ＲＣ,,その他,,,,第２種住居地域,60.0,200.0,2019年第３四半期,未改装,,7.176091259055681
22059054,中古マンション等,,22131,静岡県,浜松市中区,佐藤,浜松,21,４ＬＤＫ,90,,,,平成15年,ＲＣ,住宅,,,,,近隣商業地域,80.0,200.0,2011年第１四半期,未改装,,7.204119982655925
22086024,中古マンション等,,22203,静岡県,沼津市,西沢田,沼津,30分?60分,,70,,,,昭和64年,ＲＣ,住宅,,,,,工業地域,,,2012年第３四半期,,調停・競売等,6.778151250383644
22073937,中古マンション等,,22102,静岡県,静岡市駿河区,曲金,東静岡,15,４ＬＤＫ,80,,,,平成20年,ＲＣ,住宅,,,,,工業地域,60.0,200.0,2013年第２四半期,改装済,,7.518513939877887
22030839,中古マンション等,,22210,静岡県,富士市,中島,富士,16,１ＤＫ,35,,,,平成2年,ＲＣ,住宅,住宅,,,,第２種中高層住居専用地域,60.0,150.0,2017年第１四半期,未改装,,6.57978359661681
22069200,中古マンション等,,22101,静岡県,静岡市葵区,七間町,静岡,12,３ＬＤＫ,75,,,,平成14年,ＳＲＣ,住宅,,,,,商業地域,80.0,600.0,2013年第１四半期,改装済,,7.477121254719663
22009865,中古マンション等,,22131,静岡県,浜松市中区,高丘北,浜松,1H30?2H,４ＬＤＫ,85,,,,平成11年,,,住宅,,,,第１種住居地域,60.0,200.0,2017年第４四半期,未改装,,7.079181246047625
22008653,中古マンション等,,22131,静岡県,浜松市中区,鍛冶町,浜松,4,３ＬＤＫ,80,,,,平成28年,,住宅,住宅,,,,商業地域,80.0,500.0,2019年第３四半期,未改装,,7.690196080028514
22083047,中古マンション等,,22210,静岡県,富士市,水戸島本町,富士,6,１ＤＫ,30,,,,平成4年,ＳＲＣ,住宅,,,,,近隣商業地域,80.0,300.0,2011年第１四半期,未改装,,6.3979400086720375
22072869,中古マンション等,,22102,静岡県,静岡市駿河区,石部,用宗,18,１ＤＫ,40,,,,平成6年,ＲＣ,住宅,,,,,第１種住居地域,60.0,200.0,2013年第２四半期,未改装,,6.903089986991944
22057747,中古マンション等,,22131,静岡県,浜松市中区,寺島町,浜松,11,２ＬＤＫ,55,,,,平成3年,ＳＲＣ,住宅,,,,,近隣商業地域,80.0,300.0,2010年第１四半期,未改装,,6.845098040014257
22117771,中古マンション等,,22101,静岡県,静岡市葵区,安東,静岡,30分?60分,３ＬＤＫ,90,,,,昭和59年,ＲＣ,住宅,,,,,第２種中高層住居専用地域,60.0,200.0,2008年第４四半期,未改装,,7.230448921378274
22055883,中古マンション等,,22131,静岡県,浜松市中区,東伊場,浜松,26,,85,,,,昭和62年,ＳＲＣ,住宅,住宅,,,,近隣商業地域,80.0,300.0,2014年第２四半期,未改装,,6.968482948553935
22092111,中古マンション等,,22131,静岡県,浜松市中区,東伊場,浜松,28,３ＬＤＫ,75,,,,昭和62年,ＳＲＣ,住宅,,,,,近隣商業地域,80.0,300.0,2009年第４四半期,改装済,,7.113943352306837
22061526,中古マンション等,,22131,静岡県,浜松市中区,上島,浜松,1H?1H30,３ＬＤＫ,70,,,,平成10年,ＲＣ,住宅,住宅,,,,第１種住居地域,60.0,200.0,2015年第１四半期,改装済,,7.204119982655925
22124152,中古マンション等,,22134,静岡県,浜松市南区,西伝寺町,浜松,30分?60分,３ＬＤＫ,70,,,,平成2年,ＳＲＣ,住宅,,,,,第１種住居地域,60.0,200.0,2008年第４四半期,未改装,,6.959041392321094
22076385,中古マンション等,,22210,静岡県,富士市,吉原,富士,30分?60分,３ＬＤＫ,60,,,,平成5年,ＳＲＣ,住宅,住宅,,,,商業地域,80.0,400.0,2014年第３四半期,,,6.903089986991944
22077559,中古マンション等,,22206,静岡県,三島市,南町,三島田町,10,３ＬＤＫ,75,,,,平成16年,ＲＣ,住宅,,,,,第２種住居地域,60.0,200.0,2015年第２四半期,未改装,,7.431363764158987
22122308,中古マンション等,,22131,静岡県,浜松市中区,佐藤,浜松,30分?60分,３ＬＤＫ,75,,,,平成14年,ＳＲＣ,住宅,,,,,第２種住居地域,60.0,200.0,2008年第４四半期,未改装,,7.176091259055681
22009878,中古マンション等,,22131,静岡県,浜松市中区,高丘北,浜松,1H30?2H,３ＬＤＫ,80,,,,平成18年,ＲＣ,住宅,住宅,,,,第１種住居地域,60.0,200.0,2017年第２四半期,未改装,,7.204119982655925
22017672,中古マンション等,,22135,静岡県,浜松市北区,三ヶ日町都筑,都筑,20,１ＬＤＫ,70,,,,平成2年,ＳＲＣ,住宅,住宅,,,,市街化調整区域,60.0,200.0,2018年第４四半期,未改装,,6.880813592280791
22003609,中古マンション等,,22102,静岡県,静岡市駿河区,小黒,静岡,19,２ＬＤＫ,55,,,,昭和63年,ＲＣ,,住宅,,,,準工業地域,60.0,200.0,2018年第４四半期,,,6.954242509439325
22090374,中古マンション等,,22211,静岡県,磐田市,中泉,磐田,2,２ＬＤＫ,60,,,,,ＲＣ,住宅,住宅,,,,商業地域,80.0,400.0,2015年第３四半期,未改装,,7.278753600952829
22020820,中古マンション等,,22203,静岡県,沼津市,上香貫,沼津,30分?60分,３ＬＤＫ,55,,,,平成7年,ＲＣ,住宅,住宅,,,,,,,2016年第１四半期,,,6.897627091290442
22020556,中古マンション等,,22203,静岡県,沼津市,大手町,沼津,3,２ＬＤＫ,70,,,,平成19年,ＲＣ,住宅,住宅,,,,商業地域,80.0,500.0,2017年第１四半期,未改装,,7.414973347970818
22059482,中古マンション等,,22131,静岡県,浜松市中区,大工町,浜松,9,３ＬＤＫ,100,,,,平成17年,ＳＲＣ,住宅,,,,,商業地域,80.0,400.0,2011年第２四半期,未改装,,7.633468455579586
22126468,中古マンション等,,22206,静岡県,三島市,萩,三島,30分?60分,５ＬＤＫ,95,,,,平成9年,ＲＣ,住宅,,,,,第１種中高層住居専用地域,60.0,150.0,2008年第４四半期,未改装,,7.2552725051033065
22051109,中古マンション等,,22101,静岡県,静岡市葵区,常磐町,静岡,11,３ＬＤＫ,60,,,,平成10年,ＲＣ,住宅,住宅,,,,商業地域,80.0,500.0,2014年第２四半期,未改装,,7.204119982655925
22021958,中古マンション等,,22203,静岡県,沼津市,本,沼津,9,１Ｋ,20,,,,昭和60年,ＲＣ,住宅,住宅,,,,近隣商業地域,80.0,200.0,2017年第４四半期,改装済,,6.176091259055681
22070066,中古マンション等,,22135,静岡県,浜松市北区,三ヶ日町都筑,都筑,30分?60分,１ＬＤＫ,50,,,,平成2年,ＳＲＣ,住宅,住宅,,,,市街化調整区域,60.0,200.0,2015年第３四半期,改装済,,6.5910646070264995
22020539,中古マンション等,,22203,静岡県,沼津市,大手町,沼津,8,３ＬＤＫ,75,,,,平成12年,,住宅,住宅,,,,商業地域,80.0,500.0,2019年第３四半期,未改装,,7.146128035678238
22001300,中古マンション等,,22101,静岡県,静岡市葵区,七間町,静岡,13,３ＬＤＫ,100,,,,平成14年,,住宅,住宅,,,,商業地域,80.0,600.0,2017年第４四半期,未改装,,7.544068044350276
22012980,中古マンション等,,22132,静岡県,浜松市東区,天王町,浜松,1H?1H30,２ＤＫ,55,,,,平成2年,ＲＣ,住宅,住宅,,,,第１種住居地域,60.0,200.0,2019年第２四半期,未改装,,6.763427993562937
22119123,中古マンション等,,22101,静岡県,静岡市葵区,屋形町,静岡,18,２Ｋ,45,,,,昭和59年,ＲＣ,住宅,,,,,近隣商業地域,80.0,300.0,2007年第２四半期,改装済,,6.740362689494244
22093395,中古マンション等,,22203,静岡県,沼津市,大岡,下土狩,9,３ＬＤＫ,60,,,,平成11年,ＲＣ,住宅,,,,,第２種中高層住居専用地域,60.0,150.0,2013年第２四半期,改装済,,7.113943352306837
22109439,中古マンション等,,22212,静岡県,焼津市,栄町,焼津,5,３ＬＤＫ,65,,,,平成9年,ＲＣ,住宅,,,,,準工業地域,60.0,200.0,2013年第２四半期,未改装,,7.146128035678238
22023366,中古マンション等,,22206,静岡県,三島市,徳倉,三島,30分?60分,４ＬＤＫ,75,,,,昭和62年,ＲＣ,,住宅,,,,第１種中高層住居専用地域,60.0,150.0,2018年第４四半期,未改装,,7.230448921378274
22053812,中古マンション等,,22102,静岡県,静岡市駿河区,馬渕,静岡,11,４ＬＤＫ,80,,,,平成14年,ＲＣ,住宅,,,,,近隣商業地域,80.0,200.0,2010年第４四半期,未改装,,7.342422680822207
22071629,中古マンション等,,22131,静岡県,浜松市中区,高丘北,浜松,1H30?2H,３ＬＤＫ,90,,,,平成3年,ＲＣ,住宅,,,,,第１種住居地域,60.0,200.0,2012年第３四半期,未改装,,7.079181246047625
22122981,中古マンション等,,22131,静岡県,浜松市中区,領家,浜松,23,３ＬＤＫ,70,,,,平成20年,ＲＣ,住宅,,,,,第１種住居地域,60.0,200.0,2008年第３四半期,未改装,,7.414973347970818
22021676,中古マンション等,,22203,静岡県,沼津市,原,原(静岡),14,４ＬＤＫ,70,,,,昭和64年,ＳＲＣ,,住宅,,,,第１種住居地域,60.0,200.0,2019年第１四半期,未改装,,6.845098040014257
22085070,中古マンション等,,22210,静岡県,富士市,今泉,吉原,30分?60分,３ＬＤＫ,70,,,,平成18年,ＲＣ,住宅,住宅,,,,工業地域,60.0,200.0,2015年第２四半期,未改装,調停・競売等,7.146128035678238
22005331,中古マンション等,,22102,静岡県,静岡市駿河区,丸子新田,静岡,30分?60分,３ＬＤＫ,80,,,,平成16年,ＲＣ,住宅,住宅,,,,準工業地域,60.0,200.0,2016年第４四半期,未改装,,7.230448921378274
22073266,中古マンション等,,22210,静岡県,富士市,今泉,本吉原,8,３ＬＤＫ,75,,,,平成18年,ＲＣ,住宅,住宅,,,,工業地域,60.0,200.0,2014年第２四半期,未改装,,7.230448921378274
22078393,中古マンション等,,22131,静岡県,浜松市中区,海老塚,浜松,11,３ＬＤＫ,75,,,,,ＳＲＣ,住宅,,,,,第１種住居地域,60.0,200.0,2013年第２四半期,未改装,,6.897627091290442
22021237,中古マンション等,,22203,静岡県,沼津市,浅間町,沼津,14,３ＬＤＫ,75,,,,平成23年,ＲＣ,住宅,住宅,,,,商業地域,80.0,400.0,2018年第１四半期,未改装,,7.380211241711606
22007728,中古マンション等,,22103,静岡県,静岡市清水区,万世町,清水(静岡),14,３ＬＤＫ,75,,,,,ＲＣ,,住宅,,,,商業地域,80.0,400.0,2020年第２四半期,未改装,,7.113943352306837
22081369,中古マンション等,,22212,静岡県,焼津市,本町,焼津,14,３ＬＤＫ,75,,,,平成2年,ＳＲＣ,住宅,住宅,,,,近隣商業地域,80.0,200.0,2014年第４四半期,未改装,,6.740362689494244
22122818,中古マンション等,,22131,静岡県,浜松市中区,東伊場,浜松,18,３ＬＤＫ,80,,,,昭和61年,ＲＣ,住宅,,,,,近隣商業地域,80.0,300.0,2007年第３四半期,未改装,,7.113943352306837
22095808,中古マンション等,,22203,静岡県,沼津市,本,沼津,11,３ＬＤＫ,65,,,,平成12年,ＲＣ,住宅,,,,,近隣商業地域,80.0,200.0,2013年第１四半期,未改装,,7.176091259055681
22112692,中古マンション等,,22211,静岡県,磐田市,二之宮東,磐田,8,４ＬＤＫ,90,,,,平成15年,ＲＣ,住宅,,,,,第２種住居地域,60.0,200.0,2009年第２四半期,未改装,,7.361727836017593
22064469,中古マンション等,,22203,静岡県,沼津市,杉崎町,沼津,13,３ＬＤＫ,70,,,,,ＲＣ,住宅,その他,,,,第２種住居地域,60.0,200.0,2014年第４四半期,未改装,,7.113943352306837
22007434,中古マンション等,,22103,静岡県,静岡市清水区,西高町,清水(静岡),30分?60分,３ＬＤＫ,80,,,,平成19年,ＲＣ,,住宅,,,,第２種中高層住居専用地域,60.0,200.0,2020年第１四半期,,,7.301029995663981
22020081,中古マンション等,,22203,静岡県,沼津市,泉町,沼津,16,３ＬＤＫ,65,,,,昭和64年,ＲＣ,住宅,住宅,,,,第２種中高層住居専用地域,60.0,200.0,2017年第２四半期,未改装,,6.99563519459755
22032190,中古マンション等,,22210,静岡県,富士市,吉原,富士,30分?60分,３ＬＤＫ,60,,,,平成5年,ＳＲＣ,住宅,住宅,,,,商業地域,80.0,400.0,2017年第３四半期,未改装,,6.845098040014257
22118054,中古マンション等,,22101,静岡県,静岡市葵区,川辺町,静岡,13,１ＤＫ,40,,,,平成2年,ＳＲＣ,住宅,,,,,商業地域,80.0,400.0,2008年第１四半期,改装済,,6.892094602690481
22020970,中古マンション等,,22203,静岡県,沼津市,志下,沼津,1H?1H30,３ＬＤＫ,75,,,,,,,住宅,,,,,,,2017年第３四半期,,,6.863322860120456
22039559,中古マンション等,,22214,静岡県,藤枝市,田沼,藤枝,9,３ＬＤＫ,70,,,,,ＲＣ,住宅,住宅,,,,第２種住居地域,60.0,200.0,2016年第１四半期,未改装,,7.3222192947339195
22001244,中古マンション等,,22101,静岡県,静岡市葵区,三番町,静岡,24,２ＬＤＫ,55,,,,平成31年,ＲＣ,,住宅,,,,近隣商業地域,80.0,200.0,2020年第２四半期,未改装,,7.505149978319906
22099871,中古マンション等,,22210,静岡県,富士市,水戸島本町,富士,5,１ＤＫ,30,,,,平成4年,ＳＲＣ,住宅,,,,,近隣商業地域,80.0,300.0,2012年第３四半期,,,6.176091259055681
22064778,中古マンション等,,22203,静岡県,沼津市,西島町,沼津,30分?60分,４ＬＤＫ,85,,,,,ＳＲＣ,住宅,住宅,,,,準工業地域,60.0,200.0,2014年第２四半期,,,7.113943352306837
22003350,中古マンション等,,22102,静岡県,静岡市駿河区,池田,東静岡,14,３ＬＤＫ,75,,,,平成9年,ＲＣ,住宅,その他,,,,第１種中高層住居専用地域,60.0,150.0,2016年第２四半期,未改装,,6.929418925714293
22085808,中古マンション等,,22211,静岡県,磐田市,一言,磐田,30分?60分,３ＬＤＫ,55,,,,平成5年,ＳＲＣ,住宅,,,,,市街化調整区域,60.0,200.0,2011年第３四半期,改装済,,6.770852011642144
22003376,中古マンション等,,22102,静岡県,静岡市駿河区,石田,静岡,21,２ＬＤＫ＋Ｓ,65,,,,平成26年,ＲＣ,,住宅,,,,近隣商業地域,80.0,300.0,2018年第４四半期,未改装,,7.447158031342219
22055947,中古マンション等,,22102,静岡県,静岡市駿河区,南町,静岡,4,３ＬＤＫ,90,,,,平成5年,ＳＲＣ,住宅,,,,,商業地域,80.0,500.0,2011年第３四半期,改装済,,7.518513939877887
22086808,中古マンション等,,22203,静岡県,沼津市,三園町,沼津,23,４ＬＤＫ,80,,,,,ＲＣ,住宅,,,,,近隣商業地域,80.0,300.0,2012年第２四半期,改装済,,7.041392685158225
22083046,中古マンション等,,22210,静岡県,富士市,水戸島本町,富士,6,１Ｋ,15,,,,平成4年,ＳＲＣ,住宅,,,,,近隣商業地域,80.0,300.0,2011年第２四半期,未改装,,6.278753600952829
22122602,中古マンション等,,22131,静岡県,浜松市中区,中央,浜松,6,２ＬＤＫ,65,,,,,ＲＣ,住宅,,,,,商業地域,80.0,400.0,2007年第２四半期,未改装,,7.3979400086720375
22054345,中古マンション等,,22131,静岡県,浜松市中区,神田町,浜松,29,３ＬＤＫ,75,,,,,ＲＣ,住宅,住宅,,,,第１種住居地域,60.0,200.0,2014年第２四半期,改装済,,7.146128035678238
22067351,中古マンション等,,22134,静岡県,浜松市南区,飯田町,浜松,30分?60分,３ＬＤＫ,60,,,,平成5年,ＲＣ,住宅,住宅,,,,第１種住居地域,60.0,200.0,2015年第４四半期,改装済,,6.812913356642856
22055852,中古マンション等,,22102,静岡県,静岡市駿河区,丸子新田,安倍川,30分?60分,４ＬＤＫ,75,,,,平成16年,ＲＣ,住宅,,,,,準工業地域,60.0,200.0,2011年第１四半期,未改装,,7.301029995663981
22023379,中古マンション等,,22206,静岡県,三島市,徳倉,三島,25,３ＬＤＫ,65,,,,平成8年,ＲＣ,住宅,住宅,,,,第１種中高層住居専用地域,60.0,150.0,2017年第３四半期,未改装,,7.079181246047625
22006749,中古マンション等,,22103,静岡県,静岡市清水区,楠新田,草薙(ＪＲ),6,４ＬＤＫ,75,,,,,ＲＣ,,住宅,,,,準工業地域,60.0,200.0,2019年第１四半期,未改装,,7.113943352306837
22000637,中古マンション等,,22101,静岡県,静岡市葵区,上足洗,静岡,30分?60分,３ＬＤＫ,70,,,,平成10年,ＲＣ,住宅,住宅,,,,第２種中高層住居専用地域,60.0,200.0,2017年第３四半期,改装済,,7.3979400086720375
22118882,中古マンション等,,22101,静岡県,静岡市葵区,馬場町,静岡,18,２ＬＤＫ,70,,,,平成15年,ＳＲＣ,住宅,,,,,商業地域,80.0,400.0,2007年第２四半期,未改装,,7.477121254719663
22081993,中古マンション等,,22102,静岡県,静岡市駿河区,池田,東静岡,10,３ＬＤＫ,65,,,,平成13年,ＲＣ,住宅,,,,,近隣商業地域,80.0,300.0,2009年第２四半期,未改装,,7.3222192947339195
22021203,中古マンション等,,22203,静岡県,沼津市,杉崎町,沼津,13,３ＬＤＫ,70,,,,平成6年,ＲＣ,住宅,住宅,,,,第２種住居地域,60.0,200.0,2020年第３四半期,,,6.230448921378274
22022878,中古マンション等,,22206,静岡県,三島市,一番町,三島,4,３ＬＤＫ,65,,,,,ＳＲＣ,住宅,住宅,,,,商業地域,80.0,400.0,2016年第１四半期,未改装,,7.3222192947339195
22017709,中古マンション等,,22135,静岡県,浜松市北区,三ヶ日町都筑,都筑,26,１Ｋ,25,,,,昭和49年,ＳＲＣ,住宅,住宅,,,,市街化調整区域,60.0,200.0,2016年第４四半期,未改装,,5.477121254719663
22093864,中古マンション等,,22203,静岡県,沼津市,大手町,沼津,5,,75,,,,,ＳＲＣ,住宅,,,,,商業地域,80.0,500.0,2013年第３四半期,,,7.3222192947339195
22109443,中古マンション等,,22212,静岡県,焼津市,栄町,焼津,5,３ＬＤＫ,65,,,,平成9年,ＲＣ,住宅,,,,,準工業地域,60.0,200.0,2013年第１四半期,改装済,,7.146128035678238
22011344,中古マンション等,,22131,静岡県,浜松市中区,向宿,浜松,23,４ＬＤＫ,75,,,,平成5年,,住宅,住宅,,,,第１種住居地域,60.0,200.0,2019年第４四半期,未改装,,7.204119982655925
22021189,中古マンション等,,22203,静岡県,沼津市,新宿町,沼津,5,３ＬＤＫ,70,,,,平成11年,ＳＲＣ,住宅,住宅,,,,商業地域,80.0,400.0,2017年第１四半期,未改装,,7.041392685158225
22061317,中古マンション等,,22131,静岡県,浜松市中区,海老塚,浜松,10,１Ｋ,15,,,,平成2年,ＳＲＣ,住宅,住宅,,,,商業地域,80.0,500.0,2015年第４四半期,未改装,,6.301029995663981
22081056,中古マンション等,,22131,静岡県,浜松市中区,西浅田,浜松,19,３ＬＤＫ,55,,,,平成3年,ＳＲＣ,住宅,,,,,近隣商業地域,80.0,300.0,2013年第３四半期,未改装,,6.832508912706237
22118658,中古マンション等,,22101,静岡県,静岡市葵区,千代田,静岡,30分?60分,３ＬＤＫ,70,,,,平成16年,ＲＣ,住宅,,,,,第２種中高層住居専用地域,60.0,200.0,2008年第４四半期,未改装,調停・競売等,7.278753600952829
22106073,中古マンション等,,22206,静岡県,三島市,萩,三島,30分?60分,３ＬＤＫ,70,,,,,ＲＣ,住宅,,,,,第１種中高層住居専用地域,60.0,200.0,2009年第１四半期,改装済,,7.113943352306837
22051615,中古マンション等,,22101,静岡県,静岡市葵区,北安東,静岡,30分?60分,３ＬＤＫ,70,,,,平成22年,ＲＣ,住宅,,,,,第１種中高層住居専用地域,60.0,200.0,2010年第２四半期,未改装,,7.414973347970818
22053580,中古マンション等,,22102,静岡県,静岡市駿河区,中原,静岡,24,３ＬＤＫ,80,,,,平成18年,ＲＣ,住宅,,,,,準工業地域,60.0,200.0,2010年第４四半期,未改装,,7.491361693834273
22022829,中古マンション等,,22206,静岡県,三島市,青木,三島,30分?60分,３ＬＤＫ,70,,,,平成19年,ＲＣ,住宅,住宅,,,,第１種住居地域,60.0,200.0,2017年第１四半期,未改装,,7.3222192947339195
22052276,中古マンション等,,22102,静岡県,静岡市駿河区,南町,静岡,4,３ＬＤＫ,90,,,,平成5年,ＳＲＣ,住宅,,,,,商業地域,80.0,500.0,2014年第１四半期,改装済,,7.505149978319906
22005156,中古マンション等,,22102,静岡県,静岡市駿河区,馬渕,静岡,10,,65,,,,平成19年,,住宅,,,,,近隣商業地域,80.0,300.0,2018年第４四半期,,,7.3222192947339195
22021174,中古マンション等,,22203,静岡県,沼津市,新宿町,沼津,7,２ＬＤＫ,65,,,,昭和59年,ＳＲＣ,住宅,住宅,,,,商業地域,80.0,400.0,2019年第４四半期,未改装,,6.919078092376074
22124706,中古マンション等,,22135,静岡県,浜松市北区,三ヶ日町都筑,東都筑,20,２ＤＫ,75,,,,平成3年,ＳＲＣ,住宅,,,,,市街化調整区域,60.0,200.0,2007年第４四半期,未改装,,6.991226075692495
22102596,中古マンション等,,22203,静岡県,沼津市,足高,沼津,1H?1H30,３ＬＤＫ,60,,,,平成4年,ＲＣ,住宅,,,,,工業地域,60.0,200.0,2009年第１四半期,改装済,,6.903089986991944
22009162,中古マンション等,,22131,静岡県,浜松市中区,幸,浜松,30分?60分,３ＬＤＫ,65,,,,平成19年,ＲＣ,住宅,,,,,第２種住居地域,60.0,200.0,2019年第１四半期,未改装,調停・競売等,7.146128035678238
22085585,中古マンション等,,22203,静岡県,沼津市,新宿町,沼津,9,３ＬＤＫ,70,,,,平成13年,ＳＲＣ,住宅,,,,,商業地域,80.0,400.0,2012年第４四半期,未改装,,7.278753600952829
22071036,中古マンション等,,22101,静岡県,静岡市葵区,本通,静岡,19,２Ｋ,35,,,,昭和55年,ＳＲＣ,住宅,,,,,商業地域,80.0,500.0,2013年第４四半期,未改装,,6.748188027006201
22019099,中古マンション等,,22136,静岡県,浜松市浜北区,沼,浜北,6,３ＬＤＫ,75,,,,平成19年,ＲＣ,住宅,住宅,,,,第２種住居地域,60.0,200.0,2017年第２四半期,未改装,,7.278753600952829
22009587,中古マンション等,,22131,静岡県,浜松市中区,菅原町,浜松,14,４ＬＤＫ,95,,,,平成10年,ＲＣ,住宅,住宅,,,,近隣商業地域,80.0,300.0,2018年第１四半期,未改装,,7.342422680822207
22122513,中古マンション等,,22131,静岡県,浜松市中区,高丘北,浜松,1H30?2H,３ＬＤＫ,65,,,,平成20年,ＲＣ,住宅,,,,,第１種住居地域,60.0,200.0,2008年第３四半期,未改装,,7.278753600952829
22051790,中古マンション等,,22101,静岡県,静岡市葵区,昭和町,静岡,7,１Ｋ,25,,,,昭和63年,ＳＲＣ,住宅,,,,,商業地域,80.0,600.0,2010年第４四半期,改装済,,6.505149978319906
22057976,中古マンション等,,22133,静岡県,浜松市西区,入野町,浜松,30分?60分,３ＬＤＫ,80,,,,平成3年,ＳＲＣ,住宅,,,,,第１種住居地域,60.0,200.0,2014年第１四半期,未改装,,7.113943352306837
22014709,中古マンション等,,22133,静岡県,浜松市西区,舞阪町弁天島,弁天島,8,３ＬＤＫ,75,,,,平成3年,,,住宅,,,,第１種住居地域,60.0,200.0,2017年第４四半期,改装済,,6.690196080028514
22058427,中古マンション等,,22102,静岡県,静岡市駿河区,曲金,静岡,24,３ＬＤＫ,55,,,,昭和47年,ＳＲＣ,住宅,住宅,,,,工業地域,60.0,200.0,2015年第２四半期,改装済,,6.724275869600789
22065019,中古マンション等,,22203,静岡県,沼津市,東原,片浜,20,４ＬＤＫ,70,,,,平成7年,ＲＣ,住宅,住宅,,,,第１種住居地域,60.0,200.0,2014年第３四半期,改装済,,6.968482948553935
22069627,中古マンション等,,22131,静岡県,浜松市中区,葵西,浜松,2H?,４ＬＤＫ,80,,,,平成9年,ＲＣ,住宅,,,,,第１種住居地域,60.0,200.0,2012年第１四半期,改装済,,7.079181246047625
22062075,中古マンション等,,22101,静岡県,静岡市葵区,北安東,静岡,30分?60分,１ＬＤＫ,60,,,,平成7年,ＲＣ,住宅,,,,,第２種中高層住居専用地域,60.0,200.0,2012年第４四半期,改装済,,7.113943352306837
22069307,中古マンション等,,22101,静岡県,静岡市葵区,昭和町,静岡,7,１Ｋ,25,,,,昭和53年,ＳＲＣ,住宅,,,,,商業地域,80.0,600.0,2013年第４四半期,改装済,,6.6020599913279625
22063284,中古マンション等,,22203,静岡県,沼津市,内浦小海,沼津,2H?,１ＬＤＫ,55,,,,平成2年,ＳＲＣ,住宅,,,,,市街化調整区域,70.0,200.0,2014年第１四半期,未改装,,6.977723605288848
22021313,中古マンション等,,22203,静岡県,沼津市,高沢町,沼津,10,３ＬＤＫ,65,,,,平成22年,ＲＣ,住宅,住宅,,,,近隣商業地域,80.0,200.0,2017年第１四半期,未改装,,7.2552725051033065
22057942,中古マンション等,,22133,静岡県,浜松市西区,入野町,浜松,1H?1H30,３ＬＤＫ,60,,,,平成4年,ＲＣ,住宅,住宅,,,,第１種中高層住居専用地域,60.0,200.0,2014年第４四半期,未改装,,6.892094602690481
22000734,中古マンション等,,22101,静岡県,静岡市葵区,唐瀬,静岡,30分?60分,３ＬＤＫ,65,,,,平成7年,ＲＣ,住宅,住宅,,,,第１種住居地域,60.0,200.0,2018年第１四半期,未改装,,7.0
22065044,中古マンション等,,22203,静岡県,沼津市,東間門,沼津,16,,80,,,,戦前,ＲＣ,住宅,住宅,,,,準工業地域,60.0,200.0,2014年第３四半期,,調停・競売等,6.863322860120456
22008407,中古マンション等,,22131,静岡県,浜松市中区,旭町,浜松,3,２ＬＤＫ,60,,,,令和2年,ＲＣ,住宅,住宅,,,,商業地域,80.0,600.0,2020年第３四半期,未改装,,7.57978359661681
22080323,中古マンション等,,22135,静岡県,浜松市北区,三ヶ日町都筑,都筑,20,１ＬＤＫ,50,,,,平成2年,ＳＲＣ,住宅,,,,,市街化調整区域,60.0,200.0,2012年第４四半期,改装済,,6.799340549453582
22010296,中古マンション等,,22131,静岡県,浜松市中区,利町,浜松,14,３ＬＤＫ,90,,,,平成16年,ＳＲＣ,住宅,住宅,,,,商業地域,80.0,500.0,2019年第４四半期,未改装,,7.380211241711606
22129566,中古マンション等,,22211,静岡県,磐田市,中泉,磐田,2,２ＬＤＫ,60,,,,平成19年,ＲＣ,住宅,,,,,商業地域,80.0,400.0,2007年第４四半期,未改装,,7.342422680822207
22055702,中古マンション等,,22131,静岡県,浜松市中区,布橋,浜松,30分?60分,１Ｋ,15,,,,昭和61年,ＲＣ,住宅,住宅,,,,第１種住居地域,60.0,200.0,2014年第３四半期,,,6.204119982655925
22122355,中古マンション等,,22131,静岡県,浜松市中区,佐鳴台,浜松,30分?60分,,20,,,,昭和60年,ＲＣ,住宅,,,,,第２種住居地域,60.0,200.0,2007年第２四半期,,,6.447158031342219
22007114,中古マンション等,,22103,静岡県,静岡市清水区,千歳町,清水(静岡),15,１ＬＤＫ,60,,,,昭和62年,ＳＲＣ,事務所,事務所,,,,商業地域,80.0,400.0,2017年第３四半期,未改装,,6.681241237375588
22021216,中古マンション等,,22203,静岡県,沼津市,杉崎町,沼津,13,３ＬＤＫ,55,,,,昭和57年,ＲＣ,住宅,住宅,,,,第２種住居地域,60.0,200.0,2016年第３四半期,未改装,,6.698970004336019
22010570,中古マンション等,,22131,静岡県,浜松市中区,中沢町,浜松,24,３ＬＤＫ,75,,,,平成14年,ＲＣ,住宅,住宅,,,,近隣商業地域,80.0,300.0,2019年第４四半期,未改装,,7.230448921378274
22058667,中古マンション等,,22102,静岡県,静岡市駿河区,みずほ,安倍川,4,３ＬＤＫ,60,,,,昭和62年,ＲＣ,住宅,住宅,,,,第２種中高層住居専用地域,60.0,200.0,2015年第１四半期,未改装,,6.954242509439325
22121782,中古マンション等,,22103,静岡県,静岡市清水区,港町,清水(静岡),,３ＬＤＫ,70,,,,平成8年,ＳＲＣ,住宅,,,,,工業地域,60.0,200.0,2006年第２四半期,未改装,調停・競売等,7.113943352306837
22052660,中古マンション等,,22101,静岡県,静岡市葵区,竜南,静岡,30分?60分,３ＬＤＫ,80,,,,昭和63年,ＲＣ,住宅,,,,,第２種住居地域,60.0,200.0,2010年第４四半期,未改装,,7.079181246047625
22011918,中古マンション等,,22132,静岡県,浜松市東区,有玉南町,浜松,1H?1H30,４ＬＤＫ,85,,,,平成3年,,,住宅,,,,市街化調整区域,60.0,200.0,2020年第１四半期,改装済,,7.146128035678238
22077257,中古マンション等,,22206,静岡県,三島市,東本町,三島田町,5,３ＬＤＫ,70,,,,平成8年,ＲＣ,住宅,住宅,,,,第１種住居地域,60.0,200.0,2015年第２四半期,改装済,,7.301029995663981
22020532,中古マンション等,,22203,静岡県,沼津市,大手町,沼津,6,,10,,,,昭和60年,ＲＣ,住宅,その他,,,,商業地域,80.0,500.0,2020年第３四半期,未改装,,3.0
22024651,中古マンション等,,22207,静岡県,富士宮市,小泉,源道寺,9,３ＬＤＫ,70,,,,平成4年,ＲＣ,,,,,,第１種住居地域,60.0,200.0,2020年第３四半期,未改装,,6.505149978319906
22053690,中古マンション等,,22103,静岡県,静岡市清水区,港町,清水(静岡),25,３ＬＤＫ,80,,,,平成18年,ＲＣ,住宅,住宅,,,,商業地域,80.0,400.0,2014年第３四半期,未改装,,6.903089986991944
22090863,中古マンション等,,22213,静岡県,掛川市,連雀,掛川,6,３ＬＤＫ,70,,,,平成9年,ＳＲＣ,住宅,,,,,商業地域,80.0,400.0,2011年第４四半期,,,7.146128035678238
22119342,中古マンション等,,22102,静岡県,静岡市駿河区,池田,東静岡,25,４ＬＤＫ,100,,,,平成9年,,住宅,,,,,第１種中高層住居専用地域,60.0,150.0,2006年第２四半期,未改装,,7.431363764158987
22105965,中古マンション等,,22206,静岡県,三島市,富田町,三島田町,10,２ＬＤＫ,50,,,,平成12年,ＲＣ,住宅,,,,,準住居地域,60.0,200.0,2009年第４四半期,改装済,,7.079181246047625
22011204,中古マンション等,,22131,静岡県,浜松市中区,曳馬町,浜松,30分?60分,３ＬＤＫ,90,,,,平成17年,ＲＣ,住宅,住宅,,,,第１種住居地域,60.0,200.0,2018年第３四半期,未改装,,7.3979400086720375
22002363,中古マンション等,,22101,静岡県,静岡市葵区,八番町,静岡,25,３ＬＤＫ,60,,,,昭和64年,,住宅,住宅,,,,近隣商業地域,80.0,200.0,2019年第２四半期,未改装,,7.041392685158225
22065080,中古マンション等,,22102,静岡県,静岡市駿河区,寿町,静岡,20,３ＬＤＫ,70,,,,平成2年,ＲＣ,住宅,,,,,準工業地域,60.0,200.0,2012年第２四半期,改装済,,7.041392685158225
22094918,中古マンション等,,22203,静岡県,沼津市,高島町,沼津,5,３ＬＤＫ,75,,,,,ＲＣ,住宅,,,,,商業地域,80.0,400.0,2013年第４四半期,改装済,,7.342422680822207
22122457,中古マンション等,,22131,静岡県,浜松市中区,住吉,浜松,30分?60分,２ＬＤＫ,55,,,,昭和50年,ＲＣ,住宅,,,,,第２種住居地域,60.0,200.0,2008年第２四半期,改装済,,6.763427993562937
22090183,中古マンション等,,22131,静岡県,浜松市中区,蜆塚,浜松,30分?60分,３ＬＤＫ,65,,,,昭和61年,ＲＣ,住宅,,,,,第１種中高層住居専用地域,60.0,200.0,2009年第２四半期,未改装,,6.944482672150168
22098785,中古マンション等,,22206,静岡県,三島市,谷田,三島,30分?60分,３ＬＤＫ,65,,,,平成14年,ＲＣ,住宅,,,,,第１種低層住居専用地域,50.0,80.0,2013年第１四半期,未改装,,7.079181246047625
22018296,中古マンション等,,22136,静岡県,浜松市浜北区,貴布祢,浜北,5,,95,,,,平成10年,ＲＣ,住宅,住宅,,,,商業地域,80.0,200.0,2018年第１四半期,,,7.079181246047625
22074389,中古マンション等,,22210,静岡県,富士市,中央町,富士,30分?60分,３ＬＤＫ,45,,,,昭和49年,ＳＲＣ,住宅,住宅,,,,近隣商業地域,80.0,300.0,2014年第４四半期,改装済,,6.568201724066995
22061591,中古マンション等,,22134,静岡県,浜松市南区,東若林町,浜松,30分?60分,４ＬＤＫ,80,,,,平成20年,ＲＣ,住宅,,,,,第１種住居地域,60.0,200.0,2010年第１四半期,未改装,,7.3979400086720375
22067632,中古マンション等,,22103,静岡県,静岡市清水区,草薙,草薙(ＪＲ),4,３ＬＤＫ,85,,,,昭和64年,ＲＣ,住宅,,,,,第１種中高層住居専用地域,60.0,200.0,2012年第３四半期,未改装,,7.3222192947339195
22036260,中古マンション等,,22212,静岡県,焼津市,本町,焼津,8,２ＬＤＫ,55,,,,平成19年,ＲＣ,住宅,,,,,商業地域,80.0,400.0,2018年第３四半期,改装済,,7.204119982655925
22069958,中古マンション等,,22101,静岡県,静岡市葵区,鷹匠,静岡,9,３ＬＤＫ,95,,,,平成17年,ＳＲＣ,住宅,,,,,商業地域,80.0,400.0,2013年第４四半期,未改装,,7.623249290397901
22080088,中古マンション等,,22135,静岡県,浜松市北区,三ヶ日町大崎,都筑,30分?60分,１ＬＤＫ,55,,,,平成2年,ＳＲＣ,住宅,,,,,市街化調整区域,60.0,200.0,2012年第３四半期,未改装,,6.763427993562937
22007668,中古マンション等,,22103,静岡県,静岡市清水区,本郷町,清水(静岡),6,２ＤＫ,55,,,,,ＳＲＣ,,住宅,,,,商業地域,80.0,400.0,2017年第４四半期,未改装,,6.778151250383644
22079600,中古マンション等,,22131,静岡県,浜松市中区,城北,浜松,30分?60分,３ＬＤＫ,75,,,,平成16年,ＲＣ,住宅,,,,,第２種中高層住居専用地域,60.0,200.0,2013年第４四半期,,,7.301029995663981
22056509,中古マンション等,,22101,静岡県,静岡市葵区,東鷹匠町,静岡,16,３ＬＤＫ,95,,,,平成13年,ＲＣ,住宅,住宅,,,,第２種住居地域,60.0,200.0,2015年第１四半期,改装済,,7.568201724066995
22065478,中古マンション等,,22203,静岡県,沼津市,市場町,沼津,12,３ＬＤＫ,70,,,,平成14年,ＳＲＣ,住宅,,,,,近隣商業地域,80.0,200.0,2010年第４四半期,未改装,,6.301029995663981
22024621,中古マンション等,,22207,静岡県,富士宮市,源道寺町,源道寺,1,２ＬＤＫ,60,,,,平成4年,ＳＲＣ,,住宅,,,,第２種中高層住居専用地域,60.0,150.0,2019年第１四半期,未改装,,6.892094602690481
22063688,中古マンション等,,22203,静岡県,沼津市,大岡,沼津,20,,70,,,,平成7年,ＲＣ,住宅,住宅,,,,第１種住居地域,60.0,150.0,2014年第２四半期,,,7.146128035678238
22074617,中古マンション等,,22203,静岡県,沼津市,高島町,沼津,5,２ＤＫ,50,,,,,ＲＣ,住宅,住宅,,,,商業地域,80.0,400.0,2015年第３四半期,未改装,,7.301029995663981
22003045,中古マンション等,,22101,静岡県,静岡市葵区,与一,静岡,1H?1H30,３ＤＫ,60,,,,,鉄骨造,,住宅,,,,第２種中高層住居専用地域,60.0,200.0,2019年第２四半期,未改装,,6.447158031342219
22131021,中古マンション等,,22214,静岡県,藤枝市,駿河台,藤枝,29,４ＬＤＫ,85,,,,,ＲＣ,住宅,,,,,第１種中高層住居専用地域,60.0,200.0,2007年第３四半期,未改装,,7.342422680822207
22128788,中古マンション等,,22210,静岡県,富士市,永田町,富士,30分?60分,３ＬＤＫ,70,,,,平成15年,ＲＣ,住宅,,,,,商業地域,80.0,400.0,2008年第２四半期,未改装,,7.301029995663981
22079547,中古マンション等,,22210,静岡県,富士市,吉原,富士,30分?60分,４ＬＤＫ,80,,,,昭和60年,ＲＣ,住宅,,,,,第１種住居地域,60.0,200.0,2010年第４四半期,未改装,,6.973127853599698
22057096,中古マンション等,,22102,静岡県,静岡市駿河区,池田,東静岡,25,３ＬＤＫ,75,,,,昭和54年,ＲＣ,住宅,住宅,,,,第１種中高層住居専用地域,60.0,150.0,2015年第３四半期,未改装,,6.7558748556724915
22008938,中古マンション等,,22131,静岡県,浜松市中区,鴨江,浜松,30分?60分,１Ｋ,15,,,,昭和59年,ＲＣ,住宅,住宅,,,,第１種中高層住居専用地域,60.0,200.0,2019年第４四半期,未改装,,6.57978359661681
22066810,中古マンション等,,22203,静岡県,沼津市,西沢田,沼津,30分?60分,３ＬＤＫ,75,,,,平成18年,ＲＣ,住宅,,,,,工業地域,60.0,200.0,2010年第１四半期,未改装,,7.342422680822207
22074738,中古マンション等,,22203,静岡県,沼津市,西浦平沢,沼津,23,３ＬＤＫ,100,,,,,ＲＣ,住宅,住宅,,,,市街化調整区域,60.0,200.0,2015年第２四半期,未改装,調停・競売等,6.662757831681574
22011388,中古マンション等,,22131,静岡県,浜松市中区,元浜町,浜松,16,２ＬＤＫ,75,,,,,,,住宅,,,,商業地域,80.0,500.0,2018年第３四半期,改装済,,7.491361693834273
22053642,中古マンション等,,22103,静岡県,静岡市清水区,真砂町,清水(静岡),4,オープンフロア,55,,,,平成23年,鉄骨造,店舗,店舗,,,,商業地域,80.0,400.0,2014年第２四半期,未改装,,6.6020599913279625
22099963,中古マンション等,,22135,静岡県,浜松市北区,三ヶ日町都筑,東都筑,22,２ＬＤＫ,120,,,,平成2年,ＳＲＣ,住宅,,,,,市街化調整区域,60.0,200.0,2009年第３四半期,未改装,,6.954242509439325
22003028,中古マンション等,,22101,静岡県,静岡市葵区,与一,静岡,1H?1H30,３ＬＤＫ,75,,,,昭和56年,,,住宅,,,,第２種中高層住居専用地域,60.0,200.0,2020年第３四半期,未改装,,6.763427993562937
22075079,中古マンション等,,22132,静岡県,浜松市東区,中郡町,遠州西ケ崎,2,３ＬＤＫ,80,,,,平成8年,ＳＲＣ,住宅,,,,,市街化調整区域,60.0,200.0,2012年第１四半期,未改装,,7.176091259055681
22117926,中古マンション等,,22101,静岡県,静岡市葵区,音羽町,静岡,15,４ＬＤＫ,70,,,,平成11年,ＲＣ,住宅,,,,,第２種住居地域,60.0,200.0,2007年第２四半期,改装済,,7.361727836017593
22064145,中古マンション等,,22203,静岡県,沼津市,西条町,沼津,10,３ＬＤＫ,75,,,,平成14年,ＲＣ,住宅,住宅,,,,商業地域,80.0,400.0,2014年第３四半期,改装済,,7.301029995663981
22090493,中古マンション等,,22207,静岡県,富士宮市,中央町,富士宮,3,３ＬＤＫ,75,,,,平成17年,ＲＣ,住宅,,,,,商業地域,80.0,400.0,2012年第３四半期,改装済,,7.278753600952829
22105980,中古マンション等,,22213,静岡県,掛川市,南,掛川,3,１Ｋ,20,,,,平成3年,ＲＣ,住宅,,,,,商業地域,80.0,400.0,2012年第２四半期,未改装,,6.2552725051033065
22010256,中古マンション等,,22131,静岡県,浜松市中区,寺島町,浜松,11,１Ｋ,20,,,,昭和64年,,,住宅,,,,近隣商業地域,80.0,300.0,2018年第２四半期,未改装,,6.278753600952829
22060306,中古マンション等,,22131,静岡県,浜松市中区,布橋,浜松,30分?60分,１Ｋ,15,,,,昭和59年,ＲＣ,住宅,,,,,第２種中高層住居専用地域,60.0,200.0,2011年第１四半期,未改装,調停・競売等,6.380211241711606
22011660,中古マンション等,,22131,静岡県,浜松市中区,和合町,浜松,1H?1H30,３ＬＤＫ,65,,,,平成7年,ＲＣ,住宅,住宅,,,,第１種住居地域,60.0,200.0,2019年第４四半期,未改装,,7.113943352306837
22063987,中古マンション等,,22131,静岡県,浜松市中区,元浜町,八幡(静岡),3,１Ｋ,15,,,,平成3年,ＲＣ,住宅,住宅,,,,商業地域,80.0,400.0,2015年第２四半期,改装済,,6.230448921378274
22089863,中古マンション等,,22135,静岡県,浜松市北区,三ヶ日町都筑,都筑,29,１ＬＤＫ,55,,,,,ＳＲＣ,住宅,,,,,市街化調整区域,60.0,200.0,2013年第１四半期,未改装,,5.698970004336019
22054401,中古マンション等,,22102,静岡県,静岡市駿河区,池田,東静岡,11,４ＬＤＫ,80,,,,平成13年,ＲＣ,住宅,,,,,近隣商業地域,80.0,300.0,2011年第２四半期,改装済,,7.361727836017593
22031726,中古マンション等,,22210,静岡県,富士市,水戸島本町,富士,5,１Ｋ,15,,,,平成4年,ＳＲＣ,住宅,住宅,,,,近隣商業地域,80.0,300.0,2017年第４四半期,未改装,,6.230448921378274
22124499,中古マンション等,,22135,静岡県,浜松市北区,初生町,浜松,1H30?2H,３ＬＤＫ,80,,,,平成3年,ＲＣ,住宅,,,,,第１種住居地域,60.0,200.0,2007年第４四半期,未改装,,7.041392685158225
22058825,中古マンション等,,22131,静岡県,浜松市中区,鴨江,浜松,30分?60分,３ＬＤＫ,75,,,,平成8年,ＲＣ,住宅,,,,,第１種中高層住居専用地域,60.0,200.0,2011年第４四半期,改装済,,7.204119982655925
22065232,中古マンション等,,22135,静岡県,浜松市北区,初生町,浜松,1H30?2H,２ＤＫ,50,,,,平成3年,ＲＣ,住宅,,,,,第１種住居地域,60.0,200.0,2011年第２四半期,未改装,,6.698970004336019
22001014,中古マンション等,,22101,静岡県,静岡市葵区,北安東,静岡,30分?60分,３ＬＤＫ,70,,,,平成9年,ＲＣ,住宅,住宅,,,,第２種中高層住居専用地域,60.0,200.0,2016年第３四半期,未改装,,7.146128035678238
22030437,中古マンション等,,22210,静岡県,富士市,蓼原,富士,30分?60分,２ＤＫ,35,,,,昭和49年,ＳＲＣ,住宅,住宅,,,,工業地域,60.0,200.0,2019年第２四半期,改装済,,6.0
22020605,中古マンション等,,22203,静岡県,沼津市,岡一色,大岡(静岡),14,３ＬＤＫ,70,,,,平成6年,ＲＣ,,住宅,,,,第１種住居地域,60.0,200.0,2018年第４四半期,改装済,,7.0
22012522,中古マンション等,,22132,静岡県,浜松市東区,北島町,浜松,1H?1H30,３ＬＤＫ,50,,,,昭和49年,ＲＣ,住宅,住宅,,,,第１種住居地域,60.0,200.0,2016年第２四半期,未改装,,5.6020599913279625
22090117,中古マンション等,,22131,静岡県,浜松市中区,佐鳴台,浜松,30分?60分,,15,,,,昭和64年,ＲＣ,住宅,,,,,第１種中高層住居専用地域,60.0,200.0,2009年第１四半期,,,6.380211241711606
22120297,中古マンション等,,22102,静岡県,静岡市駿河区,曲金,東静岡,,２ＬＤＫ,65,,,,平成15年,ＳＲＣ,住宅,,,,,,,,2006年第４四半期,未改装,,7.4623979978989565
22120554,中古マンション等,,22102,静岡県,静岡市駿河区,用宗,用宗,1,３ＬＤＫ,80,,,,平成9年,ＲＣ,住宅,,,,,近隣商業地域,80.0,300.0,2007年第２四半期,未改装,,7.230448921378274
22003006,中古マンション等,,22101,静岡県,静岡市葵区,柚木,東静岡,10,３ＬＤＫ,65,,,,,ＲＣ,住宅,住宅,,,,近隣商業地域,,,2016年第３四半期,未改装,,7.3979400086720375
22024142,中古マンション等,,22207,静岡県,富士宮市,朝日町,西富士宮,13,２ＤＫ,70,,,,平成5年,ＳＲＣ,,住宅,,,,第２種住居地域,60.0,200.0,2019年第４四半期,改装済,,6.845098040014257
22099926,中古マンション等,,22135,静岡県,浜松市北区,三ヶ日町都筑,都筑,25,１ＬＤＫ,40,,,,昭和59年,ＲＣ,住宅,,,,,市街化調整区域,60.0,200.0,2009年第２四半期,未改装,,6.681241237375588
22014902,中古マンション等,,22133,静岡県,浜松市西区,雄踏,浜松,1H30?2H,３ＬＤＫ,90,,,,平成19年,ＲＣ,住宅,住宅,,,,準住居地域,60.0,200.0,2017年第２四半期,未改装,,7.301029995663981
22077262,中古マンション等,,22206,静岡県,三島市,東本町,三島田町,5,３ＬＤＫ,65,,,,平成8年,ＲＣ,住宅,住宅,,,,第１種住居地域,60.0,200.0,2015年第２四半期,改装済,,7.278753600952829
22008411,中古マンション等,,22131,静岡県,浜松市中区,旭町,浜松,4,２ＬＤＫ,85,,,,,,,住宅,,,,商業地域,80.0,600.0,2020年第１四半期,改装済,,7.977723605288848
22072975,中古マンション等,,22206,静岡県,三島市,本町,三島,11,３ＬＤＫ,80,,,,平成17年,ＲＣ,住宅,,,,,商業地域,80.0,400.0,2011年第４四半期,未改装,,7.278753600952829
22065746,中古マンション等,,22135,静岡県,浜松市北区,三ヶ日町大崎,都筑,30分?60分,１ＬＤＫ,45,,,,昭和63年,ＳＲＣ,住宅,,,,,市街化調整区域,60.0,200.0,2011年第４四半期,未改装,,6.3979400086720375
22003124,中古マンション等,,22101,静岡県,静岡市葵区,吉野町,静岡,15,１Ｒ,20,,,,昭和60年,ＲＣ,,住宅,,,,商業地域,80.0,400.0,2019年第４四半期,,,6.431363764158987
22119256,中古マンション等,,22101,静岡県,静岡市葵区,両替町,静岡,14,３ＬＤＫ,80,,,,平成10年,ＳＲＣ,住宅,,,,,商業地域,80.0,600.0,2008年第４四半期,未改装,,7.447158031342219
22051061,中古マンション等,,22101,静岡県,静岡市葵区,鷹匠,静岡,10,３ＬＤＫ,65,,,,平成23年,ＲＣ,住宅,住宅,,,,商業地域,80.0,400.0,2014年第２四半期,改装済,,7.477121254719663
22017739,中古マンション等,,22135,静岡県,浜松市北区,三ヶ日町都筑,東都筑,26,１ＤＫ,40,,,,昭和59年,ＲＣ,,住宅,,,,市街化調整区域,60.0,200.0,2019年第３四半期,改装済,,6.4623979978989565
22003451,中古マンション等,,22102,静岡県,静岡市駿河区,稲川,静岡,8,３ＬＤＫ,60,,,,平成13年,ＳＲＣ,住宅,住宅,,,,近隣商業地域,80.0,300.0,2016年第１四半期,未改装,,7.230448921378274
22100584,中古マンション等,,22136,静岡県,浜松市浜北区,貴布祢,浜北,4,３ＬＤＫ,70,,,,平成10年,ＲＣ,住宅,,,,,商業地域,80.0,400.0,2009年第３四半期,未改装,調停・競売等,7.041392685158225
22125993,中古マンション等,,22203,静岡県,沼津市,三園町,沼津,25,３ＬＤＫ,70,,,,平成6年,ＳＲＣ,住宅,,,,,近隣商業地域,80.0,300.0,2007年第２四半期,,,7.361727836017593
22084528,中古マンション等,,22203,静岡県,沼津市,大岡,沼津,18,３ＬＤＫ,70,,,,平成7年,ＲＣ,住宅,,,,,第２種住居地域,60.0,200.0,2012年第３四半期,未改装,調停・競売等,6.9084850188786495
22056614,中古マンション等,,22103,静岡県,静岡市清水区,小芝町,清水(静岡),8,２ＬＤＫ,55,,,,平成6年,ＳＲＣ,住宅,,,,,商業地域,80.0,400.0,2011年第３四半期,改装済,,6.977723605288848
22084793,中古マンション等,,22102,静岡県,静岡市駿河区,南町,静岡,1,オープンフロア,160,,,,平成15年,鉄骨造,事務所,,,,,商業地域,80.0,600.0,2009年第３四半期,改装済,,7.6127838567197355
22011777,中古マンション等,,22131,静岡県,浜松市中区,和地山,浜松,30分?60分,１ＤＫ,25,,,,昭和49年,ＳＲＣ,住宅,住宅,,,,近隣商業地域,80.0,200.0,2018年第２四半期,未改装,,6.3222192947339195
22079817,中古マンション等,,22131,静岡県,浜松市中区,住吉,浜松,30分?60分,３ＬＤＫ,70,,,,昭和50年,ＲＣ,住宅,,,,,第２種住居地域,60.0,200.0,2013年第４四半期,改装済,,6.832508912706237
22064886,中古マンション等,,22132,静岡県,浜松市東区,笠井新田町,浜松,2H?,４ＬＤＫ,65,,,,平成4年,ＳＲＣ,住宅,住宅,,,,市街化調整区域,60.0,200.0,2015年第３四半期,未改装,調停・競売等,6.880813592280791
22058720,中古マンション等,,22102,静岡県,静岡市駿河区,南町,静岡,4,１Ｋ,25,,,,昭和55年,ＳＲＣ,住宅,住宅,,,,商業地域,80.0,400.0,2015年第３四半期,未改装,,6.653212513775344
22060315,中古マンション等,,22131,静岡県,浜松市中区,布橋,浜松,30分?60分,１Ｋ,15,,,,昭和59年,ＲＣ,住宅,,,,,第２種中高層住居専用地域,60.0,200.0,2011年第１四半期,未改装,調停・競売等,6.414973347970818
22016855,中古マンション等,,22135,静岡県,浜松市北区,初生町,浜松,1H?1H30,２ＬＤＫ,60,,,,平成5年,,,住宅,,,,第１種住居地域,60.0,200.0,2017年第２四半期,改装済,,6.954242509439325
22031752,中古マンション等,,22210,静岡県,富士市,水戸島元町,富士,5,３ＬＤＫ,75,,,,昭和56年,ＳＲＣ,住宅,住宅,,,,商業地域,80.0,400.0,2016年第１四半期,未改装,,6.698970004336019
22007694,中古マンション等,,22103,静岡県,静岡市清水区,松原町,清水(静岡),19,３ＬＤＫ,75,,,,平成18年,ＲＣ,住宅,住宅,,,,商業地域,80.0,400.0,2020年第３四半期,未改装,,7.301029995663981
22021329,中古マンション等,,22203,静岡県,沼津市,高島町,沼津,2,３ＬＤＫ,90,,,,平成21年,ＲＣ,住宅,住宅,,,,商業地域,80.0,400.0,2019年第４四半期,未改装,,7.477121254719663
22062857,中古マンション等,,22131,静岡県,浜松市中区,中央,浜松,10,,75,,,,平成12年,ＲＣ,住宅,住宅,,,,商業地域,80.0,400.0,2015年第４四半期,未改装,,7.3979400086720375
22076408,中古マンション等,,22206,静岡県,三島市,梅名,大場,20,１Ｋ,20,,,,昭和62年,ＲＣ,住宅,住宅,,,,第２種中高層住居専用地域,60.0,150.0,2015年第４四半期,未改装,,6.477121254719663
22063170,中古マンション等,,22203,静岡県,沼津市,足高,沼津,1H30?2H,３ＬＤＫ,60,,,,平成4年,ＲＣ,住宅,,,,,工業地域,60.0,200.0,2014年第１四半期,改装済,,6.799340549453582
22017753,中古マンション等,,22135,静岡県,浜松市北区,三ヶ日町都筑,東都筑,21,１Ｋ,30,,,,昭和49年,ＳＲＣ,住宅,住宅,,,,市街化調整区域,60.0,200.0,2016年第１四半期,未改装,,5.903089986991944
22118501,中古マンション等,,22101,静岡県,静岡市葵区,瀬名,東静岡,1H?1H30,３ＬＤＫ,45,,,,昭和49年,ＲＣ,住宅,,,,,第１種中高層住居専用地域,60.0,150.0,2007年第３四半期,未改装,,6.6020599913279625
22002959,中古マンション等,,22101,静岡県,静岡市葵区,柳町,静岡,30分?60分,３ＬＤＫ,60,,,,平成8年,ＲＣ,住宅,住宅,,,,準工業地域,60.0,200.0,2018年第２四半期,改装済,,7.079181246047625
22085586,中古マンション等,,22203,静岡県,沼津市,新宿町,沼津,6,４ＬＤＫ,75,,,,,ＳＲＣ,住宅,,,,,商業地域,80.0,400.0,2012年第４四半期,改装済,,7.079181246047625
22056208,中古マンション等,,22101,静岡県,静岡市葵区,常磐町,静岡,11,３ＬＤＫ,70,,,,平成9年,ＲＣ,住宅,住宅,,,,商業地域,80.0,400.0,2015年第４四半期,改装済,,7.380211241711606
22064616,中古マンション等,,22203,静岡県,沼津市,常盤町,沼津,26,３ＬＤＫ,95,,,,昭和64年,ＲＣ,住宅,住宅,,,,第２種中高層住居専用地域,60.0,200.0,2014年第３四半期,,,6.812913356642856
22124672,中古マンション等,,22135,静岡県,浜松市北区,三ヶ日町都筑,都筑,20,３ＬＤＫ,185,,,,平成2年,ＳＲＣ,住宅,,,,,市街化調整区域,60.0,200.0,2008年第４四半期,,,7.176091259055681
22090097,中古マンション等,,22207,静岡県,富士宮市,源道寺町,源道寺,1,３ＬＤＫ,60,,,,,ＳＲＣ,住宅,,,,,第２種中高層住居専用地域,60.0,150.0,2012年第２四半期,改装済,,6.944482672150168
22118948,中古マンション等,,22101,静岡県,静岡市葵区,古庄,静岡,30分?60分,３ＬＤＫ,65,,,,,ＲＣ,住宅,,,,,第１種住居地域,60.0,200.0,2008年第１四半期,改装済,,6.863322860120456
22130340,中古マンション等,,22212,静岡県,焼津市,本町,焼津,7,２ＤＫ,55,,,,平成19年,ＲＣ,住宅,,,,,商業地域,80.0,400.0,2007年第２四半期,未改装,,7.278753600952829
22110338,中古マンション等,,22210,静岡県,富士市,瓜島町,富士,30分?60分,３ＬＤＫ,70,,,,平成9年,ＲＣ,住宅,,,,,第２種住居地域,60.0,200.0,2009年第２四半期,未改装,,7.041392685158225
22001875,中古マンション等,,22101,静岡県,静岡市葵区,鷹匠,静岡,7,２ＬＤＫ,50,,,,平成12年,,住宅,住宅,,,,商業地域,80.0,400.0,2020年第３四半期,改装済,,7.477121254719663
22118614,中古マンション等,,22101,静岡県,静岡市葵区,岳美,静岡,1H?1H30,３ＬＤＫ,70,,,,平成4年,ＳＲＣ,住宅,,,,,第１種住居地域,60.0,200.0,2006年第３四半期,未改装,,6.977723605288848
22004798,中古マンション等,,22102,静岡県,静岡市駿河区,西中原,静岡,28,３ＬＤＫ,75,,,,平成3年,ＲＣ,,住宅,,,,工業地域,60.0,200.0,2019年第２四半期,,,6.9344984512435675
22033409,中古マンション等,,22211,静岡県,磐田市,立野,豊田町,2,３ＬＤＫ,70,,,,平成11年,ＳＲＣ,住宅,住宅,,,,近隣商業地域,80.0,200.0,2018年第２四半期,未改装,,7.2552725051033065
22023748,中古マンション等,,22206,静岡県,三島市,文教町,三島,16,３ＬＤＫ,75,,,,平成25年,,,住宅,,,,第２種中高層住居専用地域,60.0,200.0,2017年第４四半期,未改装,,7.477121254719663
22011171,中古マンション等,,22131,静岡県,浜松市中区,曳馬,浜松,30分?60分,３ＬＤＫ,75,,,,,,住宅,住宅,,,,第１種住居地域,60.0,200.0,2017年第４四半期,未改装,,7.278753600952829
22060403,中古マンション等,,22131,静岡県,浜松市中区,東伊場,浜松,19,３ＬＤＫ,80,,,,昭和61年,ＳＲＣ,住宅,,,,,近隣商業地域,80.0,300.0,2011年第２四半期,改装済,,6.869231719730976
22017459,中古マンション等,,22135,静岡県,浜松市北区,三ヶ日町大崎,都筑,30分?60分,２ＬＤＫ,60,,,,昭和61年,ＲＣ,,住宅,,,,市街化調整区域,60.0,200.0,2017年第３四半期,未改装,,6.763427993562937
22070033,中古マンション等,,22203,静岡県,沼津市,高島町,沼津,4,３ＬＤＫ,65,,,,平成11年,ＲＣ,住宅,,,,,商業地域,80.0,400.0,2011年第２四半期,未改装,,6.845098040014257
22002879,中古マンション等,,22101,静岡県,静岡市葵区,南安倍,静岡,30分?60分,１Ｒ,15,,,,平成3年,ＲＣ,住宅,住宅,,,,近隣商業地域,80.0,300.0,2017年第１四半期,改装済,,6.278753600952829
22070016,中古マンション等,,22203,静岡県,沼津市,高沢町,沼津,6,２ＬＤＫ,60,,,,昭和56年,ＲＣ,住宅,,,,,商業地域,80.0,400.0,2011年第１四半期,改装済,,6.892094602690481
22020417,中古マンション等,,22203,静岡県,沼津市,大岡,沼津,30分?60分,３ＬＤＫ,65,,,,平成9年,ＲＣ,住宅,住宅,,,,第２種中高層住居専用地域,60.0,150.0,2016年第４四半期,未改装,,7.176091259055681
22051677,中古マンション等,,22102,静岡県,静岡市駿河区,さつき町,静岡,12,４ＬＤＫ,95,,,,昭和57年,ＲＣ,住宅,住宅,,,,準工業地域,60.0,200.0,2014年第３四半期,未改装,,6.977723605288848
22063812,中古マンション等,,22131,静岡県,浜松市中区,曳馬,曳馬,10,３ＬＤＫ,70,,,,平成19年,ＲＣ,住宅,住宅,,,,第１種住居地域,60.0,200.0,2015年第３四半期,未改装,,7.3222192947339195
22067064,中古マンション等,,22203,静岡県,沼津市,原町中,原(静岡),17,３ＬＤＫ,70,,,,平成12年,ＲＣ,住宅,,,,,第２種住居地域,60.0,200.0,2010年第１四半期,未改装,,7.0
22057898,中古マンション等,,22103,静岡県,静岡市清水区,馬走北,草薙(ＪＲ),25,３ＤＫ,60,,,,昭和52年,ＳＲＣ,住宅,,,,,第２種住居地域,60.0,200.0,2011年第３四半期,改装済,,6.832508912706237
22061594,中古マンション等,,22134,静岡県,浜松市南区,東若林町,浜松,30分?60分,４ＬＤＫ,80,,,,平成20年,ＲＣ,住宅,,,,,第１種住居地域,60.0,200.0,2010年第１四半期,改装済,,7.342422680822207
22055292,中古マンション等,,22102,静岡県,静岡市駿河区,中田,静岡,18,３ＬＤＫ,70,,,,昭和61年,ＲＣ,住宅,,,,,第２種中高層住居専用地域,60.0,200.0,2011年第１四半期,未改装,,7.041392685158225
22020389,中古マンション等,,22203,静岡県,沼津市,大岡,沼津,20,３ＬＤＫ,65,,,,昭和64年,ＲＣ,住宅,住宅,,,,準工業地域,60.0,200.0,2017年第２四半期,改装済,,7.041392685158225
22039068,中古マンション等,,22214,静岡県,藤枝市,駿河台,藤枝,30分?60分,４ＬＤＫ,85,,,,平成7年,ＲＣ,住宅,住宅,,,,第１種中高層住居専用地域,60.0,200.0,2017年第２四半期,未改装,,7.113943352306837
22090410,中古マンション等,,22131,静岡県,浜松市中区,助信町,浜松,25,４ＬＤＫ,100,,,,平成16年,ＲＣ,住宅,,,,,商業地域,80.0,400.0,2009年第４四半期,未改装,,7.491361693834273
22070055,中古マンション等,,22135,静岡県,浜松市北区,三ヶ日町都筑,都筑,30分?60分,１ＬＤＫ,50,,,,平成2年,ＳＲＣ,住宅,その他,,,,市街化調整区域,60.0,200.0,2015年第４四半期,未改装,,6.176091259055681
22051793,中古マンション等,,22101,静岡県,静岡市葵区,昭和町,静岡,6,１Ｋ,30,,,,昭和53年,ＳＲＣ,住宅,,,,,商業地域,80.0,600.0,2010年第１四半期,未改装,,6.732393759822968
22072265,中古マンション等,,22206,静岡県,三島市,寿町,三島,6,２ＬＤＫ,60,,,,平成2年,ＲＣ,住宅,,,,,近隣商業地域,80.0,200.0,2011年第４四半期,未改装,,6.778151250383644
22009618,中古マンション等,,22131,静岡県,浜松市中区,助信町,浜松,28,３ＬＤＫ,75,,,,平成14年,ＲＣ,住宅,,,,,第１種住居地域,60.0,200.0,2016年第３四半期,,,7.113943352306837
22057849,中古マンション等,,22103,静岡県,静岡市清水区,本郷町,清水(静岡),6,,45,,,,昭和49年,ＳＲＣ,店舗,,,,,商業地域,80.0,400.0,2011年第４四半期,改装済,,6.6020599913279625
22071257,中古マンション等,,22131,静岡県,浜松市中区,助信町,浜松,30分?60分,３ＬＤＫ,75,,,,平成14年,ＲＣ,住宅,,,,,第１種住居地域,60.0,200.0,2012年第１四半期,未改装,,7.2552725051033065
22119255,中古マンション等,,22101,静岡県,静岡市葵区,竜南,東静岡,,３ＬＤＫ,75,,,,平成6年,ＲＣ,住宅,,,,,,,,2006年第３四半期,,,7.278753600952829
22010272,中古マンション等,,22131,静岡県,浜松市中区,寺島町,浜松,11,１Ｋ,20,,,,昭和64年,ＲＣ,住宅,住宅,,,,近隣商業地域,80.0,300.0,2016年第４四半期,未改装,,6.079181246047625
22068740,中古マンション等,,22206,静岡県,三島市,徳倉,三島,,３ＬＤＫ,65,,,,昭和62年,ＲＣ,住宅,,,,,第１種中高層住居専用地域,60.0,150.0,2010年第４四半期,,,7.041392685158225
22009879,中古マンション等,,22131,静岡県,浜松市中区,高丘北,浜松,1H30?2H,２ＬＤＫ,85,,,,平成18年,ＲＣ,,住宅,,,,近隣商業地域,80.0,200.0,2017年第２四半期,未改装,,7.361727836017593
22078919,中古マンション等,,22131,静岡県,浜松市中区,鴨江,浜松,30分?60分,１Ｋ,20,,,,昭和59年,ＲＣ,住宅,,,,,第１種中高層住居専用地域,60.0,200.0,2013年第１四半期,未改装,,5.845098040014257
22035071,中古マンション等,,22212,静岡県,焼津市,小柳津,西焼津,15,４ＬＤＫ,95,,,,平成13年,ＲＣ,,住宅,,,,工業地域,60.0,200.0,2019年第４四半期,未改装,,7.204119982655925
22033834,中古マンション等,,22211,静岡県,磐田市,中泉,磐田,3,２ＬＤＫ,80,,,,平成19年,ＲＣ,住宅,住宅,,,,商業地域,80.0,400.0,2017年第１四半期,,,7.431363764158987
22011457,中古マンション等,,22131,静岡県,浜松市中区,山手町,浜松,30分?60分,３ＬＤＫ,75,,,,平成18年,ＲＣ,住宅,住宅,,,,第１種中高層住居専用地域,60.0,200.0,2017年第３四半期,,,7.361727836017593
22061202,中古マンション等,,22132,静岡県,浜松市東区,植松町,浜松,28,２ＤＫ,40,,,,昭和49年,ＳＲＣ,住宅,,,,,第１種住居地域,60.0,200.0,2011年第４四半期,改装済,,6.414973347970818
22056755,中古マンション等,,22131,静岡県,浜松市中区,鴨江,浜松,30分?60分,１ＬＤＫ,25,,,,昭和50年,ＲＣ,住宅,,,,,第２種中高層住居専用地域,60.0,200.0,2010年第２四半期,,,6.301029995663981
22021812,中古マンション等,,22203,静岡県,沼津市,東椎路,沼津,30分?60分,２ＤＫ,65,,,,,ＲＣ,住宅,住宅,,,,第２種中高層住居専用地域,60.0,150.0,2016年第２四半期,未改装,,6.863322860120456
22008612,中古マンション等,,22131,静岡県,浜松市中区,海老塚,浜松,13,１ＬＤＫ,75,,,,昭和60年,ＳＲＣ,住宅,住宅,,,,第１種住居地域,60.0,200.0,2018年第３四半期,改装済,,6.7558748556724915
22055007,中古マンション等,,22131,静岡県,浜松市中区,高丘北,浜松,1H30?2H,３ＬＤＫ,90,,,,平成18年,ＲＣ,住宅,,,,,第１種住居地域,60.0,200.0,2014年第４四半期,未改装,,7.230448921378274
22009584,中古マンション等,,22131,静岡県,浜松市中区,菅原町,浜松,20,４ＬＤＫ,80,,,,昭和63年,,住宅,住宅,,,,近隣商業地域,80.0,300.0,2019年第１四半期,未改装,,6.799340549453582
22067545,中古マンション等,,22203,静岡県,沼津市,若葉町,沼津,28,４ＬＤＫ,70,,,,昭和63年,ＳＲＣ,住宅,,,,,第１種住居地域,60.0,200.0,2010年第１四半期,未改装,調停・競売等,6.491361693834273
22010221,中古マンション等,,22131,静岡県,浜松市中区,中央,浜松,11,２ＤＫ,50,,,,,ＲＣ,住宅,住宅,,,,近隣商業地域,80.0,300.0,2016年第１四半期,未改装,,7.079181246047625
22051691,中古マンション等,,22101,静岡県,静岡市葵区,駒形通,静岡,20,２ＬＤＫ,55,,,,平成3年,ＳＲＣ,住宅,,,,,商業地域,60.0,200.0,2010年第３四半期,未改装,,6.913813852383717
22089570,中古マンション等,,22135,静岡県,浜松市北区,三ヶ日町大崎,都筑,30分?60分,２ＬＤＫ,60,,,,平成2年,ＳＲＣ,住宅,,,,,市街化調整区域,60.0,200.0,2013年第３四半期,未改装,,6.176091259055681
22011556,中古マンション等,,22131,静岡県,浜松市中区,連尺町,浜松,11,１Ｋ,20,,,,昭和56年,ＳＲＣ,住宅,その他,,,,商業地域,80.0,600.0,2016年第２四半期,改装済,,6.431363764158987
22058841,中古マンション等,,22102,静岡県,静岡市駿河区,森下町,静岡,7,２ＬＤＫ,70,,,,平成10年,ＲＣ,住宅,住宅,,,,商業地域,80.0,400.0,2015年第１四半期,未改装,,7.361727836017593
22087003,中古マンション等,,22212,静岡県,焼津市,小柳津,西焼津,13,３ＬＤＫ,75,,,,平成13年,ＲＣ,住宅,,,,,工業地域,60.0,200.0,2011年第３四半期,改装済,,7.278753600952829
22060050,中古マンション等,,22103,静岡県,静岡市清水区,宝町,清水(静岡),10,２ＬＤＫ,70,,,,平成17年,ＲＣ,住宅,住宅,,,,商業地域,80.0,400.0,2015年第２四半期,未改装,,7.204119982655925
22029792,中古マンション等,,22210,静岡県,富士市,瓜島町,富士,30分?60分,３ＬＤＫ,70,,,,平成9年,ＲＣ,住宅,住宅,,,,第２種住居地域,60.0,200.0,2017年第３四半期,未改装,,7.041392685158225
22122813,中古マンション等,,22131,静岡県,浜松市中区,東伊場,浜松,19,３ＬＤＫ,65,,,,平成7年,ＲＣ,住宅,,,,,近隣商業地域,80.0,300.0,2008年第１四半期,改装済,,7.204119982655925
22015991,中古マンション等,,22134,静岡県,浜松市南区,東若林町,浜松,30分?60分,１Ｋ,15,,,,平成2年,ＲＣ,住宅,住宅,,,,第１種住居地域,60.0,200.0,2016年第２四半期,未改装,,6.176091259055681
22065925,中古マンション等,,22132,静岡県,浜松市東区,豊町,浜松,2H?,３ＬＤＫ,65,,,,平成6年,ＲＣ,住宅,住宅,,,,市街化調整区域,60.0,200.0,2015年第３四半期,未改装,,6.698970004336019
22060075,中古マンション等,,22103,静岡県,静岡市清水区,千歳町,清水(静岡),20,２ＬＤＫ,60,,,,昭和62年,ＳＲＣ,住宅,住宅,,,,商業地域,80.0,400.0,2015年第４四半期,改装済,,6.819543935541868
22007152,中古マンション等,,22103,静岡県,静岡市清水区,辻,清水(静岡),1,２ＤＫ,50,,,,平成23年,ＲＣ,住宅,住宅,,,,商業地域,80.0,500.0,2019年第４四半期,改装済,調停・競売等,7.113943352306837
22020226,中古マンション等,,22203,静岡県,沼津市,大岡,沼津,30分?60分,３ＬＤＫ,75,,,,平成21年,ＲＣ,,住宅,,,,第２種中高層住居専用地域,60.0,150.0,2020年第２四半期,未改装,,7.278753600952829
22061074,中古マンション等,,22132,静岡県,浜松市東区,有玉南町,浜松,1H?1H30,３ＬＤＫ,70,,,,平成3年,ＳＲＣ,住宅,,,,,市街化調整区域,50.0,200.0,2011年第２四半期,未改装,,6.9084850188786495
22055285,中古マンション等,,22102,静岡県,静岡市駿河区,中田,静岡,13,３Ｋ,45,,,,昭和56年,ＲＣ,住宅,,,,,準住居地域,60.0,200.0,2011年第４四半期,未改装,,6.3222192947339195
22064167,中古マンション等,,22131,静岡県,浜松市中区,領家,浜松,24,３ＬＤＫ,75,,,,平成20年,ＲＣ,住宅,住宅,,,,第１種住居地域,60.0,200.0,2015年第４四半期,未改装,,7.361727836017593
22011786,中古マンション等,,22131,静岡県,浜松市中区,和地山,浜松,30分?60分,１ＬＤＫ,25,,,,昭和49年,ＳＲＣ,住宅,住宅,,,,第２種中高層住居専用地域,60.0,200.0,2017年第２四半期,改装済,,6.414973347970818
22008607,中古マンション等,,22131,静岡県,浜松市中区,海老塚,浜松,9,１Ｒ,15,,,,平成2年,,住宅,住宅,,,,商業地域,80.0,500.0,2019年第１四半期,未改装,,6.176091259055681
22051584,中古マンション等,,22101,静岡県,静岡市葵区,北安東,静岡,30分?60分,３ＬＤＫ,75,,,,平成22年,ＲＣ,住宅,,,,,第１種中高層住居専用地域,60.0,200.0,2010年第４四半期,未改装,,7.4623979978989565
22021669,中古マンション等,,22203,静岡県,沼津市,原,原(静岡),14,４ＬＤＫ,70,,,,昭和64年,ＳＲＣ,,住宅,,,,第１種住居地域,60.0,200.0,2020年第１四半期,未改装,,6.812913356642856
22104633,中古マンション等,,22212,静岡県,焼津市,,焼津,2,３ＬＤＫ,80,,,,平成16年,ＳＲＣ,住宅,,,,,商業地域,80.0,400.0,2012年第２四半期,改装済,,7.2552725051033065
22059693,中古マンション等,,22134,静岡県,浜松市南区,楊子町,浜松,20,４ＬＤＫ,85,,,,平成13年,ＲＣ,住宅,住宅,,,,第１種住居地域,60.0,200.0,2014年第１四半期,未改装,,7.2552725051033065
22072017,中古マンション等,,22206,静岡県,三島市,壱町田,,,４ＬＤＫ,85,,,,平成15年,ＲＣ,住宅,,,,,,,,2011年第１四半期,未改装,,7.531478917042255
22000524,中古マンション等,,22101,静岡県,静岡市葵区,春日,静岡,23,２ＬＤＫ,55,,,,,,,住宅,,,,第２種住居地域,60.0,200.0,2019年第１四半期,未改装,,7.3979400086720375
22054837,中古マンション等,,22131,静岡県,浜松市中区,砂山町,浜松,6,１Ｋ,35,,,,平成4年,ＲＣ,住宅,住宅,,,,商業地域,80.0,500.0,2014年第２四半期,未改装,,6.361727836017593
22011091,中古マンション等,,22131,静岡県,浜松市中区,東伊場,浜松,24,３ＬＤＫ,75,,,,平成24年,ＲＣ,住宅,住宅,,,,第２種住居地域,60.0,200.0,2018年第２四半期,未改装,,7.477121254719663
22118702,中古マンション等,,22101,静岡県,静岡市葵区,天王町,静岡,,１Ｋ,15,,,,昭和59年,,住宅,,,,,,,,2006年第４四半期,未改装,,6.3979400086720375
22068895,中古マンション等,,22203,静岡県,沼津市,大岡,沼津,1H?1H30,３ＬＤＫ,60,,,,平成11年,ＲＣ,住宅,,,,,第２種中高層住居専用地域,60.0,150.0,2011年第４四半期,未改装,調停・競売等,6.924279286061882
22009087,中古マンション等,,22131,静岡県,浜松市中区,北寺島町,浜松,13,１Ｋ,20,,,,平成2年,ＳＲＣ,住宅,住宅,,,,商業地域,80.0,500.0,2018年第２四半期,未改装,,6.57978359661681
22064589,中古マンション等,,22132,静岡県,浜松市東区,有玉南町,浜松,1H?1H30,２ＤＫ,60,,,,,ＳＲＣ,住宅,,,,,市街化調整区域,60.0,200.0,2015年第２四半期,未改装,,6.977723605288848
22098037,中古マンション等,,22210,静岡県,富士市,蓼原,富士,18,３ＬＤＫ,65,,,,平成19年,ＲＣ,住宅,,,,,工業地域,60.0,200.0,2012年第４四半期,改装済,,7.176091259055681
22077821,中古マンション等,,22210,静岡県,富士市,永田町,富士,30分?60分,３ＬＤＫ,75,,,,平成15年,ＲＣ,住宅,,,,,商業地域,80.0,400.0,2010年第３四半期,改装済,,7.230448921378274
22000539,中古マンション等,,22101,静岡県,静岡市葵区,春日,静岡,2H?,２ＤＫ,50,,,,昭和47年,ＲＣ,住宅,住宅,,,,第１種住居地域,60.0,200.0,2016年第２四半期,未改装,,6.079181246047625
22073466,中古マンション等,,22203,静岡県,沼津市,大岡,沼津,21,４ＬＤＫ,90,,,,平成15年,ＲＣ,住宅,住宅,,,,準住居地域,60.0,200.0,2015年第３四半期,未改装,,7.342422680822207
22000423,中古マンション等,,22101,静岡県,静岡市葵区,大岩町,静岡,30分?60分,３ＬＤＫ,85,,,,平成16年,ＲＣ,,住宅,,,,第１種中高層住居専用地域,60.0,200.0,2018年第１四半期,改装済,,7.477121254719663
22121766,中古マンション等,,22103,静岡県,静岡市清水区,港町,清水(静岡),22,３ＬＤＫ,90,,,,平成18年,ＲＣ,住宅,,,,,商業地域,80.0,400.0,2007年第４四半期,改装済,,7.518513939877887
22056791,中古マンション等,,22101,静岡県,静岡市葵区,御幸町,静岡,5,３ＬＤＫ,110,,,,平成16年,ＲＣ,住宅,住宅,,,,商業地域,80.0,600.0,2015年第２四半期,未改装,,7.740362689494244
22089911,中古マンション等,,22135,静岡県,浜松市北区,三ヶ日町都筑,東都筑,23,１Ｋ,25,,,,昭和49年,ＳＲＣ,住宅,,,,,市街化調整区域,60.0,200.0,2013年第３四半期,改装済,,6.041392685158225
22078451,中古マンション等,,22101,静岡県,静岡市葵区,川辺町,静岡,14,１ＤＫ,35,,,,平成2年,ＳＲＣ,住宅,,,,,商業地域,80.0,400.0,2009年第２四半期,未改装,,6.832508912706237
22067149,中古マンション等,,22203,静岡県,沼津市,東椎路,沼津,30分?60分,３ＬＤＫ,75,,,,平成3年,ＲＣ,住宅,,,,,第２種中高層住居専用地域,60.0,150.0,2010年第３四半期,未改装,,7.041392685158225
22079456,中古マンション等,,22101,静岡県,静岡市葵区,瀬名,草薙(ＪＲ),30分?60分,３ＬＤＫ,70,,,,平成13年,ＲＣ,住宅,,,,,第１種中高層住居専用地域,60.0,150.0,2009年第３四半期,未改装,,7.146128035678238
22121085,中古マンション等,,22103,静岡県,静岡市清水区,北脇,狐ケ崎,,３ＬＤＫ,75,,,,平成3年,ＲＣ,住宅,,,,,,,,2006年第３四半期,,,7.079181246047625
22059328,中古マンション等,,22131,静岡県,浜松市中区,助信町,浜松,25,４ＬＤＫ,90,,,,平成14年,ＲＣ,住宅,,,,,第１種住居地域,60.0,200.0,2011年第１四半期,未改装,,7.342422680822207
22069860,中古マンション等,,22203,静岡県,沼津市,新宿町,沼津,8,３ＬＤＫ,75,,,,平成12年,ＲＣ,住宅,,,,,商業地域,80.0,400.0,2011年第１四半期,未改装,,7.301029995663981
22009714,中古マンション等,,22131,静岡県,浜松市中区,住吉,浜松,30分?60分,２ＬＤＫ,60,,,,昭和50年,ＳＲＣ,住宅,住宅,,,,第２種住居地域,60.0,200.0,2017年第１四半期,未改装,,6.361727836017593
22035457,中古マンション等,,22212,静岡県,焼津市,栄町,焼津,2,３ＬＤＫ,70,,,,平成9年,ＳＲＣ,住宅,住宅,,,,商業地域,80.0,400.0,2016年第４四半期,未改装,,7.113943352306837
22065954,中古マンション等,,22206,静岡県,三島市,梅名,三島,30分?60分,１Ｋ,20,,,,昭和62年,ＲＣ,住宅,事務所,,,,第２種中高層住居専用地域,60.0,150.0,2014年第３四半期,未改装,,6.477121254719663
22054483,中古マンション等,,22131,静岡県,浜松市中区,幸,浜松,1H?1H30,３ＬＤＫ,65,,,,昭和50年,ＳＲＣ,住宅,住宅,,,,第２種住居地域,60.0,200.0,2014年第４四半期,未改装,,6.681241237375588
22089173,中古マンション等,,22131,静岡県,浜松市中区,板屋町,浜松,6,３ＬＤＫ,75,,,,平成19年,ＲＣ,住宅,,,,,商業地域,80.0,400.0,2009年第３四半期,未改装,,7.518513939877887
22090324,中古マンション等,,22131,静岡県,浜松市中区,新津町,浜松,30分?60分,３ＬＤＫ,65,,,,平成7年,ＲＣ,住宅,,,,,第１種住居地域,60.0,200.0,2009年第３四半期,改装済,,7.230448921378274
22011410,中古マンション等,,22131,静岡県,浜松市中区,元浜町,浜松,21,１ＬＤＫ,65,,,,平成20年,ＲＣ,住宅,住宅,,,,商業地域,80.0,500.0,2016年第１四半期,未改装,,7.361727836017593
22122842,中古マンション等,,22131,静岡県,浜松市中区,曳馬,浜松,30分?60分,３ＬＤＫ,80,,,,平成16年,ＲＣ,住宅,,,,,第１種住居地域,60.0,200.0,2008年第２四半期,未改装,,7.301029995663981
22006668,中古マンション等,,22103,静岡県,静岡市清水区,草薙,草薙(ＪＲ),,３ＬＤＫ,75,,,,平成28年,ＲＣ,住宅,住宅,,,,近隣商業地域,80.0,300.0,2016年第３四半期,未改装,,7.681241237375588
22098049,中古マンション等,,22214,静岡県,藤枝市,田沼,藤枝,8,３ＬＤＫ,65,,,,平成20年,ＲＣ,住宅,住宅,,,,第２種住居地域,60.0,200.0,2015年第４四半期,未改装,,7.2552725051033065
22024626,中古マンション等,,22207,静岡県,富士宮市,源道寺町,源道寺,1,３ＬＤＫ,70,,,,平成4年,ＳＲＣ,住宅,,,,,第２種中高層住居専用地域,60.0,150.0,2017年第４四半期,未改装,,6.897627091290442
22066726,中古マンション等,,22206,静岡県,三島市,松が丘,三島,30分?60分,３ＬＤＫ,70,,,,平成13年,ＲＣ,住宅,住宅,,,,第２種住居地域,60.0,200.0,2014年第３四半期,未改装,,7.079181246047625
22031159,中古マンション等,,22210,静岡県,富士市,日乃出町,富士,30分?60分,２ＬＤＫ,65,,,,平成28年,ＲＣ,,住宅,,,,第２種住居地域,60.0,200.0,2020年第３四半期,未改装,,7.342422680822207
22080090,中古マンション等,,22135,静岡県,浜松市北区,三ヶ日町大崎,都筑,30分?60分,２ＬＤＫ,80,,,,平成2年,ＳＲＣ,住宅,,,,,市街化調整区域,60.0,200.0,2012年第２四半期,未改装,,6.857332496431268
22062934,中古マンション等,,22131,静岡県,浜松市中区,寺島町,浜松,11,２ＤＫ,55,,,,平成3年,ＳＲＣ,住宅,住宅,,,,近隣商業地域,80.0,300.0,2015年第２四半期,改装済,,6.863322860120456
22062851,中古マンション等,,22131,静岡県,浜松市中区,中央,浜松,12,２ＬＤＫ,60,,,,平成12年,ＲＣ,住宅,住宅,,,,近隣商業地域,80.0,300.0,2015年第４四半期,未改装,,7.176091259055681
22008435,中古マンション等,,22131,静岡県,浜松市中区,小豆餅,浜松,1H?1H30,３ＬＤＫ,65,,,,平成4年,ＲＣ,,住宅,,,,第１種住居地域,60.0,200.0,2019年第３四半期,未改装,調停・競売等,6.863322860120456
22004383,中古マンション等,,22102,静岡県,静岡市駿河区,豊田,静岡,30分?60分,,110,,,,平成20年,ＲＣ,,,,,,工業地域,60.0,200.0,2018年第４四半期,,,7.505149978319906
22005040,中古マンション等,,22102,静岡県,静岡市駿河区,曲金,静岡,25,３ＬＤＫ,75,,,,平成3年,ＲＣ,住宅,住宅,,,,工業地域,60.0,200.0,2016年第２四半期,未改装,,7.2552725051033065
22064094,中古マンション等,,22131,静岡県,浜松市中区,山手町,浜松,30分?60分,２ＬＤＫ,65,,,,昭和48年,ＲＣ,住宅,住宅,,,,第１種中高層住居専用地域,60.0,200.0,2015年第２四半期,改装済,,6.903089986991944
22107364,中古マンション等,,22211,静岡県,磐田市,今之浦,磐田,25,３ＬＤＫ,60,,,,平成20年,ＲＣ,住宅,,,,,第１種住居地域,60.0,200.0,2013年第１四半期,未改装,,7.079181246047625
22080411,中古マンション等,,22131,静岡県,浜松市中区,中央,浜松,14,２ＬＤＫ,75,,,,平成16年,ＳＲＣ,住宅,,,,,近隣商業地域,80.0,300.0,2013年第２四半期,未改装,,7.431363764158987
22009365,中古マンション等,,22131,静岡県,浜松市中区,佐鳴台,浜松,30分?60分,１Ｋ,15,,,,昭和64年,ＲＣ,住宅,住宅,,,,第１種中高層住居専用地域,60.0,200.0,2016年第３四半期,,,6.176091259055681
22001307,中古マンション等,,22101,静岡県,静岡市葵区,七間町,静岡,13,３ＬＤＫ,85,,,,平成27年,ＲＣ,住宅,住宅,,,,商業地域,80.0,600.0,2016年第２四半期,改装済,,7.5910646070264995
22078018,中古マンション等,,22101,静岡県,静岡市葵区,大岩町,静岡,30分?60分,３ＬＤＫ,60,,,,昭和52年,ＲＣ,住宅,,,,,第１種中高層住居専用地域,60.0,200.0,2009年第２四半期,改装済,,6.991226075692495
22009109,中古マンション等,,22131,静岡県,浜松市中区,木戸町,浜松,18,３ＬＤＫ,70,,,,平成7年,,住宅,住宅,,,,近隣商業地域,80.0,200.0,2020年第３四半期,未改装,,7.041392685158225
22054809,中古マンション等,,22101,静岡県,静岡市葵区,大岩,静岡,30分?60分,３ＬＤＫ,75,,,,平成16年,ＲＣ,住宅,住宅,,,,第１種中高層住居専用地域,60.0,200.0,2015年第３四半期,未改装,,7.361727836017593
22063779,中古マンション等,,22203,静岡県,沼津市,大手町,沼津,5,オープンフロア,170,,,,,ＳＲＣ,店舗,店舗,,,,商業地域,80.0,500.0,2014年第２四半期,未改装,,7.568201724066995
22118921,中古マンション等,,22101,静岡県,静岡市葵区,東千代田,静岡,30分?60分,３ＬＤＫ,75,,,,平成3年,ＲＣ,住宅,,,,,第２種中高層住居専用地域,60.0,200.0,2006年第４四半期,未改装,調停・競売等,7.041392685158225
22059494,中古マンション等,,22132,静岡県,浜松市東区,天龍川町,天竜川,2,２ＬＤＫ,65,,,,平成5年,ＳＲＣ,住宅,,,,,近隣商業地域,80.0,300.0,2010年第４四半期,未改装,,7.041392685158225
22083613,中古マンション等,,22132,静岡県,浜松市東区,神立町,浜松,30分?60分,３ＬＤＫ,75,,,,平成18年,ＲＣ,住宅,,,,,第２種住居地域,60.0,200.0,2013年第２四半期,未改装,,7.301029995663981
22121779,中古マンション等,,22103,静岡県,静岡市清水区,港町,清水(静岡),,２ＬＤＫ,70,,,,平成8年,,住宅,,,,,,,,2006年第３四半期,未改装,,7.301029995663981
22078227,中古マンション等,,22210,静岡県,富士市,広見西本町,富士,1H?1H30,４ＬＤＫ,85,,,,平成12年,ＲＣ,住宅,,,,,第１種中高層住居専用地域,,,2010年第４四半期,未改装,,7.342422680822207
22008793,中古マンション等,,22131,静岡県,浜松市中区,上島,浜松,30分?60分,３ＬＤＫ,70,,,,平成6年,ＲＣ,住宅,住宅,,,,第１種住居地域,60.0,200.0,2017年第２四半期,,,7.2552725051033065
22065892,中古マンション等,,22203,静岡県,沼津市,大岡,沼津,13,３ＬＤＫ,80,,,,平成20年,ＳＲＣ,住宅,,,,,近隣商業地域,80.0,300.0,2010年第１四半期,未改装,,7.505149978319906
22089253,中古マンション等,,22131,静岡県,浜松市中区,上島,上島,8,２ＬＤＫ,60,,,,平成6年,ＲＣ,住宅,,,,,第１種住居地域,60.0,200.0,2009年第２四半期,改装済,,7.113943352306837
22129288,中古マンション等,,22211,静岡県,磐田市,今之浦,磐田,18,３ＬＤＫ,60,,,,平成2年,ＲＣ,住宅,,,,,第２種住居地域,60.0,200.0,2007年第３四半期,改装済,,7.0
22020978,中古マンション等,,22203,静岡県,沼津市,志下,沼津,30分?60分,４ＬＤＫ,95,,,,平成21年,ＲＣ,住宅,住宅,,,,,,,2016年第２四半期,,,7.204119982655925
22087704,中古マンション等,,22103,静岡県,静岡市清水区,西高町,清水(静岡),30分?60分,２ＬＤＫ,50,,,,平成19年,ＲＣ,住宅,,,,,第２種中高層住居専用地域,60.0,200.0,2009年第３四半期,未改装,,7.204119982655925
22062423,中古マンション等,,22131,静岡県,浜松市中区,住吉,浜松,30分?60分,３ＬＤＫ,65,,,,平成17年,ＲＣ,住宅,住宅,,,,第２種中高層住居専用地域,60.0,200.0,2015年第２四半期,未改装,,7.2552725051033065
22061346,中古マンション等,,22131,静岡県,浜松市中区,鍛冶町,浜松,7,３ＬＤＫ,80,,,,平成12年,ＳＲＣ,住宅,住宅,,,,商業地域,80.0,400.0,2015年第４四半期,,,7.414973347970818
22001252,中古マンション等,,22101,静岡県,静岡市葵区,三番町,静岡,24,２ＬＤＫ,55,,,,平成31年,ＲＣ,住宅,住宅,,,,近隣商業地域,80.0,200.0,2020年第１四半期,未改装,,7.491361693834273
22096339,中古マンション等,,22133,静岡県,浜松市西区,舞阪町弁天島,弁天島,7,２ＬＤＫ,55,,,,平成3年,ＲＣ,住宅,,,,,第１種住居地域,60.0,200.0,2009年第３四半期,未改装,,6.763427993562937
22017748,中古マンション等,,22135,静岡県,浜松市北区,三ヶ日町都筑,東都筑,21,１Ｋ,25,,,,昭和49年,ＳＲＣ,住宅,住宅,,,,市街化調整区域,60.0,200.0,2017年第１四半期,未改装,,5.477121254719663
22055694,中古マンション等,,22103,静岡県,静岡市清水区,馬走北,清水(静岡),30分?60分,３ＤＫ,55,,,,昭和52年,ＳＲＣ,住宅,,,,,第２種住居地域,60.0,200.0,2010年第３四半期,改装済,,6.812913356642856
22020175,中古マンション等,,22203,静岡県,沼津市,江原町,沼津,20,４ＬＤＫ,70,,,,平成8年,ＲＣ,住宅,住宅,,,,第１種住居地域,60.0,200.0,2017年第３四半期,改装済,,7.447158031342219
22012475,中古マンション等,,22132,静岡県,浜松市東区,上西町,浜松,30分?60分,４ＬＤＫ,95,,,,平成21年,,,住宅,,,,第１種住居地域,60.0,200.0,2017年第２四半期,未改装,,7.447158031342219
22089727,中古マンション等,,22131,静岡県,浜松市中区,鴨江,浜松,30分?60分,３ＬＤＫ,70,,,,平成8年,ＳＲＣ,住宅,,,,,第１種中高層住居専用地域,60.0,200.0,2009年第１四半期,改装済,,7.2552725051033065
22089575,中古マンション等,,22135,静岡県,浜松市北区,三ヶ日町大崎,都筑,30分?60分,２ＬＤＫ,75,,,,平成2年,ＳＲＣ,住宅,,,,,市街化調整区域,60.0,200.0,2013年第３四半期,未改装,,6.832508912706237
22078655,中古マンション等,,22131,静岡県,浜松市中区,上島,浜松,30分?60分,２ＬＤＫ,70,,,,平成15年,ＳＲＣ,住宅,,,,,第１種住居地域,60.0,200.0,2013年第２四半期,改装済,,7.230448921378274
22014654,中古マンション等,,22133,静岡県,浜松市西区,舞阪町弁天島,浜松,2H?,２ＬＤＫ,50,,,,昭和49年,,,住宅,,,,第１種住居地域,60.0,200.0,2020年第１四半期,未改装,,6.301029995663981
22023533,中古マンション等,,22206,静岡県,三島市,萩,長泉なめり,13,３ＬＤＫ,65,,,,平成6年,ＲＣ,住宅,住宅,,,,第１種中高層住居専用地域,60.0,200.0,2019年第１四半期,,,7.041392685158225
22012618,中古マンション等,,22132,静岡県,浜松市東区,小池町,浜松,1H?1H30,３ＬＤＫ,70,,,,平成7年,ＲＣ,住宅,住宅,,,,準工業地域,60.0,200.0,2017年第２四半期,未改装,調停・競売等,6.880813592280791
22053465,中古マンション等,,22102,静岡県,静岡市駿河区,登呂,静岡,30分?60分,３ＬＤＫ,80,,,,平成12年,ＲＣ,住宅,,,,,第２種中高層住居専用地域,60.0,200.0,2010年第１四半期,未改装,,7.176091259055681
22063324,中古マンション等,,22203,静岡県,沼津市,江原町,沼津,23,３ＬＤＫ,75,,,,平成8年,ＲＣ,住宅,住宅,,,,第１種住居地域,60.0,200.0,2014年第３四半期,改装済,,7.204119982655925
22009323,中古マンション等,,22131,静岡県,浜松市中区,佐鳴台,浜松,30分?60分,３ＬＤＫ,80,,,,平成2年,ＲＣ,住宅,住宅,,,,第１種中高層住居専用地域,60.0,200.0,2018年第４四半期,改装済,,7.2552725051033065
22003880,中古マンション等,,22102,静岡県,静岡市駿河区,国吉田,草薙(ＪＲ),21,３ＬＤＫ,70,,,,平成14年,ＲＣ,,住宅,,,,準工業地域,60.0,200.0,2017年第４四半期,改装済,,7.146128035678238
22058644,中古マンション等,,22131,静岡県,浜松市中区,和合町,浜松,1H?1H30,３ＬＤＫ,65,,,,平成7年,ＲＣ,住宅,,,,,第１種住居地域,60.0,200.0,2010年第３四半期,未改装,調停・競売等,7.892094602690481
22121783,中古マンション等,,22103,静岡県,静岡市清水区,港町,新清水,,３ＬＤＫ,85,,,,平成18年,ＲＣ,住宅,,,,,,,,2006年第４四半期,,,7.431363764158987
22069055,中古マンション等,,22206,静岡県,三島市,広小路町,三島,12,１Ｋ,40,,,,平成20年,ＲＣ,住宅,,,,,商業地域,80.0,400.0,2010年第１四半期,未改装,,7.2552725051033065
22024093,中古マンション等,,22206,静岡県,三島市,（大字なし）,三島,19,２ＤＫ,50,,,,平成3年,,,住宅,,,,第２種住居地域,60.0,200.0,2018年第１四半期,未改装,,6.977723605288848
22129727,中古マンション等,,22211,静岡県,磐田市,見付,磐田,30分?60分,３ＬＤＫ,75,,,,平成8年,ＲＣ,住宅,,,,,第１種中高層住居専用地域,60.0,150.0,2008年第４四半期,改装済,,6.929418925714293
22052272,中古マンション等,,22102,静岡県,静岡市駿河区,南町,静岡,5,１Ｋ,25,,,,昭和55年,ＳＲＣ,住宅,住宅,,,,商業地域,80.0,400.0,2014年第３四半期,未改装,,6.2552725051033065
22012973,中古マンション等,,22132,静岡県,浜松市東区,天王町,浜松,1H?1H30,３ＬＤＫ,65,,,,平成2年,ＲＣ,住宅,住宅,,,,第１種住居地域,60.0,200.0,2019年第４四半期,改装済,,6.977723605288848
22036498,中古マンション等,,22212,静岡県,焼津市,,焼津,1,２ＬＤＫ,80,,,,平成16年,ＳＲＣ,住宅,住宅,,,,商業地域,80.0,400.0,2017年第４四半期,改装済,,7.230448921378274
22054125,中古マンション等,,22131,静岡県,浜松市中区,板屋町,浜松,6,２ＬＤＫ,70,,,,,ＲＣ,住宅,住宅,,,,商業地域,80.0,600.0,2014年第４四半期,未改装,,7.518513939877887
22122418,中古マンション等,,22131,静岡県,浜松市中区,新津町,浜松,30分?60分,３ＬＤＫ,65,,,,平成8年,ＲＣ,住宅,,,,,第１種住居地域,60.0,200.0,2008年第１四半期,未改装,,7.204119982655925
22030821,中古マンション等,,22210,静岡県,富士市,中島,富士,18,１ＬＤＫ,45,,,,平成2年,ＲＣ,住宅,住宅,,,,第１種住居地域,60.0,200.0,2019年第２四半期,,,6.698970004336019
22001891,中古マンション等,,22101,静岡県,静岡市葵区,鷹匠,静岡,11,３ＬＤＫ,80,,,,平成17年,ＳＲＣ,,住宅,,,,商業地域,80.0,400.0,2019年第１四半期,未改装,,7.6127838567197355
22091638,中古マンション等,,22131,静岡県,浜松市中区,中沢町,浜松,30分?60分,１Ｋ,25,,,,昭和60年,ＲＣ,住宅,,,,,近隣商業地域,80.0,300.0,2009年第２四半期,未改装,,6.2552725051033065
22068313,中古マンション等,,22206,静岡県,三島市,梅名,大場,18,１Ｋ,30,,,,昭和62年,ＲＣ,住宅,,,,,第２種中高層住居専用地域,60.0,200.0,2010年第１四半期,改装済,,6.477121254719663
22057304,中古マンション等,,22131,静岡県,浜松市中区,住吉,浜松,30分?60分,３ＬＤＫ,75,,,,平成17年,ＲＣ,住宅,,,,,第２種中高層住居専用地域,60.0,200.0,2010年第３四半期,未改装,,7.3222192947339195
22118701,中古マンション等,,22101,静岡県,静岡市葵区,天王町,静岡,14,１Ｋ,15,,,,昭和59年,ＲＣ,住宅,,,,,商業地域,80.0,400.0,2006年第４四半期,改装済,,6.57978359661681
22032221,中古マンション等,,22210,静岡県,富士市,吉原,吉原,30分?60分,３ＬＤＫ,70,,,,平成5年,,住宅,住宅,,,,商業地域,80.0,400.0,2017年第３四半期,改装済,,7.146128035678238
22057367,中古マンション等,,22132,静岡県,浜松市東区,中郡町,遠州西ケ崎,2,３ＬＤＫ,70,,,,平成7年,ＳＲＣ,住宅,住宅,,,,市街化調整区域,60.0,200.0,2014年第４四半期,未改装,,7.176091259055681
22069022,中古マンション等,,22206,静岡県,三島市,東本町,三島,20,３ＬＤＫ,70,,,,平成8年,ＲＣ,住宅,,,,,第１種住居地域,60.0,200.0,2010年第３四半期,,,7.204119982655925
22081241,中古マンション等,,22131,静岡県,浜松市中区,布橋,浜松,30分?60分,１Ｋ,15,,,,昭和59年,ＲＣ,住宅,,,,,第２種中高層住居専用地域,60.0,200.0,2013年第３四半期,未改装,,6.041392685158225
22012637,中古マンション等,,22132,静岡県,浜松市東区,神立町,浜松,30分?60分,３ＬＤＫ,70,,,,平成8年,ＲＣ,,住宅,,,,第１種住居地域,60.0,200.0,2020年第３四半期,未改装,,7.041392685158225
22070718,中古マンション等,,22203,静岡県,沼津市,平町,沼津,11,４ＬＤＫ,90,,,,平成9年,ＳＲＣ,住宅,,,,,近隣商業地域,60.0,300.0,2011年第２四半期,未改装,,7.361727836017593
22022072,中古マンション等,,22203,静岡県,沼津市,三園町,沼津,24,３ＬＤＫ,75,,,,平成21年,ＲＣ,住宅,住宅,,,,,,,2016年第４四半期,,調停・競売等,7.2552725051033065
22069125,中古マンション等,,22135,静岡県,浜松市北区,初生町,浜松,1H30?2H,１Ｒ,20,,,,,ＲＣ,住宅,住宅,,,,第１種住居地域,60.0,200.0,2015年第２四半期,,,6.079181246047625
22089833,中古マンション等,,22135,静岡県,浜松市北区,三ヶ日町都筑,都筑,20,１ＬＤＫ,50,,,,平成5年,ＳＲＣ,住宅,,,,,市街化調整区域,60.0,200.0,2013年第４四半期,未改装,,6.623249290397901
22010210,中古マンション等,,22131,静岡県,浜松市中区,中央,浜松,10,４ＬＤＫ,80,,,,平成12年,ＲＣ,住宅,住宅,,,,商業地域,80.0,400.0,2017年第１四半期,未改装,,7.414973347970818
22122131,中古マンション等,,22131,静岡県,浜松市中区,海老塚,浜松,9,３ＬＤＫ,65,,,,平成7年,ＳＲＣ,住宅,,,,,商業地域,80.0,500.0,2008年第３四半期,未改装,,7.0
22012733,中古マンション等,,22132,静岡県,浜松市東区,篠ケ瀬町,浜松,1H?1H30,３ＬＤＫ,65,,,,平成7年,ＲＣ,,住宅,,,,第１種住居地域,60.0,200.0,2017年第４四半期,未改装,,7.146128035678238
22085587,中古マンション等,,22203,静岡県,沼津市,新宿町,沼津,6,４ＬＤＫ,85,,,,昭和59年,ＳＲＣ,住宅,,,,,商業地域,80.0,400.0,2012年第３四半期,未改装,,7.079181246047625
22022822,中古マンション等,,22206,静岡県,三島市,青木,三島,29,,80,,,,平成19年,ＲＣ,住宅,住宅,,,,第１種住居地域,60.0,200.0,2020年第１四半期,未改装,,7.3979400086720375
22061714,中古マンション等,,22131,静岡県,浜松市中区,鴨江,浜松,30分?60分,２ＬＤＫ,55,,,,平成8年,ＲＣ,住宅,住宅,,,,第１種中高層住居専用地域,60.0,200.0,2015年第３四半期,改装済,,7.079181246047625
22005090,中古マンション等,,22102,静岡県,静岡市駿河区,曲金,東静岡,6,３ＬＤＫ,80,,,,平成26年,ＲＣ,住宅,住宅,,,,商業地域,80.0,400.0,2018年第３四半期,未改装,,7.531478917042255
22010780,中古マンション等,,22131,静岡県,浜松市中区,西伊場町,浜松,30分?60分,３ＬＤＫ,65,,,,昭和58年,ＲＣ,住宅,住宅,,,,第１種中高層住居専用地域,60.0,200.0,2016年第３四半期,未改装,,6.698970004336019
22023792,中古マンション等,,22206,静岡県,三島市,松が丘,三島,30分?60分,３ＬＤＫ,70,,,,平成13年,ＲＣ,,住宅,,,,第２種住居地域,60.0,200.0,2018年第４四半期,未改装,,7.146128035678238
22054255,中古マンション等,,22101,静岡県,静岡市葵区,吉野町,静岡,16,１Ｋ,20,,,,昭和60年,ＲＣ,住宅,,,,,商業地域,80.0,400.0,2011年第３四半期,改装済,,6.146128035678238
22003042,中古マンション等,,22101,静岡県,静岡市葵区,与一,静岡,1H?1H30,２ＬＤＫ,60,,,,,,住宅,,,,,第２種中高層住居専用地域,60.0,200.0,2019年第３四半期,改装済,,6.568201724066995
22111305,中古マンション等,,22210,静岡県,富士市,日乃出町,富士,30分?60分,２ＬＤＫ,75,,,,平成20年,ＲＣ,住宅,,,,,第２種住居地域,60.0,200.0,2009年第２四半期,未改装,,7.342422680822207
22052353,中古マンション等,,22101,静岡県,静岡市葵区,本通,静岡,14,２ＤＫ,35,,,,昭和55年,ＳＲＣ,住宅,,,,,商業地域,80.0,500.0,2010年第４四半期,改装済,,6.740362689494244
22058903,中古マンション等,,22132,静岡県,浜松市東区,植松町,浜松,30分?60分,１ＬＤＫ,45,,,,昭和49年,ＲＣ,住宅,,,,,第１種住居地域,60.0,200.0,2010年第２四半期,,,6.623249290397901
22117800,中古マンション等,,22101,静岡県,静岡市葵区,安東,静岡,,３ＬＤＫ,65,,,,平成7年,ＲＣ,住宅,,,,,第２種中高層住居専用地域,60.0,200.0,2006年第４四半期,未改装,,7.146128035678238
22106831,中古マンション等,,22210,静岡県,富士市,水戸島元町,富士,5,オープンフロア,155,,,,平成22年,ＲＣ,事務所,,,,,商業地域,80.0,400.0,2013年第２四半期,未改装,,7.2552725051033065
22071795,中古マンション等,,22131,静岡県,浜松市中区,高丘東,浜松,1H30?2H,３ＬＤＫ,70,,,,平成5年,ＳＲＣ,住宅,,,,,工業地域,60.0,200.0,2012年第３四半期,未改装,,6.929418925714293
22001818,中古マンション等,,22101,静岡県,静岡市葵区,瀬名中央,静岡,1H?1H30,２ＬＤＫ,55,,,,平成7年,ＲＣ,住宅,住宅,,,,第２種中高層住居専用地域,60.0,200.0,2016年第１四半期,未改装,,6.832508912706237
22022056,中古マンション等,,22203,静岡県,沼津市,三園町,沼津,24,３ＬＤＫ,70,,,,平成21年,ＳＲＣ,,住宅,,,,近隣商業地域,80.0,300.0,2020年第３四半期,改装済,,7.176091259055681
22009842,中古マンション等,,22131,静岡県,浜松市中区,高丘北,浜松,1H30?2H,４ＬＤＫ,80,,,,平成20年,ＲＣ,住宅,住宅,,,,第１種住居地域,,,2019年第２四半期,未改装,,7.041392685158225
22014645,中古マンション等,,22133,静岡県,浜松市西区,舞阪町弁天島,浜松,2H?,２ＬＤＫ,55,,,,昭和51年,,,住宅,,,,商業地域,80.0,400.0,2020年第３四半期,改装済,,6.740362689494244
22122294,中古マンション等,,22131,静岡県,浜松市中区,幸,浜松,30分?60分,３ＬＤＫ,65,,,,平成19年,ＲＣ,住宅,,,,,第２種住居地域,60.0,200.0,2008年第１四半期,未改装,,7.414973347970818
22076307,中古マンション等,,22206,静岡県,三島市,一番町,三島,5,２ＤＫ,65,,,,平成22年,ＲＣ,住宅,住宅,,,,近隣商業地域,80.0,200.0,2015年第１四半期,改装済,,7.477121254719663
22020536,中古マンション等,,22203,静岡県,沼津市,大手町,沼津,1,２ＬＤＫ,70,,,,平成20年,,住宅,住宅,,,,商業地域,80.0,600.0,2020年第１四半期,未改装,,7.5910646070264995
22092597,中古マンション等,,22131,静岡県,浜松市中区,山手町,浜松,30分?60分,３ＬＤＫ,105,,,,平成12年,ＲＣ,住宅,,,,,第１種中高層住居専用地域,60.0,200.0,2009年第３四半期,未改装,,7.544068044350276
22069959,中古マンション等,,22131,静岡県,浜松市中区,海老塚,浜松,10,３ＬＤＫ,75,,,,平成11年,ＳＲＣ,住宅,,,,,商業地域,80.0,500.0,2012年第１四半期,改装済,,7.176091259055681
22064143,中古マンション等,,22203,静岡県,沼津市,西条町,沼津,9,３ＬＤＫ,65,,,,,ＳＲＣ,住宅,,,,,商業地域,80.0,400.0,2014年第４四半期,未改装,,6.903089986991944
22089834,中古マンション等,,22135,静岡県,浜松市北区,三ヶ日町都筑,都筑,30分?60分,１Ｋ,25,,,,昭和49年,ＳＲＣ,住宅,,,,,市街化調整区域,60.0,200.0,2013年第４四半期,未改装,,5.732393759822968
22012133,中古マンション等,,22132,静岡県,浜松市東区,植松町,浜松,30分?60分,,70,,,,平成11年,ＲＣ,住宅,住宅,,,,第１種住居地域,60.0,200.0,2016年第４四半期,,,7.041392685158225
22012312,中古マンション等,,22132,静岡県,浜松市東区,笠井新田町,浜松,2H?,４ＬＤＫ,75,,,,平成4年,,住宅,住宅,,,,市街化調整区域,60.0,200.0,2017年第３四半期,未改装,,6.991226075692495
22053609,中古マンション等,,22103,静岡県,静岡市清水区,本郷町,清水(静岡),4,３ＬＤＫ,60,,,,平成19年,ＲＣ,住宅,住宅,,,,商業地域,80.0,400.0,2014年第４四半期,未改装,,7.2552725051033065
22055591,中古マンション等,,22101,静岡県,静岡市葵区,昭和町,静岡,8,１Ｋ,20,,,,昭和53年,ＳＲＣ,住宅,住宅,,,,商業地域,80.0,600.0,2015年第２四半期,未改装,,6.544068044350276
22092502,中古マンション等,,22212,静岡県,焼津市,栄町,焼津,5,３ＬＤＫ,65,,,,平成9年,ＲＣ,住宅,住宅,,,,準工業地域,60.0,200.0,2015年第２四半期,未改装,,6.079181246047625
22089456,中古マンション等,,22131,静岡県,浜松市中区,上島,浜松,1H?1H30,３ＬＤＫ,85,,,,昭和63年,ＳＲＣ,住宅,,,,,第１種中高層住居専用地域,60.0,200.0,2009年第４四半期,未改装,,6.903089986991944
22000716,中古マンション等,,22101,静岡県,静岡市葵区,唐瀬,静岡,1H?1H30,３ＬＤＫ,65,,,,平成6年,,住宅,住宅,,,,第１種住居地域,60.0,200.0,2020年第２四半期,改装済,,7.176091259055681
22021967,中古マンション等,,22203,静岡県,沼津市,本,沼津,9,２ＤＫ,35,,,,昭和60年,ＲＣ,住宅,住宅,,,,近隣商業地域,80.0,200.0,2016年第１四半期,未改装,,6.4623979978989565
22121465,中古マンション等,,22103,静岡県,静岡市清水区,千歳町,清水(静岡),18,３ＬＤＫ,60,,,,昭和56年,ＳＲＣ,住宅,,,,,商業地域,80.0,400.0,2008年第１四半期,未改装,,6.919078092376074
22050743,中古マンション等,,22101,静岡県,静岡市葵区,追手町,静岡,13,２ＬＤＫ,55,,,,昭和54年,ＳＲＣ,住宅,住宅,,,,商業地域,80.0,600.0,2014年第３四半期,未改装,,6.977723605288848
22066506,中古マンション等,,22203,静岡県,沼津市,下香貫,沼津,30分?60分,２ＤＫ,60,,,,昭和63年,ＲＣ,住宅,,,,,第１種住居地域,60.0,200.0,2010年第２四半期,改装済,,6.991226075692495
22083503,中古マンション等,,22102,静岡県,静岡市駿河区,登呂,静岡,30分?60分,３ＬＤＫ,75,,,,平成14年,ＲＣ,住宅,,,,,第１種住居地域,60.0,200.0,2009年第４四半期,未改装,,7.278753600952829
22055848,中古マンション等,,22103,静岡県,静岡市清水区,宮下町,清水(静岡),16,４Ｋ,50,,,,昭和53年,ＲＣ,住宅,,,,,第２種住居地域,60.0,200.0,2010年第４四半期,未改装,,6.544068044350276
22122906,中古マンション等,,22131,静岡県,浜松市中区,元魚町,浜松,13,３ＬＤＫ,70,,,,平成2年,ＲＣ,住宅,,,,,近隣商業地域,80.0,300.0,2008年第１四半期,未改装,,7.079181246047625
22008545,中古マンション等,,22131,静岡県,浜松市中区,板屋町,浜松,6,４ＬＤＫ,90,,,,平成18年,ＳＲＣ,,住宅,,,,商業地域,80.0,600.0,2020年第１四半期,改装済,,7.7160033436347994
22056604,中古マンション等,,22131,静岡県,浜松市中区,上島,浜松,30分?60分,３ＬＤＫ,75,,,,平成16年,ＲＣ,住宅,,,,,第１種住居地域,60.0,200.0,2010年第１四半期,未改装,,7.204119982655925
22005741,中古マンション等,,22102,静岡県,静岡市駿河区,八幡,静岡,11,１ＬＤＫ,50,,,,平成18年,ＲＣ,住宅,住宅,,,,近隣商業地域,80.0,300.0,2017年第１四半期,改装済,,7.113943352306837
22023162,中古マンション等,,22206,静岡県,三島市,寿町,三島,8,オープンフロア,40,,,,平成2年,ＲＣ,事務所,事務所,,,,近隣商業地域,80.0,200.0,2017年第２四半期,未改装,,6.477121254719663
22069057,中古マンション等,,22206,静岡県,三島市,広小路町,三島広小路,3,１ＤＫ,40,,,,平成20年,ＲＣ,住宅,,,,,商業地域,80.0,400.0,2010年第１四半期,未改装,,7.278753600952829
22077852,中古マンション等,,22211,静岡県,磐田市,東新町,磐田,30分?60分,３ＬＤＫ,60,,,,平成8年,ＳＲＣ,住宅,,,,,市街化調整区域,60.0,200.0,2014年第１四半期,未改装,調停・競売等,6.6020599913279625
22002924,中古マンション等,,22101,静岡県,静岡市葵区,御幸町,静岡,6,３ＬＤＫ,120,,,,平成16年,ＲＣ,,事務所,,,,,,,2018年第３四半期,未改装,,7.977723605288848
22015525,中古マンション等,,22134,静岡県,浜松市南区,西伝寺町,浜松,30分?60分,３ＬＤＫ,70,,,,平成2年,ＳＲＣ,住宅,住宅,,,,第１種住居地域,60.0,200.0,2018年第３四半期,改装済,,7.041392685158225
22084118,中古マンション等,,22203,静岡県,沼津市,江原町,沼津,25,３ＬＤＫ,70,,,,平成8年,ＲＣ,住宅,,,,,第１種住居地域,60.0,200.0,2012年第１四半期,未改装,,7.079181246047625
22010586,中古マンション等,,22131,静岡県,浜松市中区,中沢町,浜松,24,３ＬＤＫ,90,,,,平成14年,ＲＣ,住宅,住宅,,,,近隣商業地域,80.0,300.0,2018年第２四半期,改装済,,7.3222192947339195
22121631,中古マンション等,,22103,静岡県,静岡市清水区,西高町,清水(静岡),30分?60分,１ＬＤＫ＋Ｓ,50,,,,平成20年,ＲＣ,住宅,,,,,第２種中高層住居専用地域,60.0,200.0,2008年第４四半期,未改装,,7.176091259055681
22059572,中古マンション等,,22132,静岡県,浜松市東区,中郡町,浜松,1H30?2H,３ＬＤＫ,70,,,,平成4年,ＲＣ,住宅,,,,,市街化調整区域,60.0,200.0,2010年第２四半期,未改装,,7.0
22053281,中古マンション等,,22101,静岡県,静岡市葵区,水道町,静岡,30分?60分,４ＬＤＫ,80,,,,平成8年,ＲＣ,住宅,,,,,準工業地域,60.0,200.0,2011年第４四半期,改装済,,7.204119982655925
22120158,中古マンション等,,22102,静岡県,静岡市駿河区,西中原,静岡,25,２ＬＤＫ,60,,,,昭和48年,ＳＲＣ,住宅,,,,,近隣商業地域,80.0,200.0,2008年第１四半期,改装済,,6.832508912706237
22129487,中古マンション等,,22211,静岡県,磐田市,東新町,磐田,30分?60分,３ＬＤＫ,55,,,,平成8年,ＳＲＣ,住宅,,,,,市街化調整区域,60.0,200.0,2007年第２四半期,未改装,,6.886490725172482
22088081,中古マンション等,,22206,静岡県,三島市,加茂川町,三島,20,３ＬＤＫ,70,,,,平成8年,ＳＲＣ,住宅,,,,,第２種住居地域,60.0,200.0,2012年第４四半期,未改装,,7.230448921378274
22078246,中古マンション等,,22131,静岡県,浜松市中区,泉,浜松,1H?1H30,３ＬＤＫ,85,,,,平成13年,ＲＣ,住宅,,,,,第１種中高層住居専用地域,60.0,200.0,2013年第４四半期,未改装,,7.2552725051033065
22033751,中古マンション等,,22211,静岡県,磐田市,中泉,磐田,2,３ＬＤＫ,85,,,,平成25年,ＳＲＣ,住宅,住宅,,,,商業地域,80.0,400.0,2020年第２四半期,未改装,,7.342422680822207
22130795,中古マンション等,,22213,静岡県,掛川市,連雀,掛川,5,３ＬＤＫ,70,,,,平成9年,ＳＲＣ,住宅,,,,,商業地域,80.0,400.0,2008年第４四半期,未改装,,7.2552725051033065
22122604,中古マンション等,,22131,静岡県,浜松市中区,寺島町,浜松,11,２ＬＤＫ,55,,,,平成3年,ＳＲＣ,住宅,,,,,近隣商業地域,80.0,300.0,2008年第４四半期,未改装,,6.8750612633917
22000738,中古マンション等,,22101,静岡県,静岡市葵区,唐瀬,静岡,1H?1H30,３ＬＤＫ,75,,,,平成9年,ＲＣ,住宅,住宅,,,,第１種住居地域,60.0,200.0,2017年第１四半期,未改装,,7.113943352306837
22000725,中古マンション等,,22101,静岡県,静岡市葵区,唐瀬,静岡,1H?1H30,３ＬＤＫ,65,,,,平成12年,ＲＣ,住宅,住宅,,,,第１種住居地域,60.0,200.0,2019年第１四半期,未改装,,7.2552725051033065
22005473,中古マンション等,,22102,静岡県,静岡市駿河区,南町,静岡,5,２ＤＫ,35,,,,昭和55年,,,住宅,,,,商業地域,80.0,400.0,2017年第３四半期,未改装,,6.623249290397901
22086168,中古マンション等,,22210,静岡県,富士市,蓼原,富士,16,,65,,,,平成19年,ＲＣ,住宅,住宅,,,,工業地域,60.0,200.0,2015年第４四半期,,,7.041392685158225
22075499,中古マンション等,,22132,静岡県,浜松市東区,宮竹町,浜松,30分?60分,３ＬＤＫ,55,,,,昭和64年,ＲＣ,住宅,,,,,第１種住居地域,60.0,200.0,2012年第２四半期,未改装,,6.763427993562937
22011100,中古マンション等,,22131,静岡県,浜松市中区,東伊場,浜松,24,３ＬＤＫ,80,,,,平成20年,ＲＣ,住宅,住宅,,,,第２種住居地域,60.0,200.0,2017年第２四半期,未改装,,7.342422680822207
22119234,中古マンション等,,22101,静岡県,静岡市葵区,竜南,静岡,30分?60分,３ＤＫ,120,,,,平成11年,ＲＣ,住宅,,,,,第２種中高層住居専用地域,60.0,200.0,2008年第３四半期,改装済,,7.204119982655925
22121494,中古マンション等,,22103,静岡県,静岡市清水区,天神,清水(静岡),16,３ＬＤＫ,85,,,,平成9年,ＲＣ,住宅,,,,,第２種住居地域,60.0,200.0,2008年第３四半期,改装済,,7.342422680822207
22009350,中古マンション等,,22131,静岡県,浜松市中区,佐鳴台,浜松,30分?60分,,75,,,,平成12年,ＲＣ,,住宅,,,,近隣商業地域,80.0,200.0,2017年第３四半期,未改装,,7.230448921378274
22021325,中古マンション等,,22203,静岡県,沼津市,高島町,沼津,6,３ＬＤＫ,75,,,,平成11年,,住宅,住宅,,,,商業地域,80.0,400.0,2020年第１四半期,改装済,,7.278753600952829
22023037,中古マンション等,,22206,静岡県,三島市,加茂川町,三島,20,３ＬＤＫ,70,,,,平成8年,,,住宅,,,,第２種住居地域,,,2019年第２四半期,改装済,,7.176091259055681
22007680,中古マンション等,,22103,静岡県,静岡市清水区,真砂町,清水(静岡),5,３ＬＤＫ,85,,,,平成23年,ＲＣ,,住宅,,,,商業地域,80.0,400.0,2020年第２四半期,未改装,,7.477121254719663
22011395,中古マンション等,,22131,静岡県,浜松市中区,元浜町,浜松,16,１ＬＤＫ,50,,,,平成9年,ＳＲＣ,,住宅,,,,商業地域,80.0,500.0,2018年第１四半期,未改装,,6.903089986991944
22052753,中古マンション等,,22102,静岡県,静岡市駿河区,池田,東静岡,30分?60分,３ＬＤＫ,70,,,,昭和54年,ＲＣ,住宅,,,,,第１種中高層住居専用地域,60.0,150.0,2010年第３四半期,未改装,,6.812913356642856
22030953,中古マンション等,,22210,静岡県,富士市,中之郷,富士川,8,４ＬＤＫ,75,,,,平成4年,ＲＣ,住宅,住宅,,,,第１種住居地域,60.0,200.0,2016年第１四半期,未改装,,6.892094602690481
22030557,中古マンション等,,22210,静岡県,富士市,伝法,富士,30分?60分,２ＬＤＫ,65,,,,平成5年,ＲＣ,住宅,住宅,,,,第１種住居地域,60.0,200.0,2019年第１四半期,改装済,,7.3979400086720375
22055201,中古マンション等,,22103,静岡県,静岡市清水区,千歳町,清水(静岡),19,３ＬＤＫ,60,,,,昭和62年,ＳＲＣ,住宅,,,,,商業地域,80.0,400.0,2010年第３四半期,未改装,,6.977723605288848
22005464,中古マンション等,,22102,静岡県,静岡市駿河区,南町,静岡,5,,75,,,,平成16年,,住宅,住宅,,,,商業地域,80.0,400.0,2018年第４四半期,,,7.4623979978989565
22052439,中古マンション等,,22101,静岡県,静岡市葵区,安東,静岡,30分?60分,３ＬＤＫ,55,,,,平成7年,ＲＣ,住宅,,,,,第２種中高層住居専用地域,60.0,200.0,2011年第２四半期,未改装,,7.176091259055681
22086193,中古マンション等,,22133,静岡県,浜松市西区,舞阪町弁天島,浜松,2H?,１ＬＤＫ,35,,,,平成3年,ＲＣ,住宅,,,,,第１種住居地域,60.0,200.0,2013年第１四半期,未改装,,6.301029995663981
22125457,中古マンション等,,22203,静岡県,沼津市,大手町,沼津,1,１ＬＤＫ,50,,,,平成20年,ＲＣ,住宅,,,,,商業地域,80.0,500.0,2008年第２四半期,未改装,,7.380211241711606
22008347,中古マンション等,,22131,静岡県,浜松市中区,葵西,浜松,2H?,４ＬＤＫ,80,,,,平成9年,ＲＣ,住宅,住宅,,,,第１種住居地域,60.0,200.0,2016年第１四半期,未改装,,7.113943352306837
22094910,中古マンション等,,22203,静岡県,沼津市,高沢町,沼津,6,３ＬＤＫ,75,,,,,ＲＣ,住宅,,,,,商業地域,80.0,400.0,2013年第１四半期,未改装,,7.278753600952829
22010655,中古マンション等,,22131,静岡県,浜松市中区,中島,浜松,16,４ＬＤＫ,65,,,,昭和64年,ＳＲＣ,住宅,住宅,,,,第１種住居地域,60.0,200.0,2016年第４四半期,未改装,,6.845098040014257
22119422,中古マンション等,,22102,静岡県,静岡市駿河区,小黒,静岡,21,３ＬＤＫ,70,,,,昭和63年,ＲＣ,住宅,,,,,準工業地域,60.0,200.0,2008年第３四半期,改装済,,7.079181246047625
22100551,中古マンション等,,22210,静岡県,富士市,米之宮町,富士,21,３ＬＤＫ,90,,,,平成21年,ＲＣ,住宅,,,,,第２種中高層住居専用地域,60.0,200.0,2012年第４四半期,未改装,,7.4623979978989565
22074422,中古マンション等,,22102,静岡県,静岡市駿河区,南町,静岡,,１ＬＤＫ,45,,,,平成9年,ＳＲＣ,住宅,,,,,商業地域,80.0,600.0,2013年第４四半期,,,7.230448921378274
22007780,中古マンション等,,22103,静岡県,静岡市清水区,港町,清水(静岡),23,１ＬＤＫ,45,,,,平成8年,ＳＲＣ,,その他,,,,工業地域,60.0,200.0,2018年第２四半期,未改装,,6.903089986991944
22051231,中古マンション等,,22101,静岡県,静岡市葵区,本通,静岡,16,１ＤＫ,35,,,,,ＳＲＣ,住宅,住宅,,,,商業地域,80.0,500.0,2014年第２四半期,改装済,,6.724275869600789
22012136,中古マンション等,,22132,静岡県,浜松市東区,植松町,浜松,30分?60分,オープンフロア,30,,,,,ＳＲＣ,住宅,店舗,,,,第１種住居地域,60.0,200.0,2016年第３四半期,,,6.230448921378274
22059495,中古マンション等,,22132,静岡県,浜松市東区,天龍川町,天竜川,2,４ＬＤＫ,85,,,,平成17年,ＲＣ,住宅,,,,,工業地域,60.0,200.0,2010年第３四半期,未改装,,7.380211241711606
22121777,中古マンション等,,22103,静岡県,静岡市清水区,港町,清水(静岡),,３ＬＤＫ,90,,,,平成18年,,住宅,,,,,,,,2006年第４四半期,未改装,,7.518513939877887
22055441,中古マンション等,,22102,静岡県,静岡市駿河区,西中原,静岡,29,３ＬＤＫ,85,,,,平成3年,ＲＣ,住宅,,,,,工業地域,60.0,200.0,2011年第２四半期,未改装,,7.176091259055681
22024931,中古マンション等,,22207,静岡県,富士宮市,中央町,富士宮,2,４ＬＤＫ,85,,,,平成17年,ＲＣ,住宅,住宅,,,,商業地域,80.0,400.0,2019年第４四半期,未改装,,7.3222192947339195
22122453,中古マンション等,,22131,静岡県,浜松市中区,住吉,浜松,,３ＬＤＫ,60,,,,昭和50年,ＲＣ,住宅,,,,,第２種中高層住居専用地域,60.0,200.0,2008年第４四半期,改装済,,6.653212513775344
22001031,中古マンション等,,22101,静岡県,静岡市葵区,北番町,静岡,28,３ＬＤＫ,70,,,,,,,住宅,,,,準工業地域,60.0,200.0,2020年第３四半期,未改装,,7.447158031342219
22052615,中古マンション等,,22101,静岡県,静岡市葵区,大岩町,静岡,30分?60分,２ＤＫ,45,,,,昭和52年,ＲＣ,住宅,,,,,第１種中高層住居専用地域,60.0,200.0,2011年第３四半期,未改装,,6.653212513775344
22068919,中古マンション等,,22203,静岡県,沼津市,大岡,沼津,1H?1H30,３ＬＤＫ,65,,,,平成11年,ＲＣ,住宅,,,,,第２種中高層住居専用地域,60.0,150.0,2011年第３四半期,未改装,,7.176091259055681
22130343,中古マンション等,,22212,静岡県,焼津市,本町,焼津,8,３ＬＤＫ,75,,,,平成19年,ＲＣ,住宅,,,,,商業地域,80.0,400.0,2007年第１四半期,改装済,,7.431363764158987
22024937,中古マンション等,,22207,静岡県,富士宮市,中央町,富士宮,1,３ＬＤＫ,75,,,,平成25年,ＲＣ,住宅,住宅,,,,商業地域,80.0,400.0,2017年第１四半期,未改装,,7.3979400086720375
22056464,中古マンション等,,22101,静岡県,静岡市葵区,馬場町,静岡,18,４ＬＤＫ,85,,,,平成15年,ＳＲＣ,住宅,住宅,,,,商業地域,80.0,400.0,2015年第２四半期,未改装,,7.477121254719663
22089482,中古マンション等,,22131,静岡県,浜松市中区,上島,浜松,30分?60分,３ＬＤＫ,70,,,,平成9年,ＲＣ,住宅,,,,,第１種住居地域,60.0,200.0,2009年第１四半期,改装済,,7.204119982655925
22059548,中古マンション等,,22131,静岡県,浜松市中区,高丘北,浜松,1H30?2H,３ＬＤＫ,80,,,,平成18年,ＲＣ,住宅,,,,,第１種住居地域,60.0,200.0,2011年第４四半期,未改装,,7.2552725051033065
22074454,中古マンション等,,22203,静岡県,沼津市,杉崎町,沼津,13,３ＬＤＫ,70,,,,,ＲＣ,住宅,住宅,,,,第２種住居地域,60.0,200.0,2015年第１四半期,改装済,,7.414973347970818
22083518,中古マンション等,,22102,静岡県,静岡市駿河区,登呂,静岡,30分?60分,３ＬＤＫ,75,,,,平成14年,ＲＣ,住宅,,,,,第１種住居地域,60.0,200.0,2009年第２四半期,未改装,,7.3222192947339195
22059047,中古マンション等,,22131,静岡県,浜松市中区,佐藤,浜松,28,３ＬＤＫ,70,,,,平成14年,ＳＲＣ,住宅,,,,,第２種住居地域,60.0,200.0,2011年第２四半期,未改装,,7.204119982655925
22005760,中古マンション等,,22102,静岡県,静岡市駿河区,八幡,藤枝,11,１ＤＫ,50,,,,平成18年,ＲＣ,住宅,その他,,,,近隣商業地域,80.0,300.0,2016年第４四半期,未改装,,6.477121254719663
22092593,中古マンション等,,22131,静岡県,浜松市中区,山手町,浜松,30分?60分,３ＬＤＫ,80,,,,平成18年,ＲＣ,住宅,,,,,第１種中高層住居専用地域,60.0,200.0,2009年第４四半期,未改装,,7.4623979978989565
22000826,中古マンション等,,22101,静岡県,静岡市葵区,川辺町,西焼津,15,１Ｋ,10,,,,昭和60年,ＲＣ,住宅,住宅,,,,商業地域,80.0,400.0,2016年第３四半期,改装済,,6.301029995663981
22120982,中古マンション等,,22103,静岡県,静岡市清水区,神田町,清水(静岡),30分?60分,３ＬＤＫ,85,,,,平成2年,ＳＲＣ,住宅,,,,,,,,2006年第３四半期,改装済,,7.301029995663981
22004659,中古マンション等,,22102,静岡県,静岡市駿河区,中原,静岡,25,,90,,,,平成18年,ＲＣ,,その他,,,,準工業地域,60.0,200.0,2020年第３四半期,未改装,,7.431363764158987
22051980,中古マンション等,,22102,静岡県,静岡市駿河区,中原,静岡,30分?60分,２ＬＤＫ,65,,,,平成8年,ＲＣ,住宅,住宅,,,,準工業地域,60.0,200.0,2014年第１四半期,改装済,,7.204119982655925
22060126,中古マンション等,,22133,静岡県,浜松市西区,入野町,浜松,1H?1H30,４ＬＤＫ,85,,,,平成5年,ＳＲＣ,住宅,,,,,工業地域,60.0,200.0,2010年第１四半期,未改装,,7.176091259055681
22009243,中古マンション等,,22131,静岡県,浜松市中区,佐藤,浜松,30分?60分,２ＬＤＫ,70,,,,平成15年,ＳＲＣ,住宅,その他,,,,第２種住居地域,60.0,200.0,2019年第２四半期,改装済,,7.176091259055681
22014935,中古マンション等,,22133,静岡県,浜松市西区,雄踏町宇布見,浜松,2H?,３ＬＤＫ,75,,,,平成6年,ＳＲＣ,住宅,住宅,,,,第２種中高層住居専用地域,60.0,200.0,2020年第１四半期,未改装,,6.903089986991944
22010882,中古マンション等,,22131,静岡県,浜松市中区,野口町,浜松,19,４ＬＤＫ,80,,,,平成9年,ＲＣ,住宅,住宅,,,,近隣商業地域,80.0,200.0,2020年第１四半期,未改装,,7.204119982655925
22001183,中古マンション等,,22101,静岡県,静岡市葵区,駒形通,静岡,15,１Ｋ,20,,,,昭和59年,ＲＣ,住宅,住宅,,,,商業地域,80.0,400.0,2016年第３四半期,,,6.0
22121749,中古マンション等,,22103,静岡県,静岡市清水区,馬走北,,,３ＬＤＫ,70,,,,昭和52年,ＳＲＣ,住宅,,,,,第２種住居地域,60.0,200.0,2007年第４四半期,未改装,,6.949390006644912
22054907,中古マンション等,,22101,静岡県,静岡市葵区,春日,静岡,21,２ＬＤＫ,55,,,,昭和48年,ＳＲＣ,住宅,住宅,,,,第２種住居地域,60.0,200.0,2015年第２四半期,未改装,,6.778151250383644
22099928,中古マンション等,,22135,静岡県,浜松市北区,三ヶ日町都筑,都筑,15,２ＬＤＫ,60,,,,昭和62年,ＲＣ,住宅,,,,,市街化調整区域,60.0,200.0,2009年第２四半期,未改装,,6.724275869600789
22075333,中古マンション等,,22210,静岡県,富士市,平垣町,富士,14,３ＬＤＫ,65,,,,昭和59年,ＲＣ,住宅,住宅,,,,近隣商業地域,80.0,200.0,2014年第３四半期,未改装,,6.698970004336019
22080831,中古マンション等,,22101,静岡県,静岡市葵区,東鷹匠町,静岡,20,２ＬＤＫ,70,,,,平成7年,ＲＣ,住宅,,,,,第２種住居地域,60.0,200.0,2009年第１四半期,未改装,,7.176091259055681
22053788,中古マンション等,,22102,静岡県,静岡市駿河区,曲金,東静岡,9,３ＬＤＫ,70,,,,平成20年,ＲＣ,住宅,,,,,工業地域,60.0,200.0,2010年第４四半期,未改装,,7.361727836017593
22097804,中古マンション等,,22134,静岡県,浜松市南区,東若林町,浜松,30分?60分,３ＬＤＫ,65,,,,平成20年,ＲＣ,住宅,,,,,第２種住居地域,60.0,200.0,2009年第２四半期,未改装,,7.204119982655925
22105917,中古マンション等,,22206,静岡県,三島市,徳倉,三島,30分?60分,５ＬＤＫ,145,,,,平成3年,ＳＲＣ,住宅,,,,,第１種中高層住居専用地域,60.0,200.0,2009年第４四半期,未改装,調停・競売等,7.230448921378274
22055692,中古マンション等,,22103,静岡県,静岡市清水区,馬走北,草薙(ＪＲ),28,３ＬＤＫ,65,,,,昭和52年,ＳＲＣ,住宅,,,,,第２種住居地域,60.0,200.0,2010年第４四半期,未改装,,6.812913356642856
22061292,中古マンション等,,22101,静岡県,静岡市葵区,安東,静岡,30分?60分,３ＬＤＫ,55,,,,平成7年,ＲＣ,住宅,,,,,第２種中高層住居専用地域,60.0,200.0,2012年第１四半期,未改装,,7.176091259055681
22092733,中古マンション等,,22131,静岡県,浜松市中区,領家,浜松,25,３ＬＤＫ,65,,,,平成20年,ＲＣ,住宅,,,,,第１種住居地域,60.0,200.0,2009年第２四半期,未改装,,7.230448921378274
22023981,中古マンション等,,22206,静岡県,三島市,谷田,三島,30分?60分,４ＬＤＫ,95,,,,昭和60年,,,住宅,,,,第１種低層住居専用地域,50.0,80.0,2019年第３四半期,未改装,,7.113943352306837
22003177,中古マンション等,,22101,静岡県,静岡市葵区,両替町,静岡,11,１Ｋ,20,,,,昭和59年,ＳＲＣ,,住宅,,,,商業地域,80.0,600.0,2017年第４四半期,未改装,,6.531478917042255
22072368,中古マンション等,,22131,静岡県,浜松市中区,中沢町,浜松,29,１Ｋ,25,,,,昭和60年,ＲＣ,住宅,,,,,近隣商業地域,80.0,300.0,2012年第４四半期,,,6.431363764158987
22061756,中古マンション等,,22132,静岡県,浜松市東区,篠ケ瀬町,浜松,30分?60分,４ＬＤＫ,85,,,,平成10年,ＳＲＣ,住宅,,,,,近隣商業地域,80.0,300.0,2011年第２四半期,未改装,,7.113943352306837
22008592,中古マンション等,,22131,静岡県,浜松市中区,海老塚,浜松,10,３ＬＤＫ,65,,,,昭和49年,ＲＣ,住宅,住宅,,,,第１種住居地域,60.0,200.0,2020年第３四半期,未改装,,6.653212513775344
22007118,中古マンション等,,22103,静岡県,静岡市清水区,千歳町,清水(静岡),18,３ＬＤＫ,60,,,,昭和56年,ＳＲＣ,住宅,住宅,,,,商業地域,80.0,400.0,2016年第４四半期,改装済,,6.681241237375588
22056174,中古マンション等,,22131,静岡県,浜松市中区,山手町,浜松,30分?60分,３ＬＤＫ,70,,,,平成9年,ＳＲＣ,住宅,住宅,,,,第１種中高層住居専用地域,60.0,200.0,2014年第２四半期,未改装,,7.041392685158225
22033793,中古マンション等,,22211,静岡県,磐田市,中泉,磐田,2,２ＬＤＫ,60,,,,平成19年,ＲＣ,住宅,住宅,,,,商業地域,80.0,400.0,2019年第１四半期,未改装,,7.204119982655925
22084974,中古マンション等,,22102,静岡県,静岡市駿河区,用宗,用宗,2,４ＬＤＫ,80,,,,平成9年,ＲＣ,住宅,,,,,近隣商業地域,80.0,300.0,2009年第１四半期,改装済,,7.2552725051033065
22011106,中古マンション等,,22131,静岡県,浜松市中区,東伊場,浜松,24,３ＬＤＫ,80,,,,平成24年,ＲＣ,住宅,住宅,,,,第２種住居地域,60.0,200.0,2016年第４四半期,未改装,,7.414973347970818
22062327,中古マンション等,,22101,静岡県,静岡市葵区,七間町,静岡,10,１Ｒ,25,,,,昭和49年,ＳＲＣ,住宅,,,,,商業地域,80.0,600.0,2012年第４四半期,未改装,,6.477121254719663
22085565,中古マンション等,,22103,静岡県,静岡市清水区,江尻東,清水(静岡),5,３ＬＤＫ,65,,,,平成9年,ＲＣ,住宅,,,,,商業地域,80.0,400.0,2009年第４四半期,改装済,,7.204119982655925
22005366,中古マンション等,,22102,静岡県,静岡市駿河区,みずほ,安倍川,3,３ＬＤＫ,65,,,,昭和62年,ＲＣ,住宅,住宅,,,,第２種中高層住居専用地域,60.0,200.0,2019年第２四半期,改装済,,7.0
22073374,中古マンション等,,22131,静岡県,浜松市中区,龍禅寺町,浜松,11,,55,,,,平成3年,ＳＲＣ,住宅,,,,,近隣商業地域,80.0,300.0,2012年第２四半期,改装済,,6.778151250383644
22109843,中古マンション等,,22212,静岡県,焼津市,本町,焼津,15,３ＬＤＫ,80,,,,平成23年,ＲＣ,住宅,,,,,商業地域,80.0,400.0,2013年第２四半期,改装済,,7.380211241711606
22068844,中古マンション等,,22101,静岡県,静岡市葵区,北安東,静岡,30分?60分,３ＬＤＫ,70,,,,平成7年,ＲＣ,住宅,,,,,第２種中高層住居専用地域,60.0,200.0,2013年第１四半期,未改装,,7.041392685158225
22073376,中古マンション等,,22131,静岡県,浜松市中区,龍禅寺町,浜松,15,,50,,,,平成2年,ＳＲＣ,住宅,,,,,近隣商業地域,,,2012年第１四半期,未改装,,6.892094602690481
22059550,中古マンション等,,22131,静岡県,浜松市中区,高丘北,浜松,1H30?2H,３ＬＤＫ,65,,,,平成18年,ＲＣ,住宅,,,,,近隣商業地域,80.0,200.0,2011年第４四半期,改装済,,7.230448921378274
22122856,中古マンション等,,22131,静岡県,浜松市中区,曳馬,曳馬,9,３ＬＤＫ,80,,,,平成19年,ＲＣ,住宅,,,,,第１種住居地域,60.0,200.0,2008年第４四半期,未改装,,7.380211241711606
22063503,中古マンション等,,22131,静岡県,浜松市中区,布橋,浜松,30分?60分,１Ｋ,15,,,,昭和61年,ＲＣ,住宅,その他,,,,第１種住居地域,60.0,200.0,2015年第２四半期,未改装,,5.991226075692495
22031161,中古マンション等,,22210,静岡県,富士市,日乃出町,富士,30分?60分,３ＬＤＫ＋Ｓ,85,,,,平成20年,ＲＣ,住宅,住宅,,,,第２種住居地域,60.0,200.0,2020年第１四半期,改装済,,7.2552725051033065
22029521,中古マンション等,,22210,静岡県,富士市,今泉,吉原,30分?60分,４ＬＤＫ,90,,,,平成19年,ＲＣ,住宅,住宅,,,,工業地域,60.0,200.0,2019年第３四半期,未改装,,7.278753600952829
22119814,中古マンション等,,22102,静岡県,静岡市駿河区,津島町,静岡,25,３ＬＤＫ,70,,,,平成9年,ＲＣ,住宅,,,,,準工業地域,60.0,200.0,2008年第４四半期,未改装,,7.230448921378274
22038371,中古マンション等,,22214,静岡県,藤枝市,駅前,藤枝,3,３ＬＤＫ,100,,,,平成30年,,,住宅,,,,商業地域,80.0,400.0,2020年第１四半期,未改装,,7.653212513775344
22117884,中古マンション等,,22101,静岡県,静岡市葵区,大岩,静岡,30分?60分,３ＬＤＫ,55,,,,昭和50年,ＲＣ,住宅,,,,,第１種住居地域,60.0,200.0,2008年第３四半期,未改装,関係者間取引,6.698970004336019
22084786,中古マンション等,,22203,静岡県,沼津市,大手町,沼津,5,１ＬＤＫ,60,,,,平成15年,ＳＲＣ,住宅,,,,,商業地域,80.0,500.0,2012年第２四半期,改装済,,7.176091259055681
22079374,中古マンション等,,22131,静岡県,浜松市中区,佐鳴台,浜松,30分?60分,３ＬＤＫ,75,,,,平成12年,ＲＣ,住宅,,,,,近隣商業地域,80.0,200.0,2013年第１四半期,,,7.3979400086720375
22088816,中古マンション等,,22206,静岡県,三島市,東本町,三島,20,３ＬＤＫ,65,,,,平成6年,ＲＣ,住宅,,,,,第１種住居地域,60.0,200.0,2012年第４四半期,未改装,調停・競売等,7.146128035678238
22078252,中古マンション等,,22101,静岡県,静岡市葵区,上足洗,静岡,30分?60分,３ＬＤＫ,80,,,,平成17年,ＲＣ,住宅,,,,,第２種中高層住居専用地域,60.0,200.0,2009年第１四半期,未改装,,7.380211241711606
22021616,中古マンション等,,22203,静岡県,沼津市,沼北町,沼津,24,３ＬＤＫ,80,,,,平成17年,ＲＣ,住宅,住宅,,,,準工業地域,60.0,200.0,2020年第１四半期,未改装,,7.204119982655925
22062734,中古マンション等,,22101,静岡県,静岡市葵区,瀬名,静岡,1H?1H30,４ＬＤＫ,75,,,,平成13年,ＲＣ,住宅,,,,,第１種中高層住居専用地域,,,2012年第４四半期,未改装,,7.230448921378274
22038383,中古マンション等,,22214,静岡県,藤枝市,駅前,藤枝,4,２ＬＤＫ,70,,,,平成19年,ＲＣ,住宅,住宅,,,,商業地域,80.0,400.0,2018年第３四半期,未改装,,7.301029995663981
22121748,中古マンション等,,22103,静岡県,静岡市清水区,馬走北,清水(静岡),,３ＬＤＫ,65,,,,昭和52年,ＳＲＣ,住宅,,,,,第２種住居地域,60.0,200.0,2007年第１四半期,改装済,,6.924279286061882
22064144,中古マンション等,,22203,静岡県,沼津市,西条町,沼津,9,３ＬＤＫ,65,,,,昭和64年,ＳＲＣ,住宅,住宅,,,,商業地域,80.0,400.0,2014年第４四半期,未改装,,6.812913356642856
22054581,中古マンション等,,22101,静岡県,静岡市葵区,安倍町,静岡,21,３ＬＤＫ,95,,,,平成19年,ＲＣ,住宅,住宅,,,,商業地域,80.0,300.0,2015年第４四半期,未改装,,7.6020599913279625
22001249,中古マンション等,,22101,静岡県,静岡市葵区,三番町,静岡,24,１ＬＤＫ,50,,,,平成31年,ＲＣ,住宅,住宅,,,,近隣商業地域,80.0,200.0,2020年第１四半期,未改装,,7.4623979978989565
22055069,中古マンション等,,22101,静岡県,静岡市葵区,川合,静岡,1H?1H30,３ＬＤＫ,75,,,,平成3年,ＲＣ,住宅,住宅,,,,第２種中高層住居専用地域,60.0,200.0,2015年第４四半期,改装済,,7.278753600952829
22062595,中古マンション等,,22131,静岡県,浜松市中区,高丘北,浜松,1H30?2H,３ＬＤＫ,80,,,,平成18年,ＲＣ,住宅,住宅,,,,第１種住居地域,60.0,200.0,2015年第４四半期,未改装,,7.278753600952829
22070614,中古マンション等,,22131,静岡県,浜松市中区,幸,浜松,30分?60分,３ＬＤＫ,65,,,,平成19年,ＲＣ,住宅,,,,,第２種住居地域,60.0,200.0,2012年第４四半期,未改装,,7.176091259055681
22009590,中古マンション等,,22131,静岡県,浜松市中区,助信町,助信,3,３ＬＤＫ,75,,,,平成11年,ＲＣ,住宅,住宅,,,,第１種住居地域,60.0,200.0,2017年第１四半期,改装済,,7.301029995663981
22120469,中古マンション等,,22102,静岡県,静岡市駿河区,南町,静岡,5,１ＬＤＫ,40,,,,平成16年,ＲＣ,住宅,,,,,商業地域,80.0,400.0,2007年第１四半期,未改装,,7.079181246047625
22091766,中古マンション等,,22136,静岡県,浜松市浜北区,沼,浜北,5,３ＬＤＫ,70,,,,平成19年,ＲＣ,住宅,,,,,第２種住居地域,60.0,200.0,2013年第４四半期,未改装,,7.3979400086720375
22122090,中古マンション等,,22131,静岡県,浜松市中区,葵東,浜松,1H30?2H,３ＬＤＫ,90,,,,平成15年,ＲＣ,住宅,,,,,近隣商業地域,80.0,200.0,2007年第２四半期,未改装,,7.3979400086720375
22088734,中古マンション等,,22211,静岡県,磐田市,今之浦,磐田,21,１ＤＫ,20,,,,昭和62年,鉄骨造,住宅,住宅,,,,第１種住居地域,60.0,200.0,2015年第１四半期,,,6.3979400086720375
22089843,中古マンション等,,22135,静岡県,浜松市北区,三ヶ日町都筑,都筑,30分?60分,１ＬＤＫ,45,,,,,ＳＲＣ,住宅,,,,,市街化調整区域,60.0,200.0,2013年第３四半期,未改装,,6.0
22013236,中古マンション等,,22132,静岡県,浜松市東区,中野町,浜松,1H?1H30,２ＬＤＫ,50,,,,平成4年,,住宅,その他,,,,準工業地域,60.0,200.0,2017年第３四半期,未改装,,6.518513939877887
22117820,中古マンション等,,22101,静岡県,静岡市葵区,一番町,静岡,23,３ＬＤＫ,75,,,,平成5年,ＲＣ,住宅,,,,,近隣商業地域,80.0,300.0,2008年第３四半期,未改装,,7.278753600952829
22009609,中古マンション等,,22131,静岡県,浜松市中区,助信町,浜松,24,,80,,,,平成16年,ＲＣ,住宅,住宅,,,,商業地域,80.0,400.0,2017年第４四半期,,,7.301029995663981
22020644,中古マンション等,,22203,静岡県,沼津市,岡一色,沼津,30分?60分,４ＬＤＫ,85,,,,平成11年,ＲＣ,住宅,,,,,第２種中高層住居専用地域,60.0,150.0,2017年第３四半期,未改装,,7.380211241711606
22025582,中古マンション等,,22207,静岡県,富士宮市,矢立町,富士宮,15,３ＬＤＫ,75,,,,平成17年,ＲＣ,住宅,住宅,,,,第２種住居地域,60.0,200.0,2018年第２四半期,改装済,,7.230448921378274
22003183,中古マンション等,,22101,静岡県,静岡市葵区,両替町,静岡,12,３ＬＤＫ,75,,,,平成10年,ＳＲＣ,住宅,住宅,,,,商業地域,80.0,600.0,2016年第１四半期,改装済,,7.477121254719663
22010200,中古マンション等,,22131,静岡県,浜松市中区,中央,浜松,12,２ＬＤＫ,65,,,,平成19年,ＲＣ,住宅,住宅,,,,商業地域,80.0,400.0,2017年第４四半期,未改装,,7.4623979978989565
22058346,中古マンション等,,22131,静岡県,浜松市中区,相生町,浜松,19,３ＬＤＫ,75,,,,平成3年,ＲＣ,住宅,,,,,近隣商業地域,80.0,300.0,2011年第４四半期,未改装,,6.863322860120456
22061387,中古マンション等,,22131,静岡県,浜松市中区,上島,上島,4,３ＬＤＫ,70,,,,平成9年,ＲＣ,住宅,住宅,,,,第１種住居地域,60.0,200.0,2015年第２四半期,未改装,,7.113943352306837
22056389,中古マンション等,,22131,静岡県,浜松市中区,板屋町,浜松,4,３ＬＤＫ,75,,,,平成18年,ＲＣ,住宅,,,,,商業地域,80.0,600.0,2010年第３四半期,未改装,,7.544068044350276
22012474,中古マンション等,,22132,静岡県,浜松市東区,上西町,浜松,30分?60分,３ＬＤＫ,80,,,,平成14年,ＲＣ,住宅,住宅,,,,工業地域,60.0,200.0,2017年第２四半期,改装済,,7.2552725051033065
22052671,中古マンション等,,22101,静岡県,静岡市葵区,音羽町,静岡,14,１ＬＤＫ,70,,,,平成16年,ＲＣ,住宅,,,,,第２種住居地域,60.0,200.0,2011年第３四半期,未改装,,7.230448921378274
22062959,中古マンション等,,22135,静岡県,浜松市北区,三ヶ日町大崎,都筑,30分?60分,２ＬＤＫ,75,,,,平成2年,ＳＲＣ,住宅,,,,,市街化調整区域,60.0,200.0,2010年第２四半期,未改装,,6.812913356642856
22010198,中古マンション等,,22131,静岡県,浜松市中区,中央,浜松,11,３ＬＤＫ,75,,,,平成26年,,,住宅,,,,商業地域,80.0,400.0,2018年第１四半期,未改装,,7.7558748556724915
22092737,中古マンション等,,22131,静岡県,浜松市中区,連尺町,浜松,13,１Ｋ,20,,,,昭和56年,ＳＲＣ,住宅,,,,,商業地域,80.0,600.0,2009年第３四半期,未改装,,6.477121254719663
22058896,中古マンション等,,22131,静岡県,浜松市中区,北寺島町,浜松,13,,90,,,,平成15年,ＲＣ,住宅,,,,,第２種住居地域,60.0,200.0,2011年第１四半期,,調停・競売等,7.146128035678238
22103076,中古マンション等,,22203,静岡県,沼津市,大岡,沼津,21,３ＬＤＫ,80,,,,平成15年,ＲＣ,住宅,,,,,準住居地域,60.0,200.0,2009年第３四半期,未改装,,7.301029995663981
22058897,中古マンション等,,22131,静岡県,浜松市中区,北寺島町,浜松,11,１Ｋ,20,,,,平成2年,ＳＲＣ,住宅,,,,,商業地域,80.0,500.0,2011年第１四半期,改装済,,6.518513939877887
22005017,中古マンション等,,22102,静岡県,静岡市駿河区,曲金,静岡,21,２ＤＫ,45,,,,平成10年,ＲＣ,,住宅,,,,準工業地域,60.0,200.0,2020年第２四半期,未改装,,7.041392685158225
22131240,中古マンション等,,22214,静岡県,藤枝市,藤枝,藤枝,30分?60分,３ＬＤＫ,75,,,,平成7年,ＲＣ,住宅,,,,,近隣商業地域,80.0,300.0,2007年第２四半期,改装済,,7.041392685158225
22069005,中古マンション等,,22101,静岡県,静岡市葵区,呉服町,静岡,11,３ＬＤＫ,100,,,,平成26年,ＲＣ,住宅,住宅,,,,商業地域,80.0,600.0,2013年第１四半期,,,7.740362689494244
22118125,中古マンション等,,22101,静岡県,静岡市葵区,北安東,静岡,,４ＬＤＫ,95,,,,昭和64年,ＲＣ,住宅,,,,,第２種中高層住居専用地域,60.0,200.0,2008年第２四半期,未改装,,7.278753600952829
22055485,中古マンション等,,22103,静岡県,静岡市清水区,西高町,清水(静岡),30分?60分,３ＬＤＫ,65,,,,平成19年,ＲＣ,住宅,,,,,第２種中高層住居専用地域,60.0,200.0,2010年第１四半期,未改装,,7.342422680822207
22021870,中古マンション等,,22203,静岡県,沼津市,平町,沼津,13,２ＬＤＫ,60,,,,平成9年,ＲＣ,住宅,住宅,,,,近隣商業地域,80.0,300.0,2019年第２四半期,未改装,,7.041392685158225
22106057,中古マンション等,,22206,静岡県,三島市,西若町,三島,10,３ＬＤＫ,65,,,,昭和62年,ＲＣ,住宅,,,,,近隣商業地域,60.0,200.0,2009年第２四半期,未改装,,7.0
22123083,中古マンション等,,22132,静岡県,浜松市東区,有玉南町,浜松,1H30?2H,３ＬＤＫ,70,,,,平成3年,ＳＲＣ,住宅,,,,,市街化調整区域,60.0,200.0,2007年第３四半期,未改装,,7.0
22088357,中古マンション等,,22103,静岡県,静岡市清水区,村松,清水(静岡),30分?60分,４ＤＫ,65,,,,昭和55年,ＲＣ,住宅,,,,,準工業地域,60.0,200.0,2009年第２四半期,改装済,,5.7558748556724915
22122939,中古マンション等,,22131,静岡県,浜松市中区,山手町,浜松,30分?60分,３ＬＤＫ,80,,,,平成19年,ＲＣ,住宅,,,,,第１種中高層住居専用地域,60.0,200.0,2008年第４四半期,未改装,,7.447158031342219
22016804,中古マンション等,,22135,静岡県,浜松市北区,初生町,浜松,1H30?2H,３ＬＤＫ,65,,,,平成3年,ＲＣ,住宅,住宅,,,,第１種住居地域,60.0,200.0,2018年第４四半期,未改装,,6.949390006644912
22067122,中古マンション等,,22133,静岡県,浜松市西区,雄踏,浜松,1H30?2H,３ＬＤＫ,75,,,,平成19年,ＲＣ,住宅,住宅,,,,第１種中高層住居専用地域,60.0,200.0,2015年第２四半期,未改装,,7.278753600952829
22070518,中古マンション等,,22131,静岡県,浜松市中区,北寺島町,浜松,10,１Ｋ,20,,,,平成2年,ＳＲＣ,住宅,,,,,商業地域,80.0,500.0,2012年第１四半期,未改装,,6.414973347970818
22033803,中古マンション等,,22211,静岡県,磐田市,中泉,磐田,2,２ＬＤＫ,60,,,,平成25年,ＳＲＣ,住宅,住宅,,,,商業地域,80.0,400.0,2018年第３四半期,,,7.2552725051033065
22065813,中古マンション等,,22102,静岡県,静岡市駿河区,西脇,静岡,30分?60分,３ＬＤＫ,65,,,,平成12年,ＲＣ,住宅,,,,,第２種住居地域,60.0,200.0,2012年第３四半期,未改装,,7.230448921378274
22054614,中古マンション等,,22131,静岡県,浜松市中区,佐鳴台,浜松,30分?60分,４ＬＤＫ,95,,,,平成2年,ＲＣ,住宅,住宅,,,,第１種中高層住居専用地域,60.0,200.0,2014年第３四半期,改装済,,7.204119982655925
22126544,中古マンション等,,22207,静岡県,富士宮市,朝日町,西富士宮,13,４ＬＤＫ,75,,,,平成5年,ＲＣ,住宅,,,,,第２種住居地域,60.0,200.0,2008年第３四半期,未改装,,6.963787827345556
22120978,中古マンション等,,22103,静岡県,静岡市清水区,神田町,清水(静岡),30分?60分,３ＬＤＫ,75,,,,平成10年,ＲＣ,住宅,,,,,第１種住居地域,60.0,200.0,2007年第２四半期,改装済,,7.2552725051033065
22021131,中古マンション等,,22203,静岡県,沼津市,庄栄町,沼津,10,３ＬＤＫ,60,,,,平成4年,ＳＲＣ,住宅,住宅,,,,準住居地域,60.0,200.0,2018年第２四半期,未改装,,6.863322860120456
22056210,中古マンション等,,22101,静岡県,静岡市葵区,常磐町,静岡,11,３ＬＤＫ,70,,,,平成9年,ＲＣ,住宅,住宅,,,,商業地域,80.0,400.0,2015年第１四半期,未改装,,7.380211241711606
22095560,中古マンション等,,22203,静岡県,沼津市,東椎路,片浜,24,３ＬＤＫ,65,,,,平成6年,ＲＣ,住宅,,,,,市街化調整区域,60.0,200.0,2013年第４四半期,未改装,,6.838849090737256
22121496,中古マンション等,,22103,静岡県,静岡市清水区,天神,清水(静岡),14,４ＬＤＫ,85,,,,平成10年,ＲＣ,住宅,,,,,第２種住居地域,60.0,200.0,2007年第３四半期,改装済,,7.301029995663981
22067601,中古マンション等,,22207,静岡県,富士宮市,小泉,源道寺,15,３ＬＤＫ,70,,,,平成4年,ＲＣ,住宅,住宅,,,,第１種住居地域,60.0,200.0,2014年第４四半期,未改装,,6.929418925714293
22057075,中古マンション等,,22132,静岡県,浜松市東区,神立町,浜松,30分?60分,３ＬＤＫ,75,,,,,ＲＣ,住宅,,,,,第１種住居地域,60.0,200.0,2014年第１四半期,未改装,,7.176091259055681
22125286,中古マンション等,,22203,静岡県,沼津市,上土町,沼津,9,３ＬＤＫ,75,,,,,ＳＲＣ,住宅,,,,,商業地域,80.0,400.0,2007年第４四半期,,,7.342422680822207
22052966,中古マンション等,,22101,静岡県,静岡市葵区,北安東,静岡,30分?60分,３ＬＤＫ,70,,,,平成8年,ＲＣ,住宅,,,,,第２種中高層住居専用地域,60.0,200.0,2011年第１四半期,改装済,,7.230448921378274
22061262,中古マンション等,,22131,静岡県,浜松市中区,板屋町,浜松,5,２ＤＫ,65,,,,平成19年,ＲＣ,住宅,住宅,,,,商業地域,80.0,600.0,2015年第３四半期,未改装,,7.447158031342219
22010250,中古マンション等,,22131,静岡県,浜松市中区,寺島町,浜松,11,１Ｋ,20,,,,昭和64年,ＳＲＣ,住宅,住宅,,,,近隣商業地域,80.0,300.0,2019年第１四半期,改装済,,6.113943352306837
22009324,中古マンション等,,22131,静岡県,浜松市中区,佐鳴台,浜松,1H?1H30,３ＬＤＫ,65,,,,平成7年,,,住宅,,,,第１種住居地域,60.0,200.0,2018年第４四半期,未改装,,7.041392685158225
22024620,中古マンション等,,22207,静岡県,富士宮市,源道寺町,源道寺,1,３ＬＤＫ,60,,,,平成4年,ＳＲＣ,住宅,住宅,,,,第２種中高層住居専用地域,60.0,150.0,2019年第１四半期,未改装,,6.857332496431268
22011442,中古マンション等,,22131,静岡県,浜松市中区,山手町,浜松,30分?60分,３ＬＤＫ,70,,,,平成9年,ＳＲＣ,住宅,住宅,,,,第１種中高層住居専用地域,60.0,200.0,2019年第３四半期,未改装,,7.113943352306837
22119205,中古マンション等,,22101,静岡県,静岡市葵区,横内町,静岡,20,３ＬＤＫ,95,,,,平成14年,ＳＲＣ,住宅,,,,,近隣商業地域,80.0,300.0,2007年第４四半期,未改装,,7.6020599913279625
22072878,中古マンション等,,22206,静岡県,三島市,広小路町,三島,9,１ＤＫ,45,,,,平成20年,ＲＣ,住宅,,,,,近隣商業地域,80.0,200.0,2011年第３四半期,未改装,,7.204119982655925
22023918,中古マンション等,,22206,静岡県,三島市,南本町,三島田町,6,３ＬＤＫ,85,,,,平成18年,,,住宅,,,,近隣商業地域,80.0,200.0,2018年第１四半期,未改装,,7.505149978319906
22085245,中古マンション等,,22214,静岡県,藤枝市,駿河台,藤枝,29,３ＬＤＫ,70,,,,平成6年,ＲＣ,住宅,住宅,,,,第１種中高層住居専用地域,60.0,200.0,2014年第３四半期,未改装,,7.146128035678238
22060577,中古マンション等,,22133,静岡県,浜松市西区,西山町,浜松,1H30?2H,３ＬＤＫ,60,,,,平成7年,ＳＲＣ,住宅,,,,,市街化調整区域,60.0,200.0,2010年第３四半期,未改装,,6.982271233039568
22122808,中古マンション等,,22131,静岡県,浜松市中区,東伊場,浜松,28,３ＬＤＫ,70,,,,昭和62年,ＳＲＣ,住宅,,,,,近隣商業地域,80.0,300.0,2008年第４四半期,改装済,,7.146128035678238
22010782,中古マンション等,,22131,静岡県,浜松市中区,西伊場町,浜松,30分?60分,４ＬＤＫ,75,,,,昭和58年,ＲＣ,住宅,住宅,,,,第１種中高層住居専用地域,60.0,200.0,2016年第２四半期,未改装,,6.7558748556724915
22054616,中古マンション等,,22131,静岡県,浜松市中区,佐鳴台,浜松,30分?60分,１Ｋ,15,,,,昭和64年,ＲＣ,住宅,住宅,,,,第１種中高層住居専用地域,60.0,200.0,2014年第３四半期,,,6.041392685158225
22053258,中古マンション等,,22103,静岡県,静岡市清水区,宝町,清水(静岡),10,２ＬＤＫ,65,,,,平成13年,ＲＣ,住宅,住宅,,,,商業地域,80.0,400.0,2014年第４四半期,改装済,,7.041392685158225
22123247,中古マンション等,,22132,静岡県,浜松市東区,小池町,自動車学校前,3,２ＬＤＫ,65,,,,平成7年,ＲＣ,住宅,,,,,準工業地域,60.0,200.0,2008年第３四半期,未改装,,7.146128035678238
22021378,中古マンション等,,22203,静岡県,沼津市,常盤町,沼津,23,３ＬＤＫ,70,,,,,,,住宅,,,,,,,2018年第１四半期,,,6.698970004336019
22068006,中古マンション等,,22103,静岡県,静岡市清水区,庄福町,清水(静岡),30分?60分,２ＬＤＫ,55,,,,昭和49年,ＲＣ,住宅,,,,,第１種中高層住居専用地域,60.0,200.0,2012年第２四半期,改装済,,6.812913356642856
22058899,中古マンション等,,22132,静岡県,浜松市東区,植松町,浜松,30分?60分,３ＬＤＫ,90,,,,平成11年,ＲＣ,住宅,,,,,第１種住居地域,60.0,200.0,2010年第４四半期,改装済,,7.230448921378274
22030861,中古マンション等,,22210,静岡県,富士市,永田町,富士,30分?60分,３ＬＤＫ,70,,,,平成26年,ＲＣ,住宅,住宅,,,,近隣商業地域,80.0,300.0,2020年第１四半期,未改装,,7.301029995663981
22011376,中古マンション等,,22131,静岡県,浜松市中区,元浜町,浜松,15,２ＬＤＫ,65,,,,平成20年,ＲＣ,住宅,住宅,,,,商業地域,80.0,500.0,2019年第４四半期,未改装,,7.431363764158987
22029319,中古マンション等,,22210,静岡県,富士市,石坂,吉原,1H?1H30,３ＬＤＫ,65,,,,,,,住宅,,,,第２種中高層住居専用地域,60.0,150.0,2020年第２四半期,未改装,,6.799340549453582
22010249,中古マンション等,,22131,静岡県,浜松市中区,寺島町,浜松,12,１Ｋ,15,,,,平成3年,ＳＲＣ,住宅,,,,,近隣商業地域,80.0,300.0,2019年第１四半期,未改装,,6.278753600952829
22072175,中古マンション等,,22206,静岡県,三島市,北沢,三島,30分?60分,４ＬＤＫ,90,,,,昭和61年,ＲＣ,住宅,,,,,市街化調整区域,60.0,200.0,2011年第３四半期,改装済,,7.176091259055681
22009903,中古マンション等,,22131,静岡県,浜松市中区,高丘北,浜松,1H30?2H,３ＬＤＫ,65,,,,平成18年,ＲＣ,住宅,その他,,,,近隣商業地域,80.0,200.0,2016年第２四半期,,調停・競売等,7.204119982655925
22021302,中古マンション等,,22203,静岡県,沼津市,高沢町,沼津,7,４ＬＤＫ,100,,,,平成11年,ＲＣ,住宅,住宅,,,,商業地域,80.0,400.0,2020年第１四半期,改装済,,7.230448921378274
22089023,中古マンション等,,22206,静岡県,三島市,本町,三島,13,３ＬＤＫ,80,,,,平成17年,ＲＣ,住宅,,,,,商業地域,80.0,400.0,2012年第１四半期,未改装,,7.380211241711606
22072036,中古マンション等,,22131,静岡県,浜松市中区,寺島町,浜松,11,２ＬＤＫ,60,,,,平成3年,ＳＲＣ,住宅,,,,,近隣商業地域,80.0,300.0,2012年第４四半期,改装済,,6.7558748556724915
22012471,中古マンション等,,22132,静岡県,浜松市東区,上西町,浜松,30分?60分,,70,,,,平成21年,,,住宅,,,,第１種住居地域,60.0,200.0,2017年第３四半期,,,7.176091259055681
22082060,中古マンション等,,22131,静岡県,浜松市中区,龍禅寺町,浜松,18,３ＬＤＫ,60,,,,平成2年,ＲＣ,住宅,,,,,第２種住居地域,60.0,200.0,2013年第４四半期,未改装,,6.778151250383644
22036250,中古マンション等,,22212,静岡県,焼津市,本町,焼津,15,３ＬＤＫ,70,,,,平成22年,,,住宅,,,,商業地域,80.0,400.0,2019年第２四半期,未改装,,7.230448921378274
22000996,中古マンション等,,22101,静岡県,静岡市葵区,北安東,静岡,30分?60分,３ＬＤＫ,75,,,,昭和63年,ＲＣ,住宅,住宅,,,,第２種中高層住居専用地域,60.0,200.0,2017年第２四半期,未改装,,7.079181246047625
22031719,中古マンション等,,22210,静岡県,富士市,水戸島本町,富士,6,１Ｋ,15,,,,平成4年,ＳＲＣ,住宅,住宅,,,,近隣商業地域,80.0,300.0,2019年第１四半期,未改装,,6.342422680822207
22071774,中古マンション等,,22102,静岡県,静岡市駿河区,池田,東静岡,26,３ＬＤＫ,65,,,,昭和54年,ＲＣ,住宅,,,,,第１種中高層住居専用地域,60.0,150.0,2013年第４四半期,,,6.812913356642856
22014700,中古マンション等,,22133,静岡県,浜松市西区,舞阪町弁天島,弁天島,11,２ＬＤＫ,65,,,,平成3年,ＲＣ,,住宅,,,,第１種住居地域,60.0,200.0,2018年第２四半期,未改装,,6.681241237375588
22052704,中古マンション等,,22101,静岡県,静岡市葵区,春日,静岡,18,４ＬＤＫ,90,,,,平成16年,ＲＣ,住宅,,,,,第２種住居地域,60.0,200.0,2011年第３四半期,未改装,,7.491361693834273
22032389,中古マンション等,,22211,静岡県,磐田市,今之浦,磐田,26,,70,,,,,ＲＣ,住宅,住宅,,,,第１種住居地域,60.0,200.0,2017年第２四半期,,,7.2552725051033065
22103292,中古マンション等,,22203,静岡県,沼津市,岡一色,大岡(静岡),30分?60分,３ＬＤＫ,70,,,,平成11年,ＲＣ,住宅,,,,,第２種中高層住居専用地域,60.0,150.0,2009年第３四半期,改装済,,7.204119982655925
22069675,中古マンション等,,22131,静岡県,浜松市中区,葵東,浜松,1H30?2H,３ＬＤＫ＋Ｓ,70,,,,平成11年,ＲＣ,住宅,,,,,近隣商業地域,80.0,300.0,2012年第１四半期,未改装,,7.113943352306837
22065730,中古マンション等,,22102,静岡県,静岡市駿河区,中原,静岡,25,４ＬＤＫ,100,,,,平成18年,ＲＣ,住宅,,,,,準工業地域,60.0,200.0,2012年第４四半期,未改装,,7.491361693834273
22075231,中古マンション等,,22210,静岡県,富士市,広見西本町,富士,1H?1H30,４ＬＤＫ,75,,,,平成12年,ＲＣ,住宅,,,,,第１種中高層住居専用地域,50.0,100.0,2014年第１四半期,改装済,,7.230448921378274
22118880,中古マンション等,,22101,静岡県,静岡市葵区,馬場町,静岡,25,２ＬＤＫ,65,,,,平成15年,ＳＲＣ,住宅,,,,,商業地域,80.0,400.0,2007年第４四半期,未改装,,7.342422680822207
22007124,中古マンション等,,22103,静岡県,静岡市清水区,千歳町,新清水,6,４ＬＤＫ,75,,,,昭和56年,ＳＲＣ,住宅,住宅,,,,商業地域,80.0,400.0,2017年第１四半期,未改装,,6.886490725172482
22010783,中古マンション等,,22131,静岡県,浜松市中区,西伊場町,浜松,30分?60分,オープンフロア,40,,,,昭和49年,ＳＲＣ,事務所,事務所,,,,第２種住居地域,60.0,200.0,2016年第２四半期,,,6.361727836017593
22119475,中古マンション等,,22102,静岡県,静岡市駿河区,小鹿,東静岡,24,３ＬＤＫ,70,,,,平成13年,ＲＣ,住宅,,,,,近隣商業地域,80.0,200.0,2007年第２四半期,未改装,,7.380211241711606
22023552,中古マンション等,,22206,静岡県,三島市,萩,三島,30分?60分,３ＬＤＫ,75,,,,平成9年,ＲＣ,住宅,住宅,,,,第２種住居地域,60.0,200.0,2016年第３四半期,未改装,,7.113943352306837
22081110,中古マンション等,,22131,静岡県,浜松市中区,西伊場町,浜松,30分?60分,オープンフロア,35,,,,昭和49年,ＳＲＣ,住宅,,,,,第２種住居地域,60.0,200.0,2013年第３四半期,未改装,,5.954242509439325
22013772,中古マンション等,,22133,静岡県,浜松市西区,入野町,浜松,30分?60分,２ＬＤＫ,75,,,,,,,住宅,,,,第２種住居地域,60.0,200.0,2017年第４四半期,改装済,,7.278753600952829
22055251,中古マンション等,,22131,静岡県,浜松市中区,寺島町,浜松,11,１Ｋ,15,,,,平成3年,ＳＲＣ,住宅,住宅,,,,近隣商業地域,80.0,300.0,2014年第４四半期,,,6.278753600952829
22073508,中古マンション等,,22203,静岡県,沼津市,大岡,沼津,17,３ＬＤＫ,65,,,,,ＲＣ,住宅,住宅,,,,第２種住居地域,60.0,200.0,2015年第１四半期,改装済,,7.079181246047625
22122800,中古マンション等,,22131,静岡県,浜松市中区,八幡町,浜松,18,４ＬＤＫ,90,,,,平成10年,ＳＲＣ,住宅,,,,,近隣商業地域,80.0,300.0,2007年第２四半期,未改装,,7.447158031342219
22122595,中古マンション等,,22131,静岡県,浜松市中区,中央,浜松,13,３ＬＤＫ,80,,,,平成19年,ＲＣ,住宅,,,,,商業地域,80.0,400.0,2008年第１四半期,,,7.544068044350276
22078961,中古マンション等,,22210,静岡県,富士市,水戸島本町,富士,8,１Ｋ,15,,,,平成4年,ＳＲＣ,住宅,,,,,近隣商業地域,80.0,300.0,2010年第３四半期,改装済,,6.431363764158987
22068744,中古マンション等,,22206,静岡県,三島市,徳倉,三島,,３ＬＤＫ,65,,,,平成8年,ＲＣ,住宅,,,,,第１種中高層住居専用地域,60.0,150.0,2010年第３四半期,,,7.176091259055681
22120004,中古マンション等,,22102,静岡県,静岡市駿河区,中島,静岡,,３ＬＤＫ,85,,,,平成10年,,住宅,,,,,,,,2006年第２四半期,未改装,,7.113943352306837
22016785,中古マンション等,,22135,静岡県,浜松市北区,初生町,浜松,1H?1H30,１ＬＤＫ,40,,,,昭和59年,ＲＣ,住宅,住宅,,,,第１種住居地域,60.0,200.0,2019年第１四半期,改装済,,6.2552725051033065
22031270,中古マンション等,,22210,静岡県,富士市,平垣町,富士,10,２ＬＤＫ,115,,,,平成20年,ＲＣ,住宅,住宅,,,,近隣商業地域,80.0,200.0,2017年第２四半期,,,7.380211241711606
22020900,中古マンション等,,22203,静岡県,沼津市,西条町,沼津,15,３ＬＤＫ,75,,,,平成14年,ＳＲＣ,,,,,,商業地域,80.0,400.0,2018年第４四半期,改装済,,7.301029995663981
22007663,中古マンション等,,22103,静岡県,静岡市清水区,本郷町,清水(静岡),5,２ＤＫ,40,,,,昭和49年,ＳＲＣ,,住宅,,,,商業地域,80.0,400.0,2019年第２四半期,未改装,,6.6020599913279625
22129233,中古マンション等,,22210,静岡県,富士市,吉原,富士,30分?60分,３ＬＤＫ,70,,,,平成17年,ＳＲＣ,住宅,,,,,商業地域,80.0,400.0,2007年第４四半期,未改装,,7.361727836017593
22098045,中古マンション等,,22214,静岡県,藤枝市,田沼,藤枝,8,４ＬＤＫ,95,,,,平成20年,ＲＣ,住宅,住宅,,,,第２種住居地域,60.0,200.0,2015年第４四半期,未改装,,7.491361693834273
22105707,中古マンション等,,22213,静岡県,掛川市,中町,掛川,5,２ＬＤＫ,70,,,,平成20年,ＲＣ,住宅,,,,,商業地域,80.0,400.0,2012年第２四半期,未改装,,7.2552725051033065
22069618,中古マンション等,,22131,静岡県,浜松市中区,葵西,浜松,2H?,４ＤＫ,65,,,,平成5年,ＲＣ,住宅,,,,,工業地域,60.0,200.0,2012年第３四半期,未改装,調停・競売等,6.633468455579586
22119983,中古マンション等,,22102,静岡県,静岡市駿河区,中島,静岡,30分?60分,４ＬＤＫ,90,,,,平成13年,ＳＲＣ,住宅,,,,,準工業地域,60.0,200.0,2007年第４四半期,改装済,,7.414973347970818
22012147,中古マンション等,,22132,静岡県,浜松市東区,大蒲町,浜松,30分?60分,２ＬＤＫ,60,,,,平成28年,ＲＣ,住宅,住宅,,,,第２種住居地域,60.0,200.0,2020年第３四半期,未改装,,7.361727836017593
22014656,中古マンション等,,22133,静岡県,浜松市西区,舞阪町弁天島,浜松,2H?,２ＬＤＫ,55,,,,昭和51年,,住宅,住宅,,,,商業地域,80.0,400.0,2019年第４四半期,未改装,,6.3979400086720375
22021194,中古マンション等,,22203,静岡県,沼津市,新宿町,沼津,7,３ＬＤＫ,60,,,,,ＳＲＣ,住宅,住宅,,,,商業地域,80.0,400.0,2016年第１四半期,改装済,,7.041392685158225
22017441,中古マンション等,,22135,静岡県,浜松市北区,三ヶ日町大崎,都筑,29,１ＬＤＫ,40,,,,昭和61年,ＲＣ,住宅,住宅,,,,,60.0,200.0,2019年第４四半期,改装済,,6.301029995663981
22007521,中古マンション等,,22103,静岡県,静岡市清水区,半左衛門新田,草薙(ＪＲ),26,２ＬＤＫ,70,,,,昭和56年,ＳＲＣ,,住宅,,,,準住居地域,60.0,200.0,2019年第２四半期,未改装,,6.778151250383644
22000139,中古マンション等,,22101,静岡県,静岡市葵区,安西,静岡,23,３ＬＤＫ,70,,,,平成24年,ＲＣ,住宅,住宅,,,,近隣商業地域,80.0,300.0,2016年第２四半期,未改装,,7.4623979978989565
22124697,中古マンション等,,22135,静岡県,浜松市北区,三ヶ日町都筑,東都筑,26,１ＬＤＫ,50,,,,平成2年,ＳＲＣ,住宅,,,,,市街化調整区域,60.0,200.0,2008年第３四半期,改装済,,6.832508912706237
22021523,中古マンション等,,22203,静岡県,沼津市,西椎路,片浜,21,３ＬＤＫ,65,,,,平成4年,ＲＣ,,住宅,,,,第１種住居地域,60.0,200.0,2019年第３四半期,未改装,,6.7558748556724915
22051440,中古マンション等,,22101,静岡県,静岡市葵区,春日,静岡,20,３ＬＤＫ,50,,,,昭和47年,ＳＲＣ,住宅,,,,,第２種住居地域,60.0,200.0,2010年第１四半期,未改装,,6.3979400086720375
22119008,中古マンション等,,22101,静岡県,静岡市葵区,本通,静岡,19,オープンフロア,80,,,,平成11年,,事務所,,,,,,,,2007年第１四半期,未改装,,7.342422680822207
22006754,中古マンション等,,22103,静岡県,静岡市清水区,楠新田,草薙(ＪＲ),9,４ＬＤＫ,90,,,,平成12年,ＲＣ,,住宅,,,,準工業地域,60.0,200.0,2018年第３四半期,未改装,,7.361727836017593
22020632,中古マンション等,,22203,静岡県,沼津市,岡一色,沼津,30分?60分,４ＬＤＫ,75,,,,平成11年,ＲＣ,,住宅,,,,第２種中高層住居専用地域,60.0,150.0,2018年第３四半期,未改装,,7.176091259055681
22080972,中古マンション等,,22131,静岡県,浜松市中区,中島,浜松,19,３ＬＤＫ,60,,,,昭和64年,ＲＣ,住宅,,,,,第１種住居地域,60.0,200.0,2013年第１四半期,改装済,,6.832508912706237
22069593,中古マンション等,,22203,静岡県,沼津市,志下,沼津,30分?60分,２ＬＤＫ,65,,,,平成5年,ＲＣ,住宅,,,,,第１種住居地域,60.0,200.0,2011年第２四半期,改装済,,6.845098040014257
22057779,中古マンション等,,22102,静岡県,静岡市駿河区,石部,用宗,17,オープンフロア,105,,,,平成6年,ＲＣ,店舗,住宅,,,,第１種住居地域,60.0,200.0,2015年第３四半期,未改装,,7.113943352306837
22017468,中古マンション等,,22135,静岡県,浜松市北区,三ヶ日町大崎,都筑,30分?60分,１ＬＤＫ,40,,,,昭和61年,ＲＣ,住宅,その他,,,,市街化調整区域,60.0,200.0,2016年第４四半期,未改装,,5.301029995663981
22080332,中古マンション等,,22101,静岡県,静岡市葵区,常磐町,静岡,12,３ＬＤＫ,80,,,,平成18年,ＲＣ,住宅,,,,,商業地域,80.0,400.0,2009年第４四半期,未改装,,7.431363764158987
22084095,中古マンション等,,22132,静岡県,浜松市東区,中郡町,遠州西ケ崎,16,３ＬＤＫ,70,,,,平成4年,ＲＣ,住宅,,,,,市街化調整区域,60.0,200.0,2013年第３四半期,未改装,,6.8512583487190755
22007730,中古マンション等,,22103,静岡県,静岡市清水区,万世町,清水(静岡),18,３ＬＤＫ,65,,,,平成9年,,住宅,住宅,,,,商業地域,80.0,400.0,2019年第３四半期,改装済,,7.204119982655925
22120190,中古マンション等,,22102,静岡県,静岡市駿河区,西脇,静岡,30分?60分,３ＬＤＫ,60,,,,平成8年,ＲＣ,住宅,,,,,第２種中高層住居専用地域,60.0,200.0,2008年第１四半期,改装済,,7.176091259055681
22000967,中古マンション等,,22101,静岡県,静岡市葵区,北安東,静岡,30分?60分,４ＬＤＫ,85,,,,平成21年,ＲＣ,住宅,住宅,,,,第２種中高層住居専用地域,60.0,200.0,2018年第３四半期,未改装,,7.505149978319906
22011243,中古マンション等,,22131,静岡県,浜松市中区,広沢,浜松,30分?60分,,65,,,,平成9年,,,,,,,第１種中高層住居専用地域,60.0,200.0,2017年第３四半期,,,7.146128035678238
22017460,中古マンション等,,22135,静岡県,浜松市北区,三ヶ日町大崎,都筑,30分?60分,,40,,,,昭和61年,ＲＣ,住宅,その他,,,,市街化調整区域,60.0,200.0,2017年第３四半期,未改装,,5.845098040014257
22054126,中古マンション等,,22131,静岡県,浜松市中区,板屋町,浜松,7,,100,,,,平成18年,ＳＲＣ,住宅,住宅,,,,商業地域,80.0,400.0,2014年第３四半期,未改装,,7.477121254719663
22125459,中古マンション等,,22203,静岡県,沼津市,大手町,沼津,1,２ＬＤＫ,80,,,,平成20年,ＲＣ,住宅,,,,,商業地域,80.0,500.0,2008年第２四半期,未改装,,7.568201724066995
22070130,中古マンション等,,22131,静岡県,浜松市中区,上島,浜松,30分?60分,３ＬＤＫ,60,,,,平成6年,ＲＣ,住宅,,,,,第１種住居地域,60.0,150.0,2012年第４四半期,未改装,,7.079181246047625
22118975,中古マンション等,,22101,静岡県,静岡市葵区,古庄,東静岡,,３ＬＤＫ,65,,,,平成10年,ＲＣ,住宅,,,,,準工業地域,60.0,200.0,2006年第４四半期,改装済,,7.2552725051033065
22059547,中古マンション等,,22131,静岡県,浜松市中区,高丘北,浜松,1H30?2H,３ＬＤＫ,90,,,,平成3年,ＲＣ,住宅,,,,,第１種住居地域,60.0,200.0,2011年第４四半期,未改装,,6.740362689494244
22008928,中古マンション等,,22131,静岡県,浜松市中区,鴨江,浜松,26,１Ｋ,15,,,,,,,住宅,,,,第１種中高層住居専用地域,60.0,200.0,2020年第１四半期,改装済,,6.5910646070264995
22005058,中古マンション等,,22102,静岡県,静岡市駿河区,曲金,東静岡,3,３ＬＤＫ,75,,,,平成28年,ＲＣ,,住宅,,,,商業地域,80.0,500.0,2020年第１四半期,未改装,,7.544068044350276
22118230,中古マンション等,,22101,静岡県,静岡市葵区,沓谷,東静岡,,３ＬＤＫ,115,,,,平成13年,,住宅,,,,,,,,2006年第２四半期,未改装,,7.505149978319906
22121677,中古マンション等,,22103,静岡県,静岡市清水区,半左衛門新田,草薙(ＪＲ),25,４ＤＫ,70,,,,昭和56年,ＳＲＣ,住宅,,,,,準住居地域,60.0,200.0,2008年第１四半期,未改装,,6.924279286061882
22017755,中古マンション等,,22135,静岡県,浜松市北区,三ヶ日町都筑,東都筑,21,１Ｋ,30,,,,昭和49年,ＳＲＣ,住宅,住宅,,,,市街化調整区域,60.0,200.0,2016年第１四半期,未改装,,5.903089986991944
22061504,中古マンション等,,22131,静岡県,浜松市中区,上島,浜松,1H?1H30,３ＬＤＫ,60,,,,平成6年,ＲＣ,住宅,住宅,,,,第１種住居地域,60.0,200.0,2015年第２四半期,未改装,,6.919078092376074
22009257,中古マンション等,,22131,静岡県,浜松市中区,佐藤,浜松,18,５ＬＤＫ,110,,,,,,,住宅,,,,近隣商業地域,80.0,200.0,2018年第１四半期,未改装,,6.380211241711606
22059770,中古マンション等,,22131,静岡県,浜松市中区,中央,浜松,8,３ＬＤＫ,65,,,,平成12年,ＲＣ,住宅,,,,,商業地域,80.0,400.0,2011年第２四半期,改装済,,7.342422680822207
22024153,中古マンション等,,22207,静岡県,富士宮市,朝日町,富士宮,14,３ＬＤＫ,60,,,,平成5年,ＲＣ,住宅,住宅,,,,第２種住居地域,60.0,200.0,2016年第２四半期,,,6.845098040014257
22014703,中古マンション等,,22133,静岡県,浜松市西区,舞阪町弁天島,弁天島,1,３ＬＤＫ,100,,,,平成17年,ＲＣ,,住宅,,,,商業地域,80.0,400.0,2018年第１四半期,未改装,,7.361727836017593
22011391,中古マンション等,,22131,静岡県,浜松市中区,元浜町,浜松,16,１ＬＤＫ,50,,,,平成9年,ＳＲＣ,住宅,住宅,,,,商業地域,80.0,500.0,2018年第２四半期,改装済,,7.079181246047625
22001008,中古マンション等,,22101,静岡県,静岡市葵区,北安東,静岡,30分?60分,３ＬＤＫ,70,,,,平成7年,ＲＣ,住宅,住宅,,,,第２種中高層住居専用地域,60.0,200.0,2016年第４四半期,未改装,,7.146128035678238
22070294,中古マンション等,,22101,静岡県,静岡市葵区,常磐町,静岡,8,１Ｋ,25,,,,平成9年,ＳＲＣ,住宅,,,,,商業地域,80.0,500.0,2013年第３四半期,未改装,,6.845098040014257
22123277,中古マンション等,,22132,静岡県,浜松市東区,篠ケ瀬町,天竜川,11,４ＬＤＫ,85,,,,平成10年,ＳＲＣ,住宅,,,,,工業地域,60.0,200.0,2008年第４四半期,未改装,,7.2552725051033065
22023614,中古マンション等,,22206,静岡県,三島市,東本町,三島田町,5,３ＬＤＫ,65,,,,平成8年,,,住宅,,,,第１種住居地域,60.0,200.0,2019年第１四半期,改装済,,7.278753600952829
22003280,中古マンション等,,22102,静岡県,静岡市駿河区,池田,東静岡,11,４ＬＤＫ,90,,,,平成13年,ＲＣ,住宅,,,,,近隣商業地域,80.0,300.0,2019年第２四半期,未改装,,7.414973347970818
22001149,中古マンション等,,22101,静岡県,静岡市葵区,駒形通,静岡,18,３ＬＤＫ,70,,,,平成3年,ＳＲＣ,,住宅,,,,商業地域,80.0,400.0,2020年第１四半期,未改装,,7.230448921378274
22126422,中古マンション等,,22206,静岡県,三島市,芝本町,三島,6,３ＬＤＫ,75,,,,平成14年,ＳＲＣ,住宅,,,,,商業地域,80.0,400.0,2008年第２四半期,改装済,,7.414973347970818
22086126,中古マンション等,,22203,静岡県,沼津市,西島町,沼津,28,３ＬＤＫ,75,,,,,ＲＣ,住宅,,,,,準工業地域,60.0,200.0,2012年第１四半期,未改装,,7.230448921378274
22089832,中古マンション等,,22135,静岡県,浜松市北区,三ヶ日町都筑,都筑,25,１ＬＤＫ,50,,,,平成2年,ＳＲＣ,住宅,,,,,市街化調整区域,60.0,200.0,2013年第４四半期,未改装,,6.633468455579586
22023640,中古マンション等,,22206,静岡県,三島市,東本町,三島田町,5,３ＬＤＫ,70,,,,平成8年,ＲＣ,住宅,住宅,,,,第１種住居地域,60.0,200.0,2016年第１四半期,未改装,,7.204119982655925
22000545,中古マンション等,,22101,静岡県,静岡市葵区,春日町,静岡,24,２ＤＫ,40,,,,昭和60年,,,,,,,第２種中高層住居専用地域,60.0,200.0,2018年第４四半期,未改装,,6.568201724066995
22029529,中古マンション等,,22210,静岡県,富士市,今泉,吉原,30分?60分,３ＬＤＫ,65,,,,平成18年,ＲＣ,,住宅,,,,工業地域,60.0,200.0,2019年第１四半期,未改装,調停・競売等,6.880813592280791
22063949,中古マンション等,,22101,静岡県,静岡市葵区,本通,静岡,16,３ＬＤＫ,55,,,,昭和55年,ＳＲＣ,住宅,,,,,商業地域,80.0,500.0,2012年第１四半期,未改装,,6.929418925714293
22052819,中古マンション等,,22101,静岡県,静岡市葵区,川辺町,静岡,13,２ＤＫ,45,,,,平成2年,ＳＲＣ,住宅,,,,,商業地域,80.0,400.0,2011年第２四半期,改装済,,6.977723605288848
22057433,中古マンション等,,22131,静岡県,浜松市中区,高丘北,浜松,1H30?2H,２ＬＤＫ,65,,,,,ＲＣ,住宅,,,,,近隣商業地域,80.0,200.0,2010年第４四半期,未改装,,7.204119982655925
22076501,中古マンション等,,22206,静岡県,三島市,加茂川町,三島,16,３ＬＤＫ,70,,,,,ＳＲＣ,住宅,住宅,,,,第２種住居地域,60.0,200.0,2015年第３四半期,未改装,,7.176091259055681
22118038,中古マンション等,,22101,静岡県,静岡市葵区,川合,静岡,1H?1H30,３ＬＤＫ,70,,,,昭和64年,ＲＣ,住宅,,,,,第２種中高層住居専用地域,60.0,200.0,2008年第２四半期,未改装,,7.041392685158225
22011564,中古マンション等,,22131,静岡県,浜松市中区,和合北,浜松,30分?60分,２ＤＫ,70,,,,平成8年,ＲＣ,住宅,住宅,,,,第１種中高層住居専用地域,60.0,200.0,2020年第１四半期,改装済,,7.204119982655925
22058002,中古マンション等,,22131,静岡県,浜松市中区,茄子町,浜松,30分?60分,３ＬＤＫ,60,,,,平成12年,ＲＣ,住宅,,,,,第１種住居地域,60.0,200.0,2010年第２四半期,未改装,,5.845098040014257
22070594,中古マンション等,,22207,静岡県,富士宮市,中央町,富士宮,2,３ＬＤＫ,95,,,,平成17年,ＲＣ,住宅,,,,,商業地域,80.0,400.0,2010年第４四半期,未改装,,7.3979400086720375
22057763,中古マンション等,,22131,静岡県,浜松市中区,常盤町,浜松,15,４ＬＤＫ,95,,,,平成10年,ＳＲＣ,住宅,,,,,商業地域,80.0,500.0,2010年第１四半期,改装済,,7.414973347970818
22054744,中古マンション等,,22131,静岡県,浜松市中区,城北,浜松,30分?60分,１Ｋ,15,,,,昭和60年,ＲＣ,住宅,住宅,,,,第２種中高層住居専用地域,60.0,200.0,2014年第３四半期,未改装,,5.991226075692495
22020964,中古マンション等,,22203,静岡県,沼津市,志下,沼津,1H?1H30,３ＬＤＫ,75,,,,平成20年,ＲＣ,住宅,住宅,,,,準工業地域,60.0,200.0,2018年第３四半期,改装済,,7.176091259055681
22065789,中古マンション等,,22102,静岡県,静岡市駿河区,西中原,静岡,29,４ＬＤＫ,100,,,,平成3年,ＲＣ,住宅,,,,,工業地域,60.0,200.0,2012年第３四半期,未改装,,7.278753600952829
22058441,中古マンション等,,22131,静岡県,浜松市中区,元浜町,浜松,16,１ＤＫ,35,,,,平成2年,ＳＲＣ,住宅,,,,,商業地域,80.0,400.0,2010年第１四半期,未改装,,6.7558748556724915
22001511,中古マンション等,,22101,静岡県,静岡市葵区,神明町,静岡,2H?,１Ｋ,15,,,,昭和60年,ＲＣ,住宅,住宅,,,,準工業地域,60.0,500.0,2016年第２四半期,改装済,,6.176091259055681
22124698,中古マンション等,,22135,静岡県,浜松市北区,三ヶ日町都筑,東都筑,25,２ＤＫ,40,,,,昭和59年,ＲＣ,住宅,,,,,市街化調整区域,60.0,200.0,2008年第２四半期,未改装,,6.3979400086720375
22095243,中古マンション等,,22203,静岡県,沼津市,西島町,沼津,30分?60分,３ＬＤＫ,65,,,,平成18年,ＲＣ,住宅,,,,,準工業地域,60.0,200.0,2013年第２四半期,未改装,,7.342422680822207
22000988,中古マンション等,,22101,静岡県,静岡市葵区,北安東,静岡,30分?60分,３ＬＤＫ,70,,,,平成7年,,,住宅,,,,第２種中高層住居専用地域,60.0,200.0,2017年第３四半期,未改装,,7.146128035678238
22090890,中古マンション等,,22131,静岡県,浜松市中区,高丘北,浜松,1H30?2H,４ＬＤＫ,85,,,,平成11年,ＲＣ,住宅,,,,,第１種住居地域,60.0,200.0,2009年第１四半期,改装済,,7.230448921378274
22023041,中古マンション等,,22206,静岡県,三島市,加茂川町,三島,19,４ＬＤＫ,85,,,,平成8年,ＳＲＣ,,住宅,,,,第２種住居地域,60.0,200.0,2018年第１四半期,改装済,,7.301029995663981
22053229,中古マンション等,,22101,静岡県,静岡市葵区,新伝馬,静岡,30分?60分,３ＬＤＫ,65,,,,昭和62年,ＲＣ,住宅,,,,,準工業地域,60.0,200.0,2011年第２四半期,未改装,,6.8750612633917
22065156,中古マンション等,,22203,静岡県,沼津市,町方町,沼津,8,４ＬＤＫ,75,,,,,ＲＣ,住宅,住宅,,,,商業地域,80.0,500.0,2014年第２四半期,未改装,調停・競売等,7.230448921378274
22021564,中古マンション等,,22203,静岡県,沼津市,西島町,沼津,30分?60分,,130,,,,,ＳＲＣ,住宅,住宅,,,,準工業地域,60.0,200.0,2016年第３四半期,,,7.204119982655925
22001247,中古マンション等,,22101,静岡県,静岡市葵区,三番町,静岡,24,２ＬＤＫ,55,,,,平成31年,,住宅,住宅,,,,近隣商業地域,80.0,200.0,2020年第２四半期,未改装,,7.4623979978989565
22068162,中古マンション等,,22103,静岡県,静岡市清水区,宝町,清水(静岡),10,４ＬＤＫ,80,,,,平成13年,ＲＣ,住宅,,,,,商業地域,80.0,400.0,2012年第４四半期,未改装,,7.361727836017593
22008627,中古マンション等,,22131,静岡県,浜松市中区,海老塚,浜松,11,３ＬＤＫ,75,,,,昭和49年,ＳＲＣ,住宅,その他,,,,第１種住居地域,60.0,200.0,2017年第１四半期,,,6.623249290397901
22005137,中古マンション等,,22102,静岡県,静岡市駿河区,馬渕,静岡,15,４ＬＤＫ,90,,,,平成14年,ＲＣ,住宅,住宅,,,,近隣商業地域,80.0,200.0,2020年第３四半期,改装済,,7.447158031342219
22088570,中古マンション等,,22210,静岡県,富士市,米之宮町,富士,26,３ＬＤＫ,80,,,,平成21年,ＲＣ,住宅,住宅,,,,第２種中高層住居専用地域,60.0,200.0,2015年第３四半期,未改装,,7.447158031342219
22071835,中古マンション等,,22131,静岡県,浜松市中区,高林,浜松,30分?60分,４ＬＤＫ,95,,,,昭和64年,ＲＣ,住宅,,,,,第２種中高層住居専用地域,60.0,200.0,2012年第４四半期,改装済,,7.204119982655925
22055204,中古マンション等,,22131,静岡県,浜松市中区,中央,浜松,9,４ＬＤＫ,75,,,,平成12年,ＲＣ,住宅,住宅,,,,商業地域,80.0,400.0,2014年第２四半期,未改装,,7.3222192947339195
22126396,中古マンション等,,22206,静岡県,三島市,梅名,大場,19,１Ｋ,20,,,,昭和62年,ＲＣ,住宅,,,,,第２種中高層住居専用地域,60.0,200.0,2008年第３四半期,改装済,,6.505149978319906
22056384,中古マンション等,,22131,静岡県,浜松市中区,和地山,浜松,30分?60分,３ＤＫ,45,,,,昭和49年,ＳＲＣ,住宅,住宅,,,,第２種中高層住居専用地域,60.0,200.0,2014年第４四半期,未改装,,6.176091259055681
22010591,中古マンション等,,22131,静岡県,浜松市中区,中沢町,浜松,25,３ＬＤＫ,75,,,,平成16年,ＲＣ,住宅,住宅,,,,近隣商業地域,80.0,300.0,2017年第３四半期,,,7.3222192947339195
22085357,中古マンション等,,22203,静岡県,沼津市,三枚橋町,沼津,5,３ＬＤＫ,85,,,,平成21年,ＲＣ,住宅,,,,,近隣商業地域,80.0,300.0,2012年第２四半期,未改装,,7.477121254719663
22066671,中古マンション等,,22203,静岡県,沼津市,高沢町,沼津,8,３ＬＤＫ,75,,,,平成14年,ＲＣ,住宅,,,,,商業地域,80.0,400.0,2010年第４四半期,未改装,,7.3222192947339195
22061948,中古マンション等,,22101,静岡県,静岡市葵区,川辺町,静岡,13,１ＬＤＫ,35,,,,平成2年,ＳＲＣ,住宅,,,,,商業地域,80.0,400.0,2012年第２四半期,未改装,,6.698970004336019
22005093,中古マンション等,,22102,静岡県,静岡市駿河区,曲金,東静岡,8,２ＬＤＫ,80,,,,平成22年,ＲＣ,,住宅,,,,商業地域,80.0,400.0,2018年第２四半期,未改装,,7.556302500767287
22082756,中古マンション等,,22102,静岡県,静岡市駿河区,さつき町,静岡,15,２ＬＤＫ,60,,,,昭和55年,ＳＲＣ,住宅,,,,,準工業地域,60.0,200.0,2009年第４四半期,未改装,,6.698970004336019
22052532,中古マンション等,,22101,静岡県,静岡市葵区,追手町,静岡,13,２ＬＤＫ,55,,,,昭和59年,ＳＲＣ,住宅,,,,,商業地域,80.0,600.0,2011年第４四半期,改装済,,6.959041392321094
22002126,中古マンション等,,22101,静岡県,静岡市葵区,天王町,静岡,15,１Ｋ,15,,,,昭和59年,ＲＣ,住宅,住宅,,,,商業地域,80.0,400.0,2016年第２四半期,未改装,,6.491361693834273
22060085,中古マンション等,,22103,静岡県,静岡市清水区,千歳町,清水(静岡),16,３ＬＤＫ,65,,,,平成8年,ＲＣ,住宅,住宅,,,,商業地域,80.0,400.0,2015年第１四半期,改装済,関係者間取引,7.146128035678238
22061396,中古マンション等,,22101,静岡県,静岡市葵区,追手町,静岡,13,２ＬＤＫ,55,,,,昭和54年,ＳＲＣ,住宅,,,,,商業地域,80.0,600.0,2012年第１四半期,未改装,,6.949390006644912
22017560,中古マンション等,,22135,静岡県,浜松市北区,三ヶ日町下尾奈,三ケ日,30分?60分,１Ｒ,25,,,,,ＲＣ,その他,その他,,,,市街化調整区域,60.0,200.0,2017年第１四半期,未改装,,5.301029995663981
22021185,中古マンション等,,22203,静岡県,沼津市,新宿町,沼津,7,３ＬＤＫ,75,,,,昭和59年,ＳＲＣ,住宅,住宅,,,,商業地域,80.0,400.0,2017年第３四半期,未改装,,6.929418925714293
22053789,中古マンション等,,22102,静岡県,静岡市駿河区,曲金,東静岡,8,３ＬＤＫ,95,,,,平成20年,ＲＣ,住宅,,,,,工業地域,60.0,200.0,2010年第３四半期,未改装,,7.531478917042255
22014714,中古マンション等,,22133,静岡県,浜松市西区,舞阪町弁天島,弁天島,12,１ＬＤＫ,50,,,,昭和49年,ＲＣ,住宅,その他,,,,第１種住居地域,60.0,200.0,2017年第１四半期,未改装,,6.361727836017593
22001548,中古マンション等,,22101,静岡県,静岡市葵区,瀬名,草薙(ＪＲ),30分?60分,３ＬＤＫ,70,,,,平成13年,ＲＣ,,住宅,,,,第１種中高層住居専用地域,60.0,150.0,2020年第３四半期,未改装,,7.204119982655925
22064100,中古マンション等,,22131,静岡県,浜松市中区,山手町,浜松,30分?60分,３ＬＤＫ,120,,,,平成18年,ＲＣ,住宅,住宅,,,,第１種中高層住居専用地域,60.0,200.0,2015年第１四半期,未改装,,7.6020599913279625
22087816,中古マンション等,,22210,静岡県,富士市,水戸島,富士,13,３ＬＤＫ,70,,,,昭和64年,ＳＲＣ,住宅,住宅,,,,第２種住居地域,60.0,200.0,2015年第４四半期,改装済,,6.778151250383644
22129574,中古マンション等,,22211,静岡県,磐田市,中泉,磐田,3,２ＬＤＫ,60,,,,平成19年,ＲＣ,住宅,,,,,商業地域,80.0,400.0,2007年第３四半期,未改装,,7.3222192947339195
22071029,中古マンション等,,22131,静岡県,浜松市中区,蜆塚,浜松,30分?60分,３ＬＤＫ,75,,,,,ＲＣ,住宅,,,,,第１種中高層住居専用地域,60.0,200.0,2012年第１四半期,未改装,,6.968482948553935
22020266,中古マンション等,,22203,静岡県,沼津市,大岡,沼津,18,３ＬＤＫ,80,,,,平成7年,ＲＣ,住宅,住宅,,,,第２種住居地域,60.0,200.0,2019年第３四半期,未改装,,7.146128035678238
22074699,中古マンション等,,22207,静岡県,富士宮市,東町,富士宮,3,４ＬＤＫ,100,,,,平成18年,ＳＲＣ,住宅,,,,,近隣商業地域,80.0,200.0,2011年第２四半期,未改装,,7.431363764158987
22020537,中古マンション等,,22203,静岡県,沼津市,大手町,沼津,1,１ＬＤＫ,50,,,,平成20年,,住宅,住宅,,,,商業地域,80.0,600.0,2020年第１四半期,,,7.3979400086720375
22051449,中古マンション等,,22102,静岡県,静岡市駿河区,稲川,静岡,6,,75,,,,平成12年,ＲＣ,住宅,住宅,,,,商業地域,80.0,500.0,2014年第２四半期,,調停・競売等,7.204119982655925
22062302,中古マンション等,,22131,静岡県,浜松市中区,助信町,浜松,28,４ＬＤＫ,95,,,,平成25年,ＲＣ,住宅,住宅,,,,商業地域,80.0,400.0,2015年第４四半期,未改装,,7.518513939877887
22023901,中古マンション等,,22206,静岡県,三島市,南二日町,三島二日町,2,１ＤＫ,60,,,,平成10年,,,住宅,,,,工業地域,60.0,200.0,2019年第２四半期,改装済,,7.4623979978989565
22098532,中古マンション等,,22206,静岡県,三島市,南町,三島田町,11,３ＬＤＫ,75,,,,平成16年,ＲＣ,住宅,住宅,,,,第２種住居地域,,,2013年第１四半期,,,7.278753600952829
22093410,中古マンション等,,22132,静岡県,浜松市東区,植松町,浜松,30分?60分,３ＬＤＫ,70,,,,平成11年,ＲＣ,住宅,,,,,第１種住居地域,60.0,200.0,2009年第３四半期,改装済,,7.204119982655925
22099938,中古マンション等,,22135,静岡県,浜松市北区,三ヶ日町都筑,都筑,21,１ＬＤＫ,60,,,,平成2年,ＳＲＣ,住宅,,,,,市街化調整区域,60.0,200.0,2009年第１四半期,改装済,,6.7923916894982534
22072614,中古マンション等,,22131,静岡県,浜松市中区,西伊場町,浜松,30分?60分,,70,,,,昭和58年,ＲＣ,住宅,,,,,第１種中高層住居専用地域,,,2012年第３四半期,改装済,,6.447158031342219
22021169,中古マンション等,,22203,静岡県,沼津市,新宿町,沼津,7,,85,,,,昭和59年,ＳＲＣ,住宅,住宅,,,,商業地域,80.0,400.0,2020年第３四半期,未改装,,6.845098040014257
22121186,中古マンション等,,22103,静岡県,静岡市清水区,草薙,草薙(ＪＲ),,３ＬＤＫ,80,,,,昭和64年,,住宅,,,,,,,,2006年第３四半期,未改装,,7.361727836017593
22039929,中古マンション等,,22214,静岡県,藤枝市,前島,藤枝,5,３ＬＤＫ,80,,,,平成26年,,,住宅,,,,第２種住居地域,60.0,200.0,2017年第３四半期,未改装,,7.477121254719663
22022217,中古マンション等,,22203,静岡県,沼津市,若葉町,沼津,28,４ＬＤＫ,70,,,,昭和63年,ＳＲＣ,住宅,住宅,,,,第１種住居地域,60.0,200.0,2016年第３四半期,改装済,,7.0
22058729,中古マンション等,,22102,静岡県,静岡市駿河区,南町,静岡,5,３ＬＤＫ,80,,,,平成21年,ＲＣ,住宅,住宅,,,,商業地域,80.0,400.0,2015年第１四半期,未改装,,7.518513939877887
22091043,中古マンション等,,22131,静岡県,浜松市中区,高丘東,浜松,1H30?2H,２ＤＫ＋Ｓ,55,,,,昭和64年,ＲＣ,住宅,,,,,第１種住居地域,60.0,200.0,2009年第３四半期,未改装,,6.863322860120456
22002158,中古マンション等,,22101,静岡県,静岡市葵区,常磐町,静岡,12,３ＬＤＫ,70,,,,平成18年,ＲＣ,,住宅,,,,商業地域,80.0,400.0,2020年第１四半期,未改装,,7.414973347970818
22090119,中古マンション等,,22131,静岡県,浜松市中区,佐鳴台,浜松,30分?60分,,15,,,,,ＲＣ,住宅,,,,,第１種低層住居専用地域,40.0,60.0,2009年第１四半期,,,6.431363764158987
22054885,中古マンション等,,22131,静岡県,浜松市中区,住吉,浜松,30分?60分,２ＬＤＫ,55,,,,,ＳＲＣ,住宅,,,,,第２種住居地域,60.0,200.0,2014年第１四半期,未改装,,6.3979400086720375
22008554,中古マンション等,,22131,静岡県,浜松市中区,板屋町,浜松,4,２ＬＤＫ,65,,,,平成18年,ＳＲＣ,住宅,住宅,,,,商業地域,80.0,600.0,2018年第４四半期,未改装,,7.544068044350276
22086111,中古マンション等,,22210,静岡県,富士市,高島町,富士,30分?60分,３ＬＤＫ,75,,,,平成14年,ＲＣ,住宅,住宅,,,,近隣商業地域,80.0,200.0,2015年第２四半期,未改装,,7.2552725051033065
22122626,中古マンション等,,22131,静岡県,浜松市中区,利町,浜松,11,３ＬＤＫ,90,,,,平成15年,ＳＲＣ,住宅,,,,,商業地域,80.0,500.0,2008年第３四半期,未改装,,7.531478917042255
22123561,中古マンション等,,22133,静岡県,浜松市西区,入野町,浜松,30分?60分,３ＬＤＫ,75,,,,平成12年,ＲＣ,住宅,,,,,第２種住居地域,60.0,200.0,2008年第２四半期,未改装,,7.278753600952829
22072943,中古マンション等,,22102,静岡県,静岡市駿河区,津島町,静岡,26,２ＬＤＫ,65,,,,平成18年,ＲＣ,住宅,,,,,準工業地域,60.0,200.0,2013年第１四半期,未改装,,7.301029995663981
22095371,中古マンション等,,22133,静岡県,浜松市西区,入野町,浜松,30分?60分,３ＬＤＫ,75,,,,平成12年,ＲＣ,住宅,,,,,近隣商業地域,80.0,200.0,2009年第１四半期,未改装,調停・競売等,7.176091259055681
22023273,中古マンション等,,22206,静岡県,三島市,大社町,三島田町,10,３ＬＤＫ,75,,,,平成13年,ＲＣ,住宅,住宅,,,,近隣商業地域,80.0,200.0,2016年第３四半期,未改装,,7.3979400086720375
22022827,中古マンション等,,22206,静岡県,三島市,青木,三島,30分?60分,３ＬＤＫ,65,,,,平成16年,,,住宅,,,,第１種住居地域,60.0,200.0,2018年第１四半期,未改装,,7.204119982655925
22129880,中古マンション等,,22212,静岡県,焼津市,駅北,焼津,1,オープンフロア,70,,,,平成9年,ＳＲＣ,店舗,,,,,商業地域,80.0,400.0,2008年第４四半期,未改装,,7.204119982655925
22008556,中古マンション等,,22131,静岡県,浜松市中区,板屋町,浜松,8,３ＬＤＫ,105,,,,平成20年,,住宅,住宅,,,,商業地域,80.0,400.0,2018年第３四半期,未改装,,7.6127838567197355
22123129,中古マンション等,,22132,静岡県,浜松市東区,大蒲町,天竜川,10,３ＬＤＫ,70,,,,平成17年,ＲＣ,住宅,,,,,工業地域,60.0,200.0,2007年第２四半期,未改装,,7.301029995663981
22010762,中古マンション等,,22131,静岡県,浜松市中区,西伊場町,浜松,30分?60分,３ＬＤＫ,65,,,,平成8年,,住宅,,,,,第１種住居地域,60.0,200.0,2019年第３四半期,未改装,,6.954242509439325
22124705,中古マンション等,,22135,静岡県,浜松市北区,三ヶ日町都筑,東都筑,21,１ＬＤＫ,50,,,,平成2年,ＳＲＣ,住宅,,,,,市街化調整区域,60.0,200.0,2008年第１四半期,改装済,,6.799340549453582
22064745,中古マンション等,,22132,静岡県,浜松市東区,植松町,浜松,30分?60分,２ＤＫ,40,,,,昭和49年,ＳＲＣ,住宅,住宅,,,,第１種住居地域,60.0,200.0,2015年第２四半期,改装済,,6.531478917042255
22021499,中古マンション等,,22203,静岡県,沼津市,西沢田,沼津,30分?60分,３ＬＤＫ,70,,,,,ＲＣ,,住宅,,,,工業地域,60.0,200.0,2018年第２四半期,未改装,,6.740362689494244
22124636,中古マンション等,,22135,静岡県,浜松市北区,三ヶ日町大崎,都筑,28,１ＤＫ,45,,,,昭和63年,ＳＲＣ,住宅,,,,,市街化調整区域,60.0,200.0,2008年第１四半期,改装済,,6.414973347970818
22063101,中古マンション等,,22135,静岡県,浜松市北区,三ヶ日町都筑,都筑,28,１Ｋ,25,,,,昭和49年,ＳＲＣ,住宅,,,,,市街化調整区域,60.0,200.0,2010年第１四半期,未改装,,5.041392685158225
22011480,中古マンション等,,22131,静岡県,浜松市中区,龍禅寺町,浜松,10,３ＬＤＫ,65,,,,昭和57年,ＲＣ,住宅,住宅,,,,近隣商業地域,80.0,300.0,2020年第１四半期,改装済,,7.0
22005096,中古マンション等,,22102,静岡県,静岡市駿河区,曲金,東静岡,6,３ＤＫ,60,,,,平成14年,ＳＲＣ,住宅,住宅,,,,商業地域,80.0,400.0,2018年第２四半期,未改装,,7.342422680822207
22009206,中古マンション等,,22131,静岡県,浜松市中区,幸,浜松,30分?60分,２ＬＤＫ,55,,,,平成6年,ＲＣ,住宅,住宅,,,,第１種中高層住居専用地域,60.0,200.0,2016年第１四半期,未改装,,6.8750612633917
22063852,中古マンション等,,22131,静岡県,浜松市中区,広沢,浜松,25,３ＬＤＫ,80,,,,平成14年,ＲＣ,住宅,住宅,,,,第１種中高層住居専用地域,60.0,200.0,2015年第３四半期,未改装,,7.278753600952829
22005091,中古マンション等,,22102,静岡県,静岡市駿河区,曲金,東静岡,3,２ＤＫ,75,,,,平成22年,ＲＣ,住宅,住宅,,,,商業地域,80.0,500.0,2018年第３四半期,未改装,,7.531478917042255
22085575,中古マンション等,,22203,静岡県,沼津市,新沢田町,沼津,30分?60分,３ＬＤＫ,70,,,,平成19年,ＲＣ,住宅,,,,,第１種住居地域,60.0,200.0,2012年第３四半期,改装済,,7.230448921378274
22074520,中古マンション等,,22207,静岡県,富士宮市,西町,富士宮,5,２ＬＤＫ,50,,,,,ＲＣ,住宅,,,,,第２種住居地域,60.0,200.0,2011年第３四半期,未改装,,6.544068044350276
22120766,中古マンション等,,22103,静岡県,静岡市清水区,江尻台町,清水(静岡),19,１Ｋ,15,,,,平成4年,ＲＣ,住宅,,,,,工業地域,60.0,200.0,2008年第３四半期,改装済,,6.477121254719663
22056242,中古マンション等,,22101,静岡県,静岡市葵区,長沼,東静岡,16,３ＬＤＫ,70,,,,平成13年,ＲＣ,住宅,住宅,,,,準工業地域,60.0,200.0,2015年第３四半期,未改装,,7.301029995663981
22012555,中古マンション等,,22132,静岡県,浜松市東区,小池町,自動車学校前,2,３ＬＤＫ,75,,,,昭和64年,,住宅,住宅,,,,準工業地域,60.0,200.0,2020年第１四半期,未改装,,6.903089986991944
22103910,中古マンション等,,22203,静岡県,沼津市,高島町,沼津,4,２ＤＫ,55,,,,昭和49年,ＲＣ,住宅,,,,,商業地域,80.0,400.0,2009年第２四半期,未改装,,6.903089986991944
22054403,中古マンション等,,22131,静岡県,浜松市中区,鴨江,浜松,28,１Ｒ,15,,,,昭和63年,ＲＣ,住宅,住宅,,,,第１種中高層住居専用地域,60.0,200.0,2014年第４四半期,未改装,,6.623249290397901
22122558,中古マンション等,,22131,静岡県,浜松市中区,高丘東,浜松,1H30?2H,４ＬＤＫ,80,,,,平成5年,ＳＲＣ,住宅,,,,,工業地域,60.0,200.0,2007年第２四半期,未改装,,7.176091259055681
22125463,中古マンション等,,22203,静岡県,沼津市,大手町,沼津,1,３ＬＤＫ,90,,,,平成20年,ＲＣ,住宅,,,,,商業地域,80.0,500.0,2008年第２四半期,,,7.643452676486188
22000331,中古マンション等,,22101,静岡県,静岡市葵区,追手町,静岡,13,オープンフロア,65,,,,昭和54年,ＳＲＣ,店舗,店舗,,,,商業地域,80.0,600.0,2017年第２四半期,未改装,,7.278753600952829
22088047,中古マンション等,,22103,静岡県,静岡市清水区,万世町,清水(静岡),15,３ＬＤＫ,100,,,,平成17年,ＲＣ,住宅,,,,,商業地域,80.0,400.0,2009年第２四半期,未改装,,7.518513939877887
22078483,中古マンション等,,22131,静岡県,浜松市中区,上島,上島,9,３ＬＤＫ,60,,,,平成5年,ＲＣ,住宅,,,,,第１種住居地域,60.0,200.0,2013年第２四半期,未改装,,6.929418925714293
22054692,中古マンション等,,22103,静岡県,静岡市清水区,北脇,清水(静岡),30分?60分,３ＬＤＫ,75,,,,平成3年,ＲＣ,住宅,,,,,工業地域,60.0,200.0,2010年第４四半期,改装済,,7.041392685158225
22057856,中古マンション等,,22103,静岡県,静岡市清水区,本郷町,清水(静岡),5,２ＬＤＫ,60,,,,昭和49年,ＳＲＣ,住宅,,,,,商業地域,80.0,400.0,2011年第２四半期,未改装,,7.342422680822207
22099845,中古マンション等,,22210,静岡県,富士市,水戸島,富士,11,３ＬＤＫ,70,,,,平成2年,ＳＲＣ,住宅,,,,,第２種住居地域,60.0,200.0,2012年第１四半期,未改装,,6.863322860120456
22055717,中古マンション等,,22102,静岡県,静岡市駿河区,馬渕,静岡,16,３ＬＤＫ,60,,,,昭和59年,ＲＣ,住宅,,,,,近隣商業地域,80.0,200.0,2011年第１四半期,未改装,,6.913813852383717
22000638,中古マンション等,,22101,静岡県,静岡市葵区,上足洗,静岡,30分?60分,４ＬＤＫ,85,,,,平成10年,,,住宅,,,,,,,2017年第３四半期,未改装,,7.414973347970818
22069832,中古マンション等,,22135,静岡県,浜松市北区,三ヶ日町大崎,都筑,30分?60分,２ＬＤＫ,75,,,,平成2年,ＳＲＣ,住宅,住宅,,,,市街化調整区域,60.0,200.0,2015年第４四半期,未改装,,6.845098040014257
22083569,中古マンション等,,22132,静岡県,浜松市東区,小池町,浜松,1H?1H30,２ＬＤＫ,65,,,,平成7年,ＲＣ,住宅,,,,,準工業地域,60.0,200.0,2013年第１四半期,改装済,,7.146128035678238
22062931,中古マンション等,,22131,静岡県,浜松市中区,寺島町,浜松,13,１Ｋ,25,,,,昭和64年,ＲＣ,住宅,住宅,,,,近隣商業地域,80.0,300.0,2015年第３四半期,未改装,,6.079181246047625
22056952,中古マンション等,,22132,静岡県,浜松市東区,上西町,浜松,30分?60分,３ＬＤＫ,70,,,,平成15年,ＲＣ,住宅,,,,,工業地域,60.0,200.0,2014年第１四半期,未改装,,7.230448921378274
22053284,中古マンション等,,22101,静岡県,静岡市葵区,水道町,静岡,30分?60分,４ＬＤＫ,70,,,,平成8年,ＲＣ,住宅,,,,,準工業地域,60.0,200.0,2011年第１四半期,未改装,,7.146128035678238
22031219,中古マンション等,,22210,静岡県,富士市,富士町,富士,4,３ＬＤＫ,65,,,,平成18年,ＲＣ,住宅,住宅,,,,商業地域,80.0,400.0,2017年第２四半期,未改装,,7.146128035678238
22021239,中古マンション等,,22203,静岡県,沼津市,浅間町,沼津,15,４ＬＤＫ,85,,,,平成23年,ＲＣ,,住宅,,,,第１種住居地域,60.0,200.0,2017年第４四半期,未改装,,7.431363764158987
22017733,中古マンション等,,22135,静岡県,浜松市北区,三ヶ日町都筑,都筑,30分?60分,１ＬＤＫ,50,,,,平成2年,ＳＲＣ,住宅,その他,,,,市街化調整区域,60.0,200.0,2016年第１四半期,未改装,,6.301029995663981
22117874,中古マンション等,,22101,静岡県,静岡市葵区,追手町,静岡,14,３ＬＤＫ,55,,,,昭和54年,ＳＲＣ,住宅,,,,,商業地域,80.0,600.0,2007年第３四半期,未改装,,7.079181246047625
22011758,中古マンション等,,22131,静岡県,浜松市中区,和地山,浜松,30分?60分,１ＬＤＫ,40,,,,昭和49年,,,住宅,,,,第２種中高層住居専用地域,60.0,200.0,2020年第３四半期,,,6.4623979978989565
22011409,中古マンション等,,22131,静岡県,浜松市中区,元浜町,浜松,20,３ＬＤＫ,65,,,,昭和61年,ＳＲＣ,住宅,住宅,,,,商業地域,80.0,500.0,2016年第１四半期,未改装,,6.7923916894982534
22064177,中古マンション等,,22203,静岡県,沼津市,三枚橋町,沼津,6,３ＬＤＫ,70,,,,,ＲＣ,住宅,住宅,,,,近隣商業地域,80.0,300.0,2014年第３四半期,未改装,,7.3979400086720375
22053340,中古マンション等,,22103,静岡県,静岡市清水区,天神,清水(静岡),16,３ＬＤＫ,85,,,,平成10年,ＲＣ,住宅,住宅,,,,第２種住居地域,60.0,200.0,2014年第４四半期,未改装,,7.2552725051033065
22009132,中古マンション等,,22131,静岡県,浜松市中区,紺屋町,浜松,12,３ＬＤＫ,90,,,,平成26年,ＲＣ,住宅,住宅,,,,商業地域,80.0,500.0,2019年第３四半期,未改装,,7.6127838567197355
22032210,中古マンション等,,22210,静岡県,富士市,吉原,吉原,30分?60分,４ＬＤＫ,70,,,,平成5年,ＳＲＣ,,住宅,,,,商業地域,80.0,400.0,2018年第４四半期,未改装,,7.041392685158225
22014706,中古マンション等,,22133,静岡県,浜松市西区,舞阪町弁天島,弁天島,18,３ＬＤＫ,90,,,,平成20年,,,,,,,第１種住居地域,60.0,200.0,2017年第４四半期,未改装,,7.2552725051033065
22038367,中古マンション等,,22214,静岡県,藤枝市,駅前,藤枝,3,４ＬＤＫ,85,,,,平成19年,ＲＣ,住宅,住宅,,,,商業地域,80.0,400.0,2020年第２四半期,改装済,,7.447158031342219
22064538,中古マンション等,,22102,静岡県,静岡市駿河区,池田,東静岡,5,３ＬＤＫ,75,,,,平成17年,ＲＣ,住宅,,,,,準工業地域,60.0,200.0,2012年第３四半期,未改装,,7.230448921378274
22031718,中古マンション等,,22210,静岡県,富士市,水戸島本町,富士,6,１Ｋ,15,,,,平成4年,ＳＲＣ,住宅,住宅,,,,近隣商業地域,80.0,300.0,2019年第２四半期,未改装,,6.3222192947339195
22061279,中古マンション等,,22101,静岡県,静岡市葵区,安東,静岡,29,４ＬＤＫ,80,,,,昭和62年,ＲＣ,住宅,,,,,第２種中高層住居専用地域,60.0,200.0,2012年第３四半期,改装済,,7.230448921378274
22055872,中古マンション等,,22131,静岡県,浜松市中区,東伊場,浜松,26,４ＬＤＫ,90,,,,昭和62年,ＳＲＣ,住宅,住宅,,,,第２種住居地域,60.0,200.0,2014年第４四半期,,,7.041392685158225
22089262,中古マンション等,,22211,静岡県,磐田市,上本郷,豊田町,1,４ＬＤＫ,80,,,,平成9年,ＳＲＣ,住宅,住宅,,,,近隣商業地域,80.0,200.0,2015年第２四半期,未改装,,7.176091259055681
22070789,中古マンション等,,22101,静岡県,静岡市葵区,東瀬名町,草薙(ＪＲ),25,３ＬＤＫ,65,,,,平成13年,ＲＣ,住宅,,,,,第２種住居地域,60.0,200.0,2013年第４四半期,未改装,,7.204119982655925
22122927,中古マンション等,,22131,静岡県,浜松市中区,元浜町,浜松,19,１Ｋ,15,,,,,ＲＣ,住宅,,,,,商業地域,80.0,400.0,2007年第３四半期,改装済,,6.568201724066995
22054343,中古マンション等,,22131,静岡県,浜松市中区,神田町,浜松,26,３ＬＤＫ,80,,,,,ＲＣ,住宅,住宅,,,,第１種住居地域,60.0,200.0,2014年第２四半期,改装済,,7.176091259055681
22068482,中古マンション等,,22207,静岡県,富士宮市,矢立町,富士宮,15,３ＬＤＫ,70,,,,,ＲＣ,住宅,住宅,,,,,,,2014年第３四半期,,,7.204119982655925
22032195,中古マンション等,,22210,静岡県,富士市,吉原,富士,30分?60分,３ＬＤＫ,60,,,,,ＳＲＣ,住宅,住宅,,,,商業地域,80.0,400.0,2016年第１四半期,改装済,,7.079181246047625
22089775,中古マンション等,,22131,静岡県,浜松市中区,北寺島町,浜松,12,１Ｋ,20,,,,平成2年,ＳＲＣ,住宅,,,,,商業地域,80.0,500.0,2009年第４四半期,未改装,,6.5910646070264995
22000951,中古マンション等,,22101,静岡県,静岡市葵区,北安東,静岡,30分?60分,３ＬＤＫ,75,,,,平成9年,ＲＣ,住宅,住宅,,,,第２種中高層住居専用地域,60.0,200.0,2019年第１四半期,,,7.041392685158225
22066121,中古マンション等,,22133,静岡県,浜松市西区,入野町,浜松,30分?60分,４ＬＤＫ,100,,,,平成3年,ＳＲＣ,住宅,住宅,,,,第１種住居地域,60.0,200.0,2015年第２四半期,未改装,,7.204119982655925
22124713,中古マンション等,,22135,静岡県,浜松市北区,三ヶ日町都筑,東都筑,26,１ＬＤＫ,50,,,,平成2年,ＳＲＣ,住宅,,,,,市街化調整区域,60.0,200.0,2007年第２四半期,未改装,,6.653212513775344
22120472,中古マンション等,,22102,静岡県,静岡市駿河区,南町,静岡,3,３ＬＤＫ,100,,,,平成5年,ＳＲＣ,住宅,,,,,商業地域,80.0,500.0,2006年第３四半期,未改装,,7.505149978319906
22058593,中古マンション等,,22131,静岡県,浜松市中区,春日町,浜松,30分?60分,４ＬＤＫ,80,,,,平成6年,ＲＣ,住宅,,,,,第１種住居地域,60.0,200.0,2011年第３四半期,改装済,,7.041392685158225
22057820,中古マンション等,,22102,静岡県,静岡市駿河区,津島町,静岡,19,２ＤＫ,35,,,,昭和49年,ＳＲＣ,住宅,住宅,,,,近隣商業地域,80.0,200.0,2015年第３四半期,改装済,,6.414973347970818
22080373,中古マンション等,,22135,静岡県,浜松市北区,三ヶ日町都筑,都筑,19,１ＬＤＫ,50,,,,平成2年,ＳＲＣ,住宅,,,,,市街化調整区域,60.0,200.0,2012年第１四半期,改装済,,6.653212513775344
22002578,中古マンション等,,22101,静岡県,静岡市葵区,東鷹匠町,静岡,16,３ＬＤＫ,75,,,,平成13年,ＲＣ,住宅,住宅,,,,第２種住居地域,60.0,200.0,2016年第１四半期,未改装,,7.4623979978989565
22032205,中古マンション等,,22210,静岡県,富士市,吉原,吉原,30分?60分,２ＬＤＫ,60,,,,平成5年,ＳＲＣ,住宅,住宅,,,,商業地域,80.0,400.0,2019年第２四半期,未改装,,6.832508912706237
22063446,中古マンション等,,22133,静岡県,浜松市西区,舞阪町弁天島,弁天島,3,１ＤＫ,40,,,,昭和51年,ＲＣ,住宅,,,,,商業地域,80.0,400.0,2011年第１四半期,改装済,,6.653212513775344
22073064,中古マンション等,,22131,静岡県,浜松市中区,広沢,浜松,26,２ＬＤＫ,70,,,,平成14年,ＲＣ,住宅,,,,,第１種中高層住居専用地域,60.0,200.0,2012年第３四半期,未改装,,7.278753600952829
22017680,中古マンション等,,22135,静岡県,浜松市北区,三ヶ日町都筑,都筑,20,１ＬＤＫ,70,,,,平成2年,ＳＲＣ,住宅,住宅,,,,市街化調整区域,60.0,200.0,2018年第２四半期,未改装,,6.7558748556724915
22007101,中古マンション等,,22103,静岡県,静岡市清水区,千歳町,清水(静岡),16,３ＬＤＫ,75,,,,,,,住宅,,,,,,,2019年第３四半期,,,7.230448921378274
22069048,中古マンション等,,22101,静岡県,静岡市葵区,駒形通,静岡,18,２ＬＤＫ＋Ｓ,70,,,,平成15年,ＲＣ,住宅,,,,,近隣商業地域,80.0,300.0,2013年第３四半期,改装済,,7.3222192947339195
22005489,中古マンション等,,22102,静岡県,静岡市駿河区,南町,静岡,1,３ＬＤＫ,85,,,,平成28年,ＲＣ,住宅,住宅,,,,商業地域,80.0,500.0,2016年第１四半期,,,7.857332496431268
22032902,中古マンション等,,22211,静岡県,磐田市,上本郷,豊田町,5,３ＬＤＫ,70,,,,平成9年,,,住宅,,,,近隣商業地域,80.0,200.0,2019年第４四半期,未改装,,7.2552725051033065
22057016,中古マンション等,,22131,静岡県,浜松市中区,佐鳴台,浜松,30分?60分,１Ｋ,15,,,,昭和64年,ＲＣ,住宅,,,,,第１種中高層住居専用地域,60.0,200.0,2010年第３四半期,未改装,,6.0
22009715,中古マンション等,,22131,静岡県,浜松市中区,住吉,浜松,30分?60分,４ＬＤＫ,85,,,,平成10年,ＳＲＣ,住宅,住宅,,,,第２種中高層住居専用地域,60.0,200.0,2017年第１四半期,,,7.204119982655925
22064661,中古マンション等,,22134,静岡県,浜松市南区,楊子町,浜松,25,４ＬＤＫ,85,,,,平成13年,ＲＣ,住宅,,,,,第１種住居地域,60.0,200.0,2011年第１四半期,未改装,調停・競売等,7.079181246047625
22003441,中古マンション等,,22102,静岡県,静岡市駿河区,稲川,静岡,6,,65,,,,,ＲＣ,住宅,住宅,,,,商業地域,80.0,500.0,2017年第３四半期,改装済,,7.301029995663981
22066599,中古マンション等,,22203,静岡県,沼津市,杉崎町,熱海,15,３ＬＤＫ,55,,,,昭和57年,ＲＣ,住宅,,,,,第２種住居地域,60.0,200.0,2010年第４四半期,未改装,,6.857332496431268
22058643,中古マンション等,,22131,静岡県,浜松市中区,和合町,浜松,1H?1H30,３ＬＤＫ,65,,,,平成7年,ＲＣ,住宅,,,,,第１種住居地域,60.0,200.0,2010年第３四半期,未改装,,7.041392685158225
22005476,中古マンション等,,22102,静岡県,静岡市駿河区,南町,静岡,1,３ＬＤＫ,75,,,,平成28年,ＲＣ,住宅,住宅,,,,商業地域,80.0,500.0,2016年第４四半期,,,7.799340549453582
22002756,中古マンション等,,22101,静岡県,静岡市葵区,本通,静岡,16,２ＤＫ,35,,,,昭和55年,ＳＲＣ,,住宅,,,,商業地域,80.0,500.0,2019年第４四半期,未改装,,6.740362689494244
22003898,中古マンション等,,22102,静岡県,静岡市駿河区,国吉田,東静岡,29,３ＬＤＫ,70,,,,平成14年,,住宅,住宅,,,,準工業地域,60.0,200.0,2020年第３四半期,未改装,,7.278753600952829
22006031,中古マンション等,,22103,静岡県,静岡市清水区,江尻台町,清水(静岡),20,１Ｋ,15,,,,平成5年,ＲＣ,,住宅,,,,工業地域,60.0,200.0,2018年第２四半期,,,6.447158031342219
22017548,中古マンション等,,22135,静岡県,浜松市北区,三ヶ日町下尾奈,尾奈,18,１Ｒ,25,,,,昭和55年,ＲＣ,その他,その他,,,,市街化区域及び市街化調整区域外の都市計画区域,60.0,200.0,2017年第１四半期,未改装,,5.0
22092510,中古マンション等,,22131,静岡県,浜松市中区,元浜町,遠州病院,7,３ＤＫ,65,,,,昭和61年,ＳＲＣ,住宅,,,,,商業地域,80.0,500.0,2009年第２四半期,改装済,,6.986771734266245
22009854,中古マンション等,,22131,静岡県,浜松市中区,高丘北,浜松,1H30?2H,３ＬＤＫ,85,,,,平成4年,,住宅,住宅,,,,第１種住居地域,60.0,200.0,2018年第２四半期,改装済,,7.079181246047625
22060884,中古マンション等,,22135,静岡県,浜松市北区,三ヶ日町都筑,都筑,30分?60分,２ＬＤＫ,120,,,,平成2年,ＳＲＣ,住宅,その他,,,,市街化調整区域,60.0,200.0,2014年第２四半期,未改装,,6.633468455579586
22080053,中古マンション等,,22131,静岡県,浜松市中区,高丘北,浜松,1H30?2H,３ＬＤＫ,90,,,,,ＲＣ,住宅,,,,,近隣商業地域,80.0,200.0,2013年第４四半期,未改装,,7.3979400086720375
22003157,中古マンション等,,22101,静岡県,静岡市葵区,竜南,静岡,30分?60分,３ＬＤＫ,65,,,,平成5年,ＲＣ,,住宅,,,,第２種中高層住居専用地域,60.0,200.0,2017年第４四半期,改装済,,7.113943352306837
22084726,中古マンション等,,22210,静岡県,富士市,石坂,富士,30分?60分,４ＬＤＫ,75,,,,平成5年,ＲＣ,住宅,住宅,,,,第２種中高層住居専用地域,60.0,150.0,2015年第２四半期,未改装,,6.698970004336019
22057341,中古マンション等,,22102,静岡県,静岡市駿河区,小鹿,静岡,30分?60分,３ＬＤＫ,70,,,,平成12年,ＲＣ,住宅,住宅,,,,近隣商業地域,80.0,200.0,2015年第１四半期,未改装,,7.278753600952829
22010278,中古マンション等,,22131,静岡県,浜松市中区,寺島町,浜松,10,１Ｋ,15,,,,平成3年,ＳＲＣ,住宅,その他,,,,近隣商業地域,80.0,300.0,2016年第２四半期,未改装,,6.342422680822207
22073177,中古マンション等,,22203,静岡県,沼津市,内浦小海,伊豆長岡,1H?1H30,１ＬＤＫ,55,,,,平成2年,ＳＲＣ,住宅,その他,,,,市街化調整区域,70.0,200.0,2015年第１四半期,未改装,,6.857332496431268
22118113,中古マンション等,,22101,静岡県,静岡市葵区,北安東,静岡,30分?60分,３ＬＤＫ,70,,,,平成7年,ＲＣ,住宅,,,,,第２種中高層住居専用地域,60.0,200.0,2008年第４四半期,未改装,調停・競売等,7.146128035678238
22069025,中古マンション等,,22206,静岡県,三島市,東本町,三島,20,２ＬＤＫ,65,,,,平成8年,ＲＣ,住宅,,,,,第１種住居地域,60.0,200.0,2010年第１四半期,,,7.230448921378274
22080418,中古マンション等,,22131,静岡県,浜松市中区,中央,浜松,8,４ＬＤＫ,80,,,,平成12年,ＲＣ,住宅,,,,,商業地域,80.0,400.0,2013年第１四半期,未改装,,7.3979400086720375
22072485,中古マンション等,,22131,静岡県,浜松市中区,茄子町,助信,13,,60,,,,平成12年,ＲＣ,住宅,,,,,第１種住居地域,60.0,200.0,2012年第３四半期,未改装,,7.079181246047625
22054016,中古マンション等,,22131,静岡県,浜松市中区,葵東,浜松,1H30?2H,３ＬＤＫ,80,,,,平成15年,ＲＣ,住宅,住宅,,,,近隣商業地域,80.0,300.0,2014年第３四半期,未改装,,7.278753600952829
22118923,中古マンション等,,22101,静岡県,静岡市葵区,東千代田,東静岡,28,３ＬＤＫ,75,,,,平成3年,ＳＲＣ,住宅,,,,,第２種中高層住居専用地域,60.0,200.0,2006年第４四半期,改装済,,7.204119982655925
22012120,中古マンション等,,22132,静岡県,浜松市東区,植松町,浜松,30分?60分,１ＬＤＫ,40,,,,昭和49年,ＳＲＣ,住宅,住宅,,,,第１種住居地域,60.0,200.0,2017年第３四半期,改装済,,6.230448921378274
22007773,中古マンション等,,22103,静岡県,静岡市清水区,港町,清水(静岡),25,,70,,,,平成8年,,住宅,住宅,,,,工業地域,60.0,200.0,2019年第２四半期,,,6.903089986991944
22076426,中古マンション等,,22103,静岡県,静岡市清水区,宝町,清水(静岡),10,３ＬＤＫ,60,,,,平成13年,ＲＣ,住宅,,,,,商業地域,80.0,400.0,2013年第２四半期,改装済,,7.041392685158225
22122618,中古マンション等,,22131,静岡県,浜松市中区,寺島町,浜松,11,１Ｋ,20,,,,昭和64年,ＲＣ,住宅,,,,,近隣商業地域,80.0,300.0,2007年第３四半期,未改装,,6.3979400086720375
22055990,中古マンション等,,22101,静岡県,静岡市葵区,鷹匠,静岡,10,２ＬＤＫ,70,,,,平成16年,ＲＣ,住宅,住宅,,,,商業地域,80.0,400.0,2015年第２四半期,未改装,,7.414973347970818
22013712,中古マンション等,,22133,静岡県,浜松市西区,入野町,浜松,30分?60分,３ＬＤＫ,80,,,,平成3年,,住宅,,,,,第１種住居地域,60.0,200.0,2019年第４四半期,,,7.146128035678238
22085685,中古マンション等,,22203,静岡県,沼津市,杉崎町,沼津,14,３ＬＤＫ,60,,,,昭和57年,ＲＣ,住宅,,,,,第２種住居地域,60.0,200.0,2012年第３四半期,未改装,,6.838849090737256
22085591,中古マンション等,,22203,静岡県,沼津市,新宿町,沼津,6,３ＬＤＫ,65,,,,平成10年,ＳＲＣ,住宅,,,,,商業地域,80.0,400.0,2012年第１四半期,未改装,,7.146128035678238
22130342,中古マンション等,,22212,静岡県,焼津市,本町,焼津,7,３ＬＤＫ,75,,,,平成19年,ＲＣ,住宅,,,,,商業地域,80.0,400.0,2007年第２四半期,未改装,,7.431363764158987
22129153,中古マンション等,,22210,静岡県,富士市,宮島,富士,24,２ＬＤＫ,65,,,,平成19年,ＲＣ,住宅,,,,,第１種住居地域,60.0,200.0,2007年第４四半期,,,7.380211241711606
22008799,中古マンション等,,22131,静岡県,浜松市中区,上島,浜松,1H?1H30,３ＬＤＫ,65,,,,平成10年,ＲＣ,住宅,住宅,,,,第１種住居地域,60.0,200.0,2017年第１四半期,改装済,,7.146128035678238
22080355,中古マンション等,,22135,静岡県,浜松市北区,三ヶ日町都筑,都筑,19,１ＬＤＫ,50,,,,平成2年,ＳＲＣ,住宅,,,,,市街化調整区域,60.0,200.0,2012年第２四半期,未改装,,6.653212513775344
22003263,中古マンション等,,22102,静岡県,静岡市駿河区,池田,東静岡,6,３ＬＤＫ,80,,,,平成17年,ＲＣ,住宅,住宅,,,,工業地域,60.0,200.0,2020年第１四半期,未改装,,7.4623979978989565
22105654,中古マンション等,,22206,静岡県,三島市,北沢,大場,15,３ＬＤＫ,70,,,,昭和61年,ＲＣ,住宅,,,,,市街化調整区域,,,2009年第２四半期,改装済,,7.0
22000324,中古マンション等,,22101,静岡県,静岡市葵区,追手町,静岡,14,,55,,,,昭和54年,,住宅,事務所,,,,商業地域,80.0,600.0,2019年第２四半期,未改装,,6.954242509439325
22010220,中古マンション等,,22131,静岡県,浜松市中区,中央,浜松,9,３ＬＤＫ,80,,,,平成12年,ＲＣ,住宅,,,,,商業地域,80.0,400.0,2016年第２四半期,未改装,,7.380211241711606
22052774,中古マンション等,,22103,静岡県,静岡市清水区,神田町,桜橋(静岡),15,３ＬＤＫ,75,,,,平成17年,ＲＣ,住宅,住宅,,,,第２種中高層住居専用地域,60.0,200.0,2014年第３四半期,未改装,,7.230448921378274
22058421,中古マンション等,,22102,静岡県,静岡市駿河区,曲金,静岡,24,,80,,,,昭和39年,ＳＲＣ,住宅,住宅,,,,工業地域,60.0,200.0,2015年第３四半期,,,6.0
22005486,中古マンション等,,22102,静岡県,静岡市駿河区,南町,静岡,2,３ＬＤＫ,75,,,,,ＲＣ,住宅,住宅,,,,商業地域,80.0,500.0,2016年第２四半期,未改装,,7.7558748556724915
22124704,中古マンション等,,22135,静岡県,浜松市北区,三ヶ日町都筑,東都筑,21,２ＬＤＫ,95,,,,平成2年,ＳＲＣ,住宅,,,,,市街化調整区域,60.0,200.0,2008年第１四半期,改装済,,6.968482948553935
22101201,中古マンション等,,22211,静岡県,磐田市,上本郷,豊田町,4,３ＬＤＫ,70,,,,平成9年,ＳＲＣ,住宅,,,,,近隣商業地域,80.0,200.0,2012年第４四半期,未改装,,7.230448921378274
22008250,中古マンション等,,22131,静岡県,浜松市中区,相生町,浜松,21,３ＬＤＫ,70,,,,平成11年,,,住宅,,,,商業地域,80.0,400.0,2019年第１四半期,,,7.113943352306837
22072359,中古マンション等,,22102,静岡県,静岡市駿河区,小鹿,東静岡,10,３ＬＤＫ,65,,,,平成13年,ＲＣ,住宅,,,,,近隣商業地域,80.0,200.0,2013年第１四半期,未改装,,7.278753600952829
22120177,中古マンション等,,22102,静岡県,静岡市駿河区,西中原,静岡,30分?60分,３ＬＤＫ,70,,,,平成3年,ＲＣ,住宅,,,,,工業地域,60.0,200.0,2006年第２四半期,改装済,,7.041392685158225
22079554,中古マンション等,,22210,静岡県,富士市,吉原,富士,30分?60分,４ＬＤＫ,70,,,,平成5年,ＳＲＣ,住宅,,,,,商業地域,80.0,400.0,2010年第１四半期,未改装,調停・競売等,6.968482948553935
22124643,中古マンション等,,22135,静岡県,浜松市北区,三ヶ日町大崎,都筑,30分?60分,２ＬＤＫ,65,,,,平成2年,ＳＲＣ,住宅,,,,,市街化調整区域,60.0,200.0,2007年第２四半期,未改装,,6.8750612633917
22056316,中古マンション等,,22131,静岡県,浜松市中区,小豆餅,浜松,1H?1H30,３ＬＤＫ,65,,,,平成4年,ＲＣ,住宅,,,,,第１種住居地域,60.0,200.0,2010年第２四半期,未改装,,6.939519252618618
22008391,中古マンション等,,22131,静岡県,浜松市中区,葵東,浜松,1H30?2H,３ＬＤＫ,65,,,,平成11年,ＲＣ,住宅,住宅,,,,近隣商業地域,80.0,300.0,2016年第４四半期,未改装,,7.079181246047625
22058520,中古マンション等,,22133,静岡県,浜松市西区,西山町,浜松,1H30?2H,,60,,,,平成7年,ＳＲＣ,住宅,,,,,市街化調整区域,60.0,200.0,2014年第３四半期,,,6.929418925714293
22005081,中古マンション等,,22102,静岡県,静岡市駿河区,曲金,東静岡,5,２ＬＤＫ,65,,,,平成27年,ＲＣ,住宅,住宅,,,,商業地域,80.0,500.0,2018年第４四半期,未改装,,7.505149978319906
22074343,中古マンション等,,22203,静岡県,沼津市,蛇松町,沼津,25,３ＬＤＫ,80,,,,,ＲＣ,住宅,住宅,,,,準工業地域,60.0,200.0,2015年第４四半期,改装済,,6.929418925714293
22075276,中古マンション等,,22210,静岡県,富士市,富士町,富士,4,３ＬＤＫ,65,,,,平成18年,ＲＣ,住宅,住宅,,,,商業地域,80.0,400.0,2014年第３四半期,未改装,,7.2552725051033065
22070996,中古マンション等,,22203,静岡県,沼津市,桃里,原(静岡),30分?60分,３ＬＤＫ,75,,,,,ＲＣ,住宅,,,,,市街化調整区域,,,2011年第３四半期,未改装,,6.991226075692495
22060418,中古マンション等,,22103,静岡県,静岡市清水区,半左衛門新田,草薙(ＪＲ),25,４ＤＫ,70,,,,昭和56年,ＳＲＣ,住宅,住宅,,,,準住居地域,60.0,200.0,2015年第３四半期,未改装,,7.0
22050954,中古マンション等,,22101,静岡県,静岡市葵区,新伝馬,静岡,30分?60分,３ＬＤＫ,65,,,,昭和62年,ＲＣ,住宅,住宅,,,,準工業地域,60.0,200.0,2014年第３四半期,未改装,,6.845098040014257
22013774,中古マンション等,,22133,静岡県,浜松市西区,入野町,浜松,30分?60分,１ＬＤＫ,65,,,,平成3年,ＳＲＣ,,住宅,,,,第１種住居地域,60.0,200.0,2017年第４四半期,未改装,,7.0
22054955,中古マンション等,,22102,静岡県,静岡市駿河区,石部,用宗,18,１ＬＤＫ,40,,,,平成6年,ＲＣ,住宅,,,,,第１種住居地域,60.0,200.0,2011年第１四半期,改装済,,6.924279286061882
22020082,中古マンション等,,22203,静岡県,沼津市,泉町,沼津,16,３ＬＤＫ,65,,,,昭和64年,ＲＣ,住宅,住宅,,,,第２種中高層住居専用地域,60.0,200.0,2016年第３四半期,改装済,,6.929418925714293
22062421,中古マンション等,,22131,静岡県,浜松市中区,住吉,浜松,30分?60分,４ＬＤＫ,85,,,,平成10年,ＳＲＣ,住宅,住宅,,,,第１種住居地域,60.0,200.0,2015年第２四半期,改装済,,7.278753600952829
22060910,中古マンション等,,22135,静岡県,浜松市北区,三ヶ日町都筑,東都筑,23,１Ｋ,25,,,,昭和49年,ＳＲＣ,住宅,住宅,,,,市街化調整区域,60.0,200.0,2014年第４四半期,未改装,,5.8750612633917
22034014,中古マンション等,,22211,静岡県,磐田市,一言,磐田,30分?60分,３ＬＤＫ,75,,,,平成5年,ＳＲＣ,住宅,住宅,,,,市街化調整区域,60.0,200.0,2019年第４四半期,改装済,,6.863322860120456
22130068,中古マンション等,,22212,静岡県,焼津市,栄町,焼津,4,３ＬＤＫ,70,,,,平成9年,ＲＣ,住宅,,,,,準工業地域,60.0,200.0,2007年第４四半期,未改装,,7.230448921378274
22066560,中古マンション等,,22203,静岡県,沼津市,新沢田町,沼津,30分?60分,３ＬＤＫ,75,,,,平成19年,ＲＣ,住宅,,,,,第１種住居地域,60.0,200.0,2010年第２四半期,未改装,,7.278753600952829
22005738,中古マンション等,,22102,静岡県,静岡市駿河区,八幡,静岡,11,,65,,,,,ＲＣ,住宅,住宅,,,,近隣商業地域,80.0,300.0,2017年第２四半期,未改装,,7.361727836017593
22009610,中古マンション等,,22131,静岡県,浜松市中区,助信町,浜松,30分?60分,２ＬＤＫ,70,,,,平成11年,,,住宅,,,,第１種住居地域,60.0,200.0,2017年第４四半期,未改装,,7.230448921378274
22070895,中古マンション等,,22136,静岡県,浜松市浜北区,貴布祢,浜北,4,１Ｋ,15,,,,平成3年,ＲＣ,住宅,その他,,,,商業地域,80.0,400.0,2015年第２四半期,未改装,,6.146128035678238
22124634,中古マンション等,,22135,静岡県,浜松市北区,三ヶ日町大崎,都筑,28,２ＬＤＫ,60,,,,昭和61年,ＲＣ,住宅,,,,,市街化調整区域,60.0,200.0,2008年第２四半期,改装済,,6.954242509439325
22021143,中古マンション等,,22203,静岡県,沼津市,白銀町,沼津,9,２ＬＤＫ,80,,,,平成18年,ＳＲＣ,住宅,住宅,,,,商業地域,80.0,400.0,2016年第３四半期,改装済,,7.380211241711606
22077787,中古マンション等,,22211,静岡県,磐田市,立野,豊田町,6,３ＬＤＫ,70,,,,,ＳＲＣ,住宅,住宅,,,,近隣商業地域,80.0,200.0,2014年第３四半期,未改装,,7.230448921378274
22086860,中古マンション等,,22203,静岡県,沼津市,桃里,原(静岡),30分?60分,３ＬＤＫ,60,,,,平成6年,ＲＣ,住宅,,,,,市街化調整区域,,,2012年第１四半期,,,6.977723605288848
22009196,中古マンション等,,22131,静岡県,浜松市中区,幸,浜松,30分?60分,３ＬＤＫ,75,,,,平成6年,ＲＣ,住宅,住宅,,,,第１種中高層住居専用地域,60.0,200.0,2016年第４四半期,改装済,,7.079181246047625
22008260,中古マンション等,,22131,静岡県,浜松市中区,相生町,浜松,21,３ＬＤＫ,70,,,,平成11年,ＳＲＣ,住宅,住宅,,,,商業地域,80.0,400.0,2016年第３四半期,未改装,,7.146128035678238
22014534,中古マンション等,,22133,静岡県,浜松市西区,西山町,浜松,1H30?2H,３ＬＤＫ,60,,,,,,住宅,住宅,,,,市街化調整区域,60.0,200.0,2020年第３四半期,改装済,,7.0
22059589,中古マンション等,,22131,静岡県,浜松市中区,高丘北,浜松,1H30?2H,３ＬＤＫ,65,,,,平成18年,ＲＣ,住宅,,,,,近隣商業地域,80.0,200.0,2011年第２四半期,未改装,,7.204119982655925
22073441,中古マンション等,,22203,静岡県,沼津市,大岡,沼津,30分?60分,３ＬＤＫ,85,,,,,ＲＣ,住宅,住宅,,,,第２種中高層住居専用地域,60.0,200.0,2015年第４四半期,未改装,,7.278753600952829
22058894,中古マンション等,,22131,静岡県,浜松市中区,北寺島町,浜松,11,１Ｋ,20,,,,平成2年,ＳＲＣ,住宅,,,,,商業地域,80.0,500.0,2011年第２四半期,改装済,,6.477121254719663
22005084,中古マンション等,,22102,静岡県,静岡市駿河区,曲金,東静岡,3,２ＬＤＫ,70,,,,平成22年,ＲＣ,,住宅,,,,商業地域,80.0,500.0,2018年第３四半期,未改装,,7.477121254719663
22080540,中古マンション等,,22131,静岡県,浜松市中区,寺島町,浜松,11,１ＬＤＫ,55,,,,平成3年,ＳＲＣ,住宅,,,,,近隣商業地域,80.0,300.0,2013年第１四半期,改装済,,6.740362689494244
22021462,中古マンション等,,22203,静岡県,沼津市,西浦平沢,沼津,2H?,３ＬＤＫ,95,,,,,ＲＣ,,住宅,,,,市街化調整区域,60.0,200.0,2018年第３四半期,改装済,,6.991226075692495
22023775,中古マンション等,,22206,静岡県,三島市,本町,三島広小路,4,２ＬＤＫ,55,,,,平成13年,,,住宅,,,,商業地域,80.0,400.0,2018年第２四半期,未改装,,6.8750612633917
22000820,中古マンション等,,22101,静岡県,静岡市葵区,川辺町,静岡,14,１Ｋ,15,,,,昭和60年,ＲＣ,住宅,住宅,,,,商業地域,80.0,400.0,2016年第３四半期,改装済,,6.431363764158987
22010029,中古マンション等,,22131,静岡県,浜松市中区,高丘東,浜松,1H30?2H,２ＬＤＫ,70,,,,平成5年,ＳＲＣ,,住宅,,,,工業地域,60.0,200.0,2019年第４四半期,未改装,,6.778151250383644
22006750,中古マンション等,,22103,静岡県,静岡市清水区,楠新田,草薙(ＪＲ),9,２ＬＤＫ,65,,,,平成12年,ＲＣ,,住宅,,,,準工業地域,60.0,200.0,2019年第１四半期,未改装,,7.230448921378274
22002564,中古マンション等,,22101,静岡県,静岡市葵区,東瀬名町,静岡,1H?1H30,４ＬＤＫ,85,,,,平成13年,ＲＣ,住宅,住宅,,,,第２種住居地域,60.0,200.0,2017年第３四半期,改装済,,7.361727836017593
22051049,中古マンション等,,22101,静岡県,静岡市葵区,千代,静岡,30分?60分,３ＬＤＫ,70,,,,平成3年,ＲＣ,住宅,住宅,,,,第２種中高層住居専用地域,60.0,200.0,2014年第３四半期,未改装,,6.079181246047625
22091754,中古マンション等,,22131,静岡県,浜松市中区,茄子町,浜松,30分?60分,３ＬＤＫ,70,,,,平成12年,ＲＣ,住宅,,,,,第１種住居地域,60.0,200.0,2009年第４四半期,未改装,調停・競売等,7.0
22050811,中古マンション等,,22101,静岡県,静岡市葵区,上足洗,静岡,30分?60分,２ＬＤＫ,75,,,,平成11年,ＲＣ,住宅,,,,,第１種中高層住居専用地域,60.0,200.0,2014年第１四半期,改装済,,7.230448921378274
22054785,中古マンション等,,22103,静岡県,静岡市清水区,草薙,草薙(ＪＲ),6,３ＬＤＫ,70,,,,平成11年,ＲＣ,住宅,,,,,第１種中高層住居専用地域,60.0,200.0,2010年第２四半期,未改装,,7.414973347970818
22056423,中古マンション等,,22131,静岡県,浜松市中区,海老塚,浜松,13,３ＬＤＫ,65,,,,平成7年,ＲＣ,住宅,,,,,第１種住居地域,60.0,200.0,2010年第４四半期,改装済,,7.041392685158225
22070291,中古マンション等,,22101,静岡県,静岡市葵区,常磐町,静岡,14,３ＬＤＫ,75,,,,平成12年,ＲＣ,住宅,,,,,商業地域,80.0,400.0,2013年第３四半期,未改装,,7.361727836017593
22051676,中古マンション等,,22102,静岡県,静岡市駿河区,さつき町,静岡,12,３ＬＤＫ,75,,,,昭和57年,ＲＣ,住宅,住宅,,,,準工業地域,60.0,200.0,2014年第４四半期,,,6.991226075692495
22084027,中古マンション等,,22132,静岡県,浜松市東区,天王町,浜松,1H?1H30,３ＬＤＫ,70,,,,,ＳＲＣ,住宅,,,,,第１種住居地域,60.0,200.0,2013年第１四半期,未改装,,6.963787827345556
22118401,中古マンション等,,22101,静岡県,静岡市葵区,新通,静岡,25,３ＬＤＫ,65,,,,平成11年,ＲＣ,住宅,,,,,近隣商業地域,80.0,300.0,2007年第２四半期,未改装,,7.342422680822207
22126511,中古マンション等,,22206,静岡県,三島市,本町,三島広小路,3,３ＬＤＫ,85,,,,平成17年,ＲＣ,住宅,,,,,商業地域,80.0,400.0,2008年第３四半期,未改装,,7.518513939877887
22088725,中古マンション等,,22206,静岡県,三島市,萩,三島,30分?60分,３ＬＤＫ,65,,,,平成6年,ＲＣ,住宅,,,,,第１種中高層住居専用地域,60.0,200.0,2012年第４四半期,未改装,,7.113943352306837
22086135,中古マンション等,,22214,静岡県,藤枝市,藤枝,藤枝,30分?60分,３ＬＤＫ,65,,,,平成7年,ＲＣ,住宅,住宅,,,,商業地域,80.0,400.0,2014年第４四半期,改装済,,7.079181246047625
22088517,中古マンション等,,22210,静岡県,富士市,吉原,吉原,30分?60分,３ＬＤＫ,70,,,,平成17年,ＳＲＣ,住宅,,,,,商業地域,80.0,400.0,2015年第１四半期,改装済,,7.2552725051033065
22070509,中古マンション等,,22131,静岡県,浜松市中区,北寺島町,浜松,13,１Ｋ,25,,,,平成2年,ＳＲＣ,住宅,,,,,商業地域,80.0,500.0,2012年第４四半期,未改装,,6.57978359661681
22066603,中古マンション等,,22203,静岡県,沼津市,杉崎町,沼津,16,３ＬＤＫ,70,,,,平成8年,ＲＣ,住宅,,,,,第２種住居地域,60.0,200.0,2010年第４四半期,改装済,,7.079181246047625
22100360,中古マンション等,,22207,静岡県,富士宮市,東町,富士宮,2,４ＬＤＫ,95,,,,,ＳＲＣ,住宅,,,,,近隣商業地域,80.0,200.0,2013年第３四半期,改装済,,7.301029995663981
22062410,中古マンション等,,22135,静岡県,浜松市北区,初生町,浜松,1H30?2H,１Ｋ,20,,,,昭和59年,ＲＣ,住宅,,,,,第１種住居地域,60.0,200.0,2010年第１四半期,未改装,,6.230448921378274
22123881,中古マンション等,,22133,静岡県,浜松市西区,舞阪町弁天島,弁天島,1,２ＬＤＫ,45,,,,昭和53年,ＳＲＣ,住宅,,,,,商業地域,80.0,400.0,2008年第１四半期,未改装,,6.3979400086720375
22071076,中古マンション等,,22136,静岡県,浜松市浜北区,小松,遠州小松,3,３ＬＤＫ,75,,,,平成11年,ＲＣ,住宅,住宅,,,,第１種住居地域,60.0,200.0,2015年第４四半期,改装済,,7.146128035678238
22117822,中古マンション等,,22101,静岡県,静岡市葵区,一番町,静岡,,３ＬＤＫ,70,,,,平成6年,ＲＣ,住宅,,,,,近隣商業地域,80.0,300.0,2007年第１四半期,改装済,,7.230448921378274
22106454,中古マンション等,,22210,静岡県,富士市,平垣町,富士,8,３ＬＤＫ,90,,,,平成20年,ＲＣ,住宅,,,,,近隣商業地域,80.0,200.0,2013年第４四半期,未改装,,7.447158031342219
22011206,中古マンション等,,22131,静岡県,浜松市中区,曳馬町,浜松,30分?60分,３ＬＤＫ,70,,,,平成17年,ＲＣ,住宅,住宅,,,,第１種住居地域,60.0,200.0,2017年第１四半期,改装済,,7.301029995663981
22015519,中古マンション等,,22134,静岡県,浜松市南区,西伝寺町,浜松,30分?60分,３ＬＤＫ,70,,,,平成2年,ＳＲＣ,住宅,住宅,,,,第１種住居地域,60.0,200.0,2020年第２四半期,未改装,,6.838849090737256
22053053,中古マンション等,,22101,静岡県,静岡市葵区,駒形通,静岡,13,２ＬＤＫ,80,,,,,ＳＲＣ,住宅,,,,,商業地域,80.0,400.0,2011年第３四半期,,,7.431363764158987
22058437,中古マンション等,,22131,静岡県,浜松市中区,元浜町,浜松,16,３ＬＤＫ,85,,,,平成20年,ＲＣ,住宅,,,,,商業地域,80.0,500.0,2010年第３四半期,未改装,,7.3979400086720375
22004116,中古マンション等,,22102,静岡県,静岡市駿河区,下島,静岡,30分?60分,３ＤＫ,60,,,,昭和51年,ＲＣ,住宅,その他,,,,第２種中高層住居専用地域,60.0,200.0,2017年第２四半期,未改装,,6.57978359661681
22078385,中古マンション等,,22131,静岡県,浜松市中区,海老塚,浜松,11,１Ｒ,15,,,,,ＳＲＣ,住宅,,,,,商業地域,80.0,500.0,2013年第４四半期,未改装,,6.278753600952829
22085535,中古マンション等,,22203,静岡県,沼津市,下河原町,沼津,20,３ＬＤＫ,55,,,,昭和63年,ＲＣ,住宅,,,,,近隣商業地域,80.0,200.0,2012年第３四半期,未改装,,6.6020599913279625
22011513,中古マンション等,,22131,静岡県,浜松市中区,龍禅寺町,浜松,18,３ＬＤＫ,70,,,,平成9年,ＲＣ,住宅,,,,,第２種住居地域,60.0,200.0,2016年第３四半期,,,6.954242509439325
22017686,中古マンション等,,22135,静岡県,浜松市北区,三ヶ日町都筑,都筑,23,１ＬＤＫ,50,,,,平成2年,,,住宅,,,,市街化調整区域,60.0,200.0,2018年第１四半期,未改装,,6.6020599913279625
22054765,中古マンション等,,22131,静岡県,浜松市中区,新津町,浜松,29,３ＬＤＫ,75,,,,昭和59年,ＳＲＣ,住宅,,,,,近隣商業地域,80.0,200.0,2014年第１四半期,未改装,,7.041392685158225
22068681,中古マンション等,,22206,静岡県,三島市,中央町,三島,14,２ＬＤＫ,80,,,,平成15年,ＲＣ,住宅,,,,,近隣商業地域,80.0,200.0,2010年第３四半期,,,7.447158031342219
22006745,中古マンション等,,22103,静岡県,静岡市清水区,楠新田,草薙(ＪＲ),6,３ＬＤＫ,65,,,,平成8年,ＳＲＣ,,住宅,,,,準工業地域,60.0,200.0,2019年第２四半期,未改装,,7.204119982655925
22098112,中古マンション等,,22210,静岡県,富士市,中央町,富士,30分?60分,２ＬＤＫ,45,,,,昭和49年,ＳＲＣ,住宅,,,,,近隣商業地域,80.0,300.0,2012年第３四半期,未改装,,6.556302500767287
22085152,中古マンション等,,22133,静岡県,浜松市西区,入野町,浜松,1H?1H30,３ＬＤＫ,80,,,,平成21年,ＲＣ,住宅,,,,,第１種中高層住居専用地域,60.0,200.0,2013年第２四半期,改装済,,7.380211241711606
22011097,中古マンション等,,22131,静岡県,浜松市中区,東伊場,浜松,24,３ＬＤＫ,95,,,,平成25年,ＲＣ,住宅,住宅,,,,第２種住居地域,60.0,200.0,2017年第３四半期,改装済,,7.505149978319906
22004394,中古マンション等,,22102,静岡県,静岡市駿河区,豊田,静岡,30分?60分,３ＬＤＫ,100,,,,平成20年,ＲＣ,住宅,住宅,,,,第１種住居地域,60.0,200.0,2017年第２四半期,未改装,,7.556302500767287
22033859,中古マンション等,,22211,静岡県,磐田市,中泉,磐田,11,３ＬＤＫ,70,,,,平成26年,ＲＣ,住宅,住宅,,,,準工業地域,60.0,200.0,2016年第２四半期,未改装,,7.361727836017593
22061201,中古マンション等,,22132,静岡県,浜松市東区,植松町,浜松,30分?60分,１Ｋ,25,,,,昭和49年,ＳＲＣ,住宅,,,,,第１種住居地域,60.0,200.0,2011年第４四半期,未改装,,5.954242509439325
22003099,中古マンション等,,22101,静岡県,静岡市葵区,横内町,静岡,16,３ＬＤＫ,85,,,,平成17年,ＲＣ,,住宅,,,,近隣商業地域,80.0,300.0,2020年第２四半期,未改装,,7.556302500767287
22076862,中古マンション等,,22133,静岡県,浜松市西区,舞阪町弁天島,浜松,2H?,２ＬＤＫ,55,,,,昭和51年,ＳＲＣ,住宅,,,,,商業地域,80.0,400.0,2012年第１四半期,改装済,,6.698970004336019
22009748,中古マンション等,,22131,静岡県,浜松市中区,早出町,浜松,30分?60分,３ＬＤＫ,65,,,,平成25年,,,住宅,,,,第１種住居地域,60.0,200.0,2020年第１四半期,未改装,,7.204119982655925
22076278,中古マンション等,,22103,静岡県,静岡市清水区,庄福町,清水(静岡),30分?60分,３ＬＤＫ,55,,,,昭和49年,ＲＣ,住宅,,,,,第１種中高層住居専用地域,60.0,200.0,2013年第１四半期,未改装,,6.301029995663981
22003287,中古マンション等,,22102,静岡県,静岡市駿河区,池田,東静岡,30分?60分,３ＬＤＫ,70,,,,,ＲＣ,,住宅,,,,第１種中高層住居専用地域,60.0,150.0,2018年第４四半期,改装済,,6.832508912706237
22059303,中古マンション等,,22132,静岡県,浜松市東区,篠ケ瀬町,浜松,1H?1H30,４ＬＤＫ,85,,,,平成10年,ＳＲＣ,住宅,,,,,近隣商業地域,80.0,300.0,2010年第３四半期,未改装,,7.2552725051033065
22023783,中古マンション等,,22206,静岡県,三島市,本町,三島広小路,3,３ＬＤＫ,120,,,,平成17年,ＲＣ,住宅,住宅,,,,商業地域,80.0,400.0,2016年第２四半期,改装済,,7.653212513775344
22086029,中古マンション等,,22203,静岡県,沼津市,西沢田,沼津,30分?60分,,60,,,,昭和64年,ＲＣ,住宅,,,,,工業地域,60.0,200.0,2012年第２四半期,未改装,,6.8750612633917
22000809,中古マンション等,,22101,静岡県,静岡市葵区,川辺町,静岡,13,１Ｒ,25,,,,平成2年,ＳＲＣ,住宅,住宅,,,,商業地域,80.0,400.0,2019年第２四半期,未改装,,6.6020599913279625
22057026,中古マンション等,,22131,静岡県,浜松市中区,佐鳴台,浜松,30分?60分,３ＬＤＫ,75,,,,平成9年,ＲＣ,住宅,,,,,第１種中高層住居専用地域,60.0,200.0,2010年第１四半期,改装済,,7.204119982655925
22054000,中古マンション等,,22101,静岡県,静岡市葵区,本通,静岡,18,１ＬＤＫ＋Ｓ,60,,,,平成16年,ＲＣ,住宅,,,,,商業地域,80.0,400.0,2011年第４四半期,未改装,,7.301029995663981
22093967,中古マンション等,,22203,静岡県,沼津市,岡一色,大岡(静岡),13,３ＬＤＫ,75,,,,平成3年,ＳＲＣ,住宅,,,,,第１種住居地域,60.0,200.0,2013年第３四半期,未改装,,6.869231719730976
22015964,中古マンション等,,22134,静岡県,浜松市南区,東若林町,浜松,30分?60分,３ＬＤＫ,65,,,,平成20年,,住宅,住宅,,,,第２種住居地域,60.0,200.0,2020年第２四半期,改装済,,7.113943352306837
22007743,中古マンション等,,22103,静岡県,静岡市清水区,万世町,新清水,5,３ＬＤＫ,100,,,,平成17年,ＲＣ,,住宅,,,,商業地域,80.0,400.0,2019年第１四半期,未改装,,7.342422680822207
22068832,中古マンション等,,22101,静岡県,静岡市葵区,北安東,静岡,30分?60分,２ＬＤＫ＋Ｓ,65,,,,,ＲＣ,住宅,,,,,第２種中高層住居専用地域,60.0,200.0,2013年第３四半期,改装済,,7.176091259055681
22098511,中古マンション等,,22206,静岡県,三島市,南町,三島,23,２ＬＤＫ,60,,,,,ＲＣ,住宅,,,,,第２種住居地域,60.0,200.0,2013年第３四半期,改装済,,7.230448921378274
22053781,中古マンション等,,22103,静岡県,静岡市清水区,村松,清水(静岡),30分?60分,３ＬＤＫ,65,,,,昭和55年,ＲＣ,住宅,住宅,,,,第２種住居地域,60.0,200.0,2014年第４四半期,未改装,,6.544068044350276
22124638,中古マンション等,,22135,静岡県,浜松市北区,三ヶ日町大崎,都筑,30分?60分,３ＬＤＫ,120,,,,平成2年,ＳＲＣ,住宅,,,,,市街化調整区域,60.0,200.0,2007年第４四半期,未改装,,7.113943352306837
22066096,中古マンション等,,22102,静岡県,静岡市駿河区,馬渕,静岡,12,４ＬＤＫ,85,,,,平成14年,ＲＣ,住宅,,,,,近隣商業地域,80.0,200.0,2012年第１四半期,未改装,,7.361727836017593
22002701,中古マンション等,,22101,静岡県,静岡市葵区,古庄,静岡,30分?60分,２ＬＤＫ,60,,,,昭和54年,ＲＣ,住宅,住宅,,,,第１種住居地域,60.0,200.0,2016年第１四半期,改装済,,6.857332496431268
22032194,中古マンション等,,22210,静岡県,富士市,吉原,富士,30分?60分,３ＬＤＫ,70,,,,平成17年,ＳＲＣ,住宅,住宅,,,,商業地域,80.0,400.0,2016年第１四半期,未改装,,7.301029995663981
22035465,中古マンション等,,22212,静岡県,焼津市,栄町,焼津,3,３ＬＤＫ,65,,,,平成9年,ＲＣ,住宅,住宅,,,,準工業地域,60.0,200.0,2016年第１四半期,未改装,,6.986771734266245
22029788,中古マンション等,,22210,静岡県,富士市,瓜島町,富士,30分?60分,３ＬＤＫ,70,,,,平成9年,ＲＣ,住宅,住宅,,,,第２種住居地域,60.0,200.0,2018年第１四半期,改装済,,7.380211241711606
22053308,中古マンション等,,22102,静岡県,静岡市駿河区,津島町,静岡,26,１ＬＤＫ,55,,,,平成18年,ＲＣ,住宅,,,,,準工業地域,60.0,200.0,2010年第３四半期,未改装,,7.204119982655925
22079332,中古マンション等,,22101,静岡県,静岡市葵区,神明町,静岡,25,１Ｋ,15,,,,昭和60年,ＲＣ,住宅,,,,,準工業地域,60.0,200.0,2009年第２四半期,未改装,,6.301029995663981
22089020,中古マンション等,,22206,静岡県,三島市,本町,三島,10,２ＬＤＫ,95,,,,平成17年,ＲＣ,住宅,,,,,商業地域,80.0,400.0,2012年第２四半期,未改装,,7.544068044350276
22005704,中古マンション等,,22102,静岡県,静岡市駿河区,八幡,静岡,18,３ＬＤＫ,70,,,,平成9年,ＲＣ,,住宅,,,,第２種住居地域,60.0,200.0,2020年第２四半期,未改装,,7.278753600952829
22000001,中古マンション等,,22101,静岡県,静岡市葵区,相生町,静岡,13,３ＬＤＫ,65,,,,昭和61年,ＳＲＣ,,住宅,,,,商業地域,80.0,400.0,2020年第３四半期,未改装,,7.204119982655925
22011734,中古マンション等,,22131,静岡県,浜松市中区,和合町,浜松,1H?1H30,３ＬＤＫ,65,,,,平成7年,ＲＣ,住宅,住宅,,,,第１種住居地域,60.0,200.0,2016年第２四半期,未改装,,6.929418925714293
22085770,中古マンション等,,22103,静岡県,静岡市清水区,興津本町,興津,1,４ＬＤＫ,70,,,,平成7年,ＲＣ,住宅,,,,,近隣商業地域,80.0,200.0,2009年第４四半期,未改装,,7.230448921378274
22017754,中古マンション等,,22135,静岡県,浜松市北区,三ヶ日町都筑,東都筑,21,１Ｋ,25,,,,昭和49年,ＳＲＣ,住宅,住宅,,,,市街化調整区域,60.0,200.0,2016年第１四半期,未改装,,5.880813592280791
22054144,中古マンション等,,22131,静岡県,浜松市中区,海老塚,浜松,9,２ＬＤＫ,60,,,,平成7年,ＳＲＣ,住宅,,,,,商業地域,80.0,500.0,2014年第３四半期,未改装,,7.0
22057773,中古マンション等,,22132,静岡県,浜松市東区,豊町,浜松,2H?,３ＬＤＫ,65,,,,平成6年,ＲＣ,住宅,住宅,,,,市街化調整区域,60.0,200.0,2014年第３四半期,未改装,,6.919078092376074
22017734,中古マンション等,,22135,静岡県,浜松市北区,三ヶ日町都筑,都筑,30分?60分,１ＬＤＫ,50,,,,平成2年,ＳＲＣ,住宅,住宅,,,,市街化調整区域,60.0,200.0,2016年第１四半期,未改装,,6.6020599913279625
22104585,中古マンション等,,22203,静岡県,沼津市,真砂町,沼津,18,３ＬＤＫ,70,,,,,ＲＣ,住宅,,,,,第２種住居地域,60.0,200.0,2009年第４四半期,未改装,調停・競売等,7.041392685158225
22009354,中古マンション等,,22131,静岡県,浜松市中区,佐鳴台,浜松,30分?60分,２ＤＫ,70,,,,平成7年,ＲＣ,住宅,住宅,,,,第１種中高層住居専用地域,60.0,200.0,2017年第２四半期,改装済,,7.079181246047625
22123337,中古マンション等,,22132,静岡県,浜松市東区,天王町,天竜川,30分?60分,３ＬＤＫ,60,,,,平成4年,ＳＲＣ,住宅,,,,,第１種住居地域,60.0,200.0,2008年第３四半期,未改装,,7.079181246047625
22058652,中古マンション等,,22131,静岡県,浜松市中区,和合町,浜松,30分?60分,３ＬＤＫ,65,,,,平成8年,ＲＣ,住宅,,,,,第１種中高層住居専用地域,60.0,200.0,2010年第１四半期,未改装,,7.146128035678238
22021809,中古マンション等,,22203,静岡県,沼津市,東椎路,沼津,30分?60分,２ＤＫ,50,,,,平成3年,ＲＣ,住宅,住宅,,,,第１種住居地域,60.0,200.0,2016年第４四半期,改装済,,6.977723605288848
22081512,中古マンション等,,22210,静岡県,富士市,伝法,吉原,1H?1H30,３ＬＤＫ,65,,,,平成5年,ＲＣ,住宅,,,,,,,,2011年第３四半期,改装済,,7.079181246047625
22122704,中古マンション等,,22131,静岡県,浜松市中区,中島,浜松,19,３ＬＤＫ,80,,,,平成2年,ＲＣ,住宅,,,,,第１種住居地域,60.0,200.0,2008年第３四半期,未改装,,7.113943352306837
22023035,中古マンション等,,22206,静岡県,三島市,加茂川町,三島,19,４ＬＤＫ,80,,,,平成8年,,,住宅,,,,第２種住居地域,60.0,200.0,2019年第４四半期,,,7.204119982655925
22117819,中古マンション等,,22101,静岡県,静岡市葵区,一番町,静岡,24,３ＬＤＫ,70,,,,平成6年,ＲＣ,住宅,,,,,近隣商業地域,80.0,300.0,2008年第３四半期,未改装,調停・競売等,7.146128035678238
22055728,中古マンション等,,22103,静岡県,静岡市清水区,港町,清水(静岡),25,３ＬＤＫ,85,,,,平成18年,ＲＣ,住宅,,,,,商業地域,80.0,400.0,2010年第３四半期,未改装,,7.3222192947339195
22021337,中古マンション等,,22203,静岡県,沼津市,高島町,沼津,2,３ＬＤＫ,85,,,,平成21年,ＲＣ,住宅,住宅,,,,商業地域,80.0,400.0,2017年第４四半期,未改装,,7.4623979978989565
22009569,中古マンション等,,22131,静岡県,浜松市中区,新津町,浜松,30分?60分,３ＬＤＫ,65,,,,平成7年,ＲＣ,住宅,住宅,,,,第１種住居地域,60.0,200.0,2016年第３四半期,未改装,,7.176091259055681
22065891,中古マンション等,,22206,静岡県,三島市,一番町,三島,3,３ＬＤＫ,100,,,,,ＳＲＣ,住宅,,,,,商業地域,80.0,400.0,2014年第１四半期,未改装,,7.301029995663981
22020606,中古マンション等,,22203,静岡県,沼津市,岡一色,大岡(静岡),8,６ＬＤＫ,135,,,,平成4年,ＳＲＣ,,住宅,,,,第１種住居地域,60.0,200.0,2018年第４四半期,未改装,,7.113943352306837
22122836,中古マンション等,,22131,静岡県,浜松市中区,曳馬,浜松,30分?60分,３ＬＤＫ,80,,,,平成16年,ＲＣ,住宅,,,,,第１種住居地域,60.0,200.0,2008年第３四半期,未改装,調停・競売等,7.278753600952829
22032199,中古マンション等,,22210,静岡県,富士市,吉原,吉原,30分?60分,３ＬＤＫ,65,,,,平成5年,ＳＲＣ,住宅,,,,,商業地域,80.0,400.0,2020年第３四半期,未改装,,7.0
22012721,中古マンション等,,22132,静岡県,浜松市東区,篠ケ瀬町,浜松,30分?60分,３ＬＤＫ,70,,,,平成10年,ＳＲＣ,住宅,,,,,近隣商業地域,80.0,300.0,2018年第４四半期,未改装,,6.977723605288848
22075812,中古マンション等,,22210,静岡県,富士市,水戸島本町,富士,5,１Ｋ,15,,,,平成4年,ＳＲＣ,住宅,その他,,,,近隣商業地域,80.0,300.0,2014年第２四半期,未改装,,6.278753600952829
22123496,中古マンション等,,22132,静岡県,浜松市東区,宮竹町,浜松,30分?60分,３ＬＤＫ,70,,,,昭和64年,ＲＣ,住宅,,,,,第１種住居地域,60.0,200.0,2007年第３四半期,未改装,,6.991226075692495
22086582,中古マンション等,,22203,静岡県,沼津市,平町,沼津,13,３ＬＤＫ,70,,,,平成9年,ＲＣ,住宅,,,,,近隣商業地域,80.0,300.0,2012年第２四半期,改装済,調停・競売等,7.113943352306837
22054618,中古マンション等,,22131,静岡県,浜松市中区,佐鳴台,浜松,30分?60分,２ＬＤＫ＋Ｓ,75,,,,平成9年,ＲＣ,住宅,住宅,,,,第１種中高層住居専用地域,60.0,200.0,2014年第３四半期,改装済,,7.113943352306837
22017677,中古マンション等,,22135,静岡県,浜松市北区,三ヶ日町都筑,都筑,26,２ＬＤＫ,45,,,,昭和49年,ＳＲＣ,,住宅,,,,市街化調整区域,60.0,200.0,2018年第３四半期,未改装,,5.477121254719663
22067357,中古マンション等,,22136,静岡県,浜松市浜北区,沼,浜北,8,３ＬＤＫ,80,,,,平成19年,ＲＣ,住宅,,,,,第２種住居地域,60.0,200.0,2011年第３四半期,未改装,,7.380211241711606
22021742,中古マンション等,,22203,静岡県,沼津市,原町中,原(静岡),15,３ＬＤＫ,65,,,,平成12年,ＲＣ,住宅,住宅,,,,第２種住居地域,60.0,200.0,2017年第１四半期,未改装,,7.079181246047625
22006741,中古マンション等,,22103,静岡県,静岡市清水区,楠新田,草薙(ＪＲ),9,３ＬＤＫ,90,,,,平成12年,,住宅,住宅,,,,準工業地域,60.0,200.0,2019年第４四半期,改装済,,7.342422680822207
22063244,中古マンション等,,22101,静岡県,静岡市葵区,天王町,静岡,14,１Ｋ,15,,,,昭和59年,ＲＣ,住宅,,,,,商業地域,80.0,400.0,2012年第１四半期,改装済,,6.414973347970818
22086192,中古マンション等,,22133,静岡県,浜松市西区,舞阪町弁天島,浜松,2H?,１ＤＫ,20,,,,昭和49年,ＲＣ,住宅,,,,,第１種住居地域,60.0,200.0,2013年第２四半期,改装済,,6.176091259055681
22072033,中古マンション等,,22206,静岡県,三島市,梅名,大場,18,１Ｋ,20,,,,昭和62年,ＲＣ,住宅,,,,,第１種中高層住居専用地域,60.0,150.0,2011年第３四半期,未改装,,6.3979400086720375
22081644,中古マンション等,,22131,静岡県,浜松市中区,広沢,浜松,26,４ＬＤＫ,85,,,,,ＲＣ,住宅,,,,,第１種中高層住居専用地域,60.0,200.0,2013年第４四半期,未改装,,7.380211241711606
22063071,中古マンション等,,22135,静岡県,浜松市北区,三ヶ日町都筑,都筑,20,１ＤＫ,50,,,,平成2年,ＳＲＣ,住宅,,,,,市街化調整区域,60.0,200.0,2010年第３四半期,未改装,,6.740362689494244
22118056,中古マンション等,,22101,静岡県,静岡市葵区,川辺町,静岡,16,１Ｋ,15,,,,昭和60年,ＲＣ,住宅,,,,,商業地域,80.0,400.0,2007年第４四半期,改装済,,6.4623979978989565
22007884,中古マンション等,,22103,静岡県,静岡市清水区,宮下町,清水(静岡),18,４ＤＫ,50,,,,,ＲＣ,,住宅,,,,第２種住居地域,60.0,200.0,2019年第２四半期,未改装,,6.491361693834273
22120868,中古マンション等,,22103,静岡県,静岡市清水区,興津本町,興津,1,３ＬＤＫ,60,,,,平成7年,ＲＣ,住宅,,,,,近隣商業地域,80.0,200.0,2008年第３四半期,未改装,,7.230448921378274
22002180,中古マンション等,,22101,静岡県,静岡市葵区,常磐町,静岡,8,１Ｋ,25,,,,平成9年,,住宅,住宅,,,,商業地域,80.0,500.0,2017年第３四半期,未改装,,6.845098040014257
22005750,中古マンション等,,22102,静岡県,静岡市駿河区,八幡,静岡,11,１ＬＤＫ,50,,,,平成18年,ＲＣ,住宅,住宅,,,,近隣商業地域,80.0,300.0,2016年第３四半期,未改装,,7.230448921378274
22078389,中古マンション等,,22131,静岡県,浜松市中区,海老塚,浜松,12,３ＬＤＫ,60,,,,昭和49年,ＳＲＣ,住宅,,,,,第１種住居地域,60.0,200.0,2013年第３四半期,未改装,,6.3979400086720375
22073832,中古マンション等,,22102,静岡県,静岡市駿河区,曲金,静岡,23,３ＬＤＫ,80,,,,昭和48年,ＳＲＣ,住宅,,,,,工業地域,60.0,200.0,2013年第１四半期,未改装,,6.518513939877887
22121187,中古マンション等,,22103,静岡県,静岡市清水区,草薙,草薙(ＪＲ),5,３ＬＤＫ,85,,,,昭和64年,ＲＣ,住宅,,,,,第１種中高層住居専用地域,60.0,200.0,2006年第３四半期,未改装,,7.3222192947339195
22061384,中古マンション等,,22101,静岡県,静岡市葵区,梅屋町,静岡,15,２ＤＫ,45,,,,平成10年,鉄骨造,住宅,,,,,商業地域,80.0,500.0,2012年第３四半期,未改装,,6.880813592280791
22122594,中古マンション等,,22131,静岡県,浜松市中区,中央,浜松,9,４ＬＤＫ,85,,,,平成12年,ＲＣ,住宅,,,,,商業地域,80.0,400.0,2008年第２四半期,未改装,,7.4623979978989565
22128946,中古マンション等,,22210,静岡県,富士市,平垣本町,富士,11,３ＬＤＫ,50,,,,昭和54年,ＲＣ,住宅,,,,,近隣商業地域,80.0,200.0,2008年第３四半期,未改装,,6.857332496431268
22090342,中古マンション等,,22131,静岡県,浜松市中区,菅原町,浜松,18,３ＬＤＫ,60,,,,昭和63年,ＲＣ,住宅,,,,,近隣商業地域,80.0,300.0,2009年第１四半期,未改装,,6.819543935541868
22017650,中古マンション等,,22135,静岡県,浜松市北区,三ヶ日町都筑,都筑,25,１Ｋ,25,,,,昭和49年,ＳＲＣ,住宅,住宅,,,,市街化調整区域,60.0,200.0,2019年第４四半期,未改装,,5.845098040014257
22081632,中古マンション等,,22211,静岡県,磐田市,一言,磐田,30分?60分,３ＬＤＫ,55,,,,平成5年,ＳＲＣ,住宅,,,,,市街化調整区域,60.0,200.0,2010年第２四半期,未改装,,6.623249290397901
22021510,中古マンション等,,22203,静岡県,沼津市,西沢田,沼津,30分?60分,３ＬＤＫ,75,,,,平成18年,ＲＣ,住宅,住宅,,,,工業地域,60.0,200.0,2016年第３四半期,未改装,,7.230448921378274
22056223,中古マンション等,,22131,静岡県,浜松市中区,領家,浜松,24,４ＬＤＫ,80,,,,平成20年,ＲＣ,住宅,住宅,,,,第１種住居地域,60.0,200.0,2014年第２四半期,未改装,,7.361727836017593
22083207,中古マンション等,,22213,静岡県,掛川市,中央,掛川,6,３ＬＤＫ,90,,,,平成13年,ＲＣ,住宅,,,,,近隣商業地域,80.0,200.0,2014年第１四半期,未改装,,7.361727836017593
22023163,中古マンション等,,22206,静岡県,三島市,寿町,三島,6,２ＬＤＫ,55,,,,平成2年,ＲＣ,その他,住宅,,,,近隣商業地域,80.0,200.0,2016年第３四半期,未改装,,7.041392685158225
22086194,中古マンション等,,22210,静岡県,富士市,中央町,富士,15,,60,,,,昭和49年,ＳＲＣ,住宅,住宅,,,,近隣商業地域,80.0,300.0,2015年第２四半期,,,6.6020599913279625
22031961,中古マンション等,,22210,静岡県,富士市,元町,富士,8,３ＬＤＫ,60,,,,昭和61年,ＳＲＣ,住宅,住宅,,,,近隣商業地域,80.0,200.0,2019年第２四半期,未改装,,6.812913356642856
22070473,中古マンション等,,22203,静岡県,沼津市,原,原(静岡),13,３ＬＤＫ,85,,,,,ＳＲＣ,住宅,,,,,第１種住居地域,60.0,200.0,2011年第４四半期,改装済,,7.041392685158225
22057040,中古マンション等,,22132,静岡県,浜松市東区,小池町,浜松,1H?1H30,３ＬＤＫ,75,,,,昭和64年,ＲＣ,住宅,住宅,,,,準工業地域,60.0,200.0,2014年第４四半期,未改装,,7.041392685158225
22082901,中古マンション等,,22132,静岡県,浜松市東区,植松町,浜松,29,２ＬＤＫ,45,,,,昭和49年,ＳＲＣ,住宅,,,,,第１種住居地域,60.0,200.0,2013年第１四半期,改装済,,6.361727836017593
22061648,中古マンション等,,22101,静岡県,静岡市葵区,春日,静岡,20,２ＤＫ,50,,,,昭和47年,ＲＣ,住宅,,,,,第１種住居地域,60.0,200.0,2012年第２四半期,未改装,,6.740362689494244
22061838,中古マンション等,,22131,静岡県,浜松市中区,北寺島町,浜松,12,１Ｋ,20,,,,平成2年,ＳＲＣ,住宅,住宅,,,,商業地域,80.0,500.0,2015年第３四半期,改装済,,6.556302500767287
22000549,中古マンション等,,22101,静岡県,静岡市葵区,春日町,静岡,21,３ＤＫ,45,,,,昭和40年,ＲＣ,住宅,住宅,,,,第２種中高層住居専用地域,60.0,200.0,2018年第１四半期,未改装,,5.698970004336019
22089134,中古マンション等,,22131,静岡県,浜松市中区,泉,浜松,30分?60分,３ＤＫ,50,,,,昭和59年,ＲＣ,住宅,,,,,第１種中高層住居専用地域,60.0,200.0,2009年第３四半期,未改装,,6.477121254719663
22098217,中古マンション等,,22206,静岡県,三島市,広小路町,三島,15,４ＬＤＫ,80,,,,平成20年,ＲＣ,住宅,,,,,商業地域,80.0,400.0,2013年第１四半期,未改装,,7.544068044350276
22077248,中古マンション等,,22103,静岡県,静岡市清水区,馬走北,草薙(ＪＲ),28,３ＬＤＫ,70,,,,昭和52年,ＳＲＣ,住宅,,,,,第２種住居地域,60.0,200.0,2013年第１四半期,未改装,,6.929418925714293
22010664,中古マンション等,,22131,静岡県,浜松市中区,中島,浜松,21,３ＬＤＫ,80,,,,平成2年,ＲＣ,住宅,住宅,,,,第１種住居地域,60.0,200.0,2016年第１四半期,未改装,,6.954242509439325
22065810,中古マンション等,,22132,静岡県,浜松市東区,宮竹町,天竜川,23,２ＤＫ,50,,,,昭和62年,ＲＣ,住宅,住宅,,,,第１種住居地域,60.0,200.0,2015年第３四半期,改装済,,6.832508912706237
22005423,中古マンション等,,22102,静岡県,静岡市駿河区,緑が丘町,静岡,28,３ＬＤＫ,70,,,,平成9年,ＲＣ,住宅,住宅,,,,工業地域,60.0,200.0,2020年第１四半期,未改装,,7.146128035678238
22017665,中古マンション等,,22135,静岡県,浜松市北区,三ヶ日町都筑,都筑,29,１ＬＤＫ,50,,,,平成2年,ＳＲＣ,,住宅,,,,市街化調整区域,60.0,200.0,2019年第２四半期,未改装,,6.301029995663981
22000943,中古マンション等,,22101,静岡県,静岡市葵区,北安東,静岡,30分?60分,３ＬＤＫ,75,,,,平成12年,ＲＣ,,住宅,,,,第２種中高層住居専用地域,60.0,200.0,2019年第２四半期,未改装,,7.230448921378274
22052035,中古マンション等,,22101,静岡県,静岡市葵区,岳美,静岡,1H?1H30,３ＬＤＫ,60,,,,平成6年,ＲＣ,住宅,,,,,第１種住居地域,60.0,200.0,2010年第４四半期,改装済,,7.041392685158225
22084220,中古マンション等,,22203,静岡県,沼津市,大岡,下土狩,9,３ＬＤＫ,65,,,,平成11年,ＲＣ,住宅,,,,,第２種中高層住居専用地域,60.0,150.0,2012年第１四半期,未改装,,7.079181246047625
22007672,中古マンション等,,22103,静岡県,静岡市清水区,本郷町,清水(静岡),5,２ＬＤＫ,50,,,,昭和49年,ＳＲＣ,住宅,住宅,,,,商業地域,80.0,400.0,2017年第２四半期,未改装,,6.544068044350276
22088733,中古マンション等,,22211,静岡県,磐田市,今之浦,磐田,21,１ＤＫ,20,,,,昭和62年,鉄骨造,住宅,住宅,,,,第１種住居地域,60.0,200.0,2015年第１四半期,,,6.3979400086720375
22005029,中古マンション等,,22102,静岡県,静岡市駿河区,曲金,静岡,23,２ＤＫ,40,,,,昭和48年,ＳＲＣ,住宅,住宅,,,,工業地域,60.0,200.0,2018年第３四半期,改装済,,6.740362689494244
22096345,中古マンション等,,22133,静岡県,浜松市西区,舞阪町弁天島,弁天島,7,１ＤＫ,35,,,,平成3年,ＲＣ,住宅,,,,,第１種住居地域,60.0,200.0,2009年第３四半期,未改装,,6.6020599913279625
22001007,中古マンション等,,22101,静岡県,静岡市葵区,北安東,静岡,2H?,３ＬＤＫ,60,,,,平成6年,ＲＣ,住宅,住宅,,,,第２種中高層住居専用地域,60.0,200.0,2017年第１四半期,未改装,,6.977723605288848
22055205,中古マンション等,,22131,静岡県,浜松市中区,中央,浜松,12,３ＬＤＫ,85,,,,平成12年,ＲＣ,住宅,住宅,,,,商業地域,80.0,400.0,2014年第２四半期,改装済,,7.414973347970818
22059483,中古マンション等,,22132,静岡県,浜松市東区,天王町,浜松,1H?1H30,３ＬＤＫ,70,,,,平成4年,ＳＲＣ,住宅,,,,,第１種住居地域,60.0,200.0,2010年第２四半期,改装済,,7.146128035678238
22122735,中古マンション等,,22131,静岡県,浜松市中区,西浅田,浜松,26,３ＬＤＫ,65,,,,平成3年,ＳＲＣ,住宅,,,,,工業地域,60.0,200.0,2007年第３四半期,改装済,,6.919078092376074
22010738,中古マンション等,,22131,静岡県,浜松市中区,西浅田,浜松,20,２ＬＤＫ,60,,,,平成3年,,,住宅,,,,近隣商業地域,80.0,300.0,2018年第１四半期,改装済,,6.903089986991944
22008291,中古マンション等,,22131,静岡県,浜松市中区,葵西,浜松,1H30?2H,３ＬＤＫ,70,,,,平成9年,,住宅,住宅,,,,第１種住居地域,60.0,200.0,2019年第１四半期,改装済,,7.230448921378274
22122857,中古マンション等,,22131,静岡県,浜松市中区,曳馬,曳馬,6,３ＬＤＫ,90,,,,平成17年,ＲＣ,住宅,,,,,第１種住居地域,60.0,200.0,2008年第２四半期,未改装,,7.361727836017593
22118063,中古マンション等,,22101,静岡県,静岡市葵区,川辺町,静岡,16,１ＤＫ,30,,,,平成11年,ＲＣ,住宅,,,,,近隣商業地域,80.0,200.0,2006年第２四半期,未改装,,6.944482672150168
22052328,中古マンション等,,22101,静岡県,静岡市葵区,古庄,東静岡,19,３ＬＤＫ,65,,,,平成10年,ＲＣ,住宅,,,,,準工業地域,60.0,200.0,2010年第１四半期,未改装,,7.176091259055681
22031919,中古マンション等,,22210,静岡県,富士市,御幸町,吉原本町,7,３ＬＤＫ,70,,,,平成31年,ＲＣ,住宅,,,,,近隣商業地域,80.0,300.0,2019年第３四半期,未改装,,7.568201724066995
22063079,中古マンション等,,22135,静岡県,浜松市北区,三ヶ日町都筑,都筑,25,１ＬＤＫ,40,,,,昭和62年,ＲＣ,住宅,,,,,市街化調整区域,60.0,200.0,2010年第３四半期,未改装,,6.0
22074455,中古マンション等,,22132,静岡県,浜松市東区,上西町,浜松,30分?60分,３ＬＤＫ,70,,,,平成21年,ＲＣ,住宅,,,,,第１種住居地域,60.0,200.0,2012年第１四半期,未改装,,7.380211241711606
22051696,中古マンション等,,22101,静岡県,静岡市葵区,幸町,静岡,26,３ＬＤＫ,65,,,,昭和60年,ＲＣ,住宅,,,,,近隣商業地域,80.0,300.0,2010年第１四半期,未改装,,7.0
22032189,中古マンション等,,22210,静岡県,富士市,吉原,富士,30分?60分,４ＬＤＫ,70,,,,平成5年,ＳＲＣ,住宅,住宅,,,,商業地域,80.0,400.0,2017年第３四半期,未改装,,6.977723605288848
22060699,中古マンション等,,22131,静岡県,浜松市中区,山手町,浜松,30分?60分,３ＬＤＫ,70,,,,,ＳＲＣ,住宅,,,,,第１種中高層住居専用地域,60.0,200.0,2011年第１四半期,未改装,,7.176091259055681
22129081,中古マンション等,,22210,静岡県,富士市,南町,富士,30分?60分,３ＬＤＫ,70,,,,平成11年,ＲＣ,住宅,,,,,商業地域,80.0,400.0,2008年第３四半期,改装済,,7.278753600952829
22051604,中古マンション等,,22101,静岡県,静岡市葵区,北安東,静岡,30分?60分,３ＬＤＫ,70,,,,平成22年,ＲＣ,住宅,,,,,第１種中高層住居専用地域,60.0,200.0,2010年第３四半期,未改装,,7.431363764158987
22009073,中古マンション等,,22131,静岡県,浜松市中区,北寺島町,浜松,10,１ＤＫ,15,,,,昭和60年,ＲＣ,住宅,住宅,,,,商業地域,80.0,500.0,2019年第４四半期,未改装,,5.0
22068415,中古マンション等,,22134,静岡県,浜松市南区,三島町,浜松,20,３ＬＤＫ,95,,,,平成19年,ＲＣ,住宅,,,,,第１種住居地域,60.0,200.0,2015年第２四半期,改装済,,7.2552725051033065
22129637,中古マンション等,,22211,静岡県,磐田市,一言,磐田,30分?60分,３ＬＤＫ,55,,,,平成5年,ＳＲＣ,住宅,,,,,市街化調整区域,60.0,200.0,2008年第４四半期,未改装,,6.845098040014257
22023449,中古マンション等,,22206,静岡県,三島市,中,三島,30分?60分,３ＬＤＫ,70,,,,昭和64年,ＲＣ,住宅,住宅,,,,第１種中高層住居専用地域,60.0,200.0,2017年第１四半期,改装済,,6.954242509439325
22060310,中古マンション等,,22131,静岡県,浜松市中区,布橋,浜松,30分?60分,１Ｋ,15,,,,昭和59年,ＲＣ,住宅,,,,,第２種中高層住居専用地域,60.0,200.0,2011年第１四半期,未改装,調停・競売等,6.361727836017593
22001155,中古マンション等,,22101,静岡県,静岡市葵区,駒形通,静岡,21,２ＬＤＫ,65,,,,,,,住宅,,,,近隣商業地域,80.0,300.0,2019年第２四半期,改装済,,7.414973347970818
22088890,中古マンション等,,22206,静岡県,三島市,広小路町,三島,11,３ＬＤＫ,70,,,,平成20年,ＲＣ,住宅,,,,,商業地域,80.0,400.0,2012年第１四半期,未改装,,7.431363764158987
22023253,中古マンション等,,22206,静岡県,三島市,芝本町,三島,6,３ＬＤＫ,75,,,,平成14年,,,住宅,,,,商業地域,80.0,400.0,2018年第２四半期,改装済,,7.380211241711606
22022825,中古マンション等,,22206,静岡県,三島市,青木,三島,30分?60分,２ＬＤＫ,65,,,,平成16年,,,住宅,,,,第１種住居地域,60.0,200.0,2019年第４四半期,未改装,,7.204119982655925
22077502,中古マンション等,,22210,静岡県,富士市,伝法,富士,30分?60分,３ＬＤＫ,65,,,,平成5年,ＲＣ,住宅,,,,,第１種住居地域,60.0,200.0,2010年第４四半期,未改装,,6.973127853599698
22031886,中古マンション等,,22210,静岡県,富士市,宮島,富士,25,３ＬＤＫ,65,,,,平成19年,ＲＣ,住宅,住宅,,,,第１種住居地域,60.0,200.0,2017年第３四半期,未改装,,7.204119982655925
22122630,中古マンション等,,22131,静岡県,浜松市中区,常盤町,浜松,12,,70,,,,平成10年,ＳＲＣ,住宅,,,,,商業地域,80.0,500.0,2007年第３四半期,,,7.301029995663981
22124244,中古マンション等,,22134,静岡県,浜松市南区,東若林町,浜松,30分?60分,１Ｋ,15,,,,平成2年,ＲＣ,住宅,,,,,第１種住居地域,60.0,200.0,2007年第３四半期,改装済,,6.491361693834273
22059763,中古マンション等,,22131,静岡県,浜松市中区,中央,浜松,8,３ＬＤＫ,85,,,,平成12年,ＲＣ,住宅,,,,,商業地域,80.0,400.0,2011年第４四半期,未改装,,7.447158031342219
22053126,中古マンション等,,22102,静岡県,静岡市駿河区,さつき町,静岡,13,３ＬＤＫ,75,,,,昭和59年,ＲＣ,住宅,,,,,準工業地域,60.0,200.0,2010年第３四半期,未改装,,6.778151250383644
22068285,中古マンション等,,22101,静岡県,静岡市葵区,大岩町,静岡,30分?60分,４ＬＤＫ,100,,,,平成16年,ＲＣ,住宅,,,,,第１種中高層住居専用地域,60.0,200.0,2013年第１四半期,未改装,,7.623249290397901
22089256,中古マンション等,,22131,静岡県,浜松市中区,上島,上島,5,３ＬＤＫ,70,,,,平成9年,ＲＣ,住宅,,,,,第１種住居地域,60.0,200.0,2009年第１四半期,未改装,,7.204119982655925
22087473,中古マンション等,,22212,静岡県,焼津市,栄町,焼津,3,３ＬＤＫ,65,,,,平成9年,ＲＣ,住宅,,,,,準工業地域,60.0,200.0,2011年第２四半期,未改装,,7.176091259055681
22122282,中古マンション等,,22131,静岡県,浜松市中区,幸,浜松,1H?1H30,４ＬＤＫ,90,,,,平成11年,ＲＣ,住宅,,,,,第１種住居地域,60.0,200.0,2008年第３四半期,未改装,,7.342422680822207
22011238,中古マンション等,,22131,静岡県,浜松市中区,広沢,浜松,30分?60分,,90,,,,,ＲＣ,住宅,,,,,第１種中高層住居専用地域,60.0,200.0,2018年第１四半期,,,7.431363764158987
22059615,中古マンション等,,22134,静岡県,浜松市南区,三島町,浜松,27,３ＬＤＫ,70,,,,平成8年,ＲＣ,住宅,住宅,,,,第１種住居地域,60.0,200.0,2014年第４四半期,未改装,調停・競売等,6.892094602690481
22094904,中古マンション等,,22203,静岡県,沼津市,高沢町,沼津,7,,50,,,,,ＳＲＣ,住宅,,,,,商業地域,80.0,400.0,2013年第２四半期,,,6.977723605288848
22105744,中古マンション等,,22210,静岡県,富士市,蓼原,富士,25,３ＬＤＫ,70,,,,平成3年,ＲＣ,住宅,,,,,工業地域,60.0,200.0,2013年第３四半期,未改装,,6.812913356642856
22004503,中古マンション等,,22102,静岡県,静岡市駿河区,登呂,東静岡,11,３ＬＤＫ,70,,,,平成20年,ＲＣ,住宅,住宅,,,,工業地域,,,2016年第１四半期,未改装,,7.414973347970818
22092962,中古マンション等,,22131,静岡県,浜松市中区,和地山,浜松,30分?60分,１ＤＫ,25,,,,昭和49年,ＳＲＣ,住宅,,,,,第２種中高層住居専用地域,60.0,200.0,2009年第３四半期,未改装,,6.278753600952829
22019984,中古マンション等,,22203,静岡県,沼津市,上土町,沼津,9,４ＬＤＫ＋Ｓ,95,,,,平成9年,ＳＲＣ,住宅,住宅,,,,商業地域,80.0,500.0,2016年第２四半期,未改装,,7.342422680822207
22012724,中古マンション等,,22132,静岡県,浜松市東区,篠ケ瀬町,浜松,1H?1H30,３ＬＤＫ,65,,,,平成7年,ＲＣ,,住宅,,,,第１種住居地域,60.0,200.0,2018年第３四半期,改装済,,7.079181246047625
22058902,中古マンション等,,22132,静岡県,浜松市東区,植松町,浜松,30分?60分,２ＤＫ,40,,,,昭和49年,ＳＲＣ,住宅,,,,,第１種住居地域,60.0,200.0,2010年第２四半期,改装済,,6.690196080028514
22004808,中古マンション等,,22102,静岡県,静岡市駿河区,西中原,静岡,30分?60分,４ＬＤＫ,100,,,,平成3年,ＲＣ,,住宅,,,,工業地域,60.0,200.0,2017年第４四半期,未改装,,7.041392685158225
22016077,中古マンション等,,22134,静岡県,浜松市南区,本郷町,浜松,30分?60分,,70,,,,平成10年,ＲＣ,住宅,住宅,,,,第２種中高層住居専用地域,60.0,200.0,2017年第２四半期,,,6.903089986991944
22014712,中古マンション等,,22133,静岡県,浜松市西区,舞阪町弁天島,弁天島,12,２ＤＫ,40,,,,昭和49年,ＲＣ,住宅,住宅,,,,第１種住居地域,60.0,500.0,2017年第２四半期,未改装,,6.0
22126416,中古マンション等,,22206,静岡県,三島市,寿町,三島,6,２ＬＤＫ,55,,,,平成2年,ＲＣ,住宅,,,,,近隣商業地域,80.0,200.0,2007年第４四半期,未改装,関係者間取引,7.176091259055681
22079531,中古マンション等,,22131,静岡県,浜松市中区,十軒町,浜松,30分?60分,３ＬＤＫ,70,,,,平成10年,ＲＣ,住宅,,,,,第１種住居地域,60.0,200.0,2013年第３四半期,改装済,,7.146128035678238
22008582,中古マンション等,,22131,静岡県,浜松市中区,瓜内町,浜松,30分?60分,３ＬＤＫ,70,,,,,ＳＲＣ,住宅,住宅,,,,市街化調整区域,60.0,200.0,2016年第１四半期,未改装,,6.903089986991944
22058110,中古マンション等,,22102,静岡県,静岡市駿河区,中田,静岡,15,５ＬＤＫ,105,,,,平成3年,ＳＲＣ,住宅,住宅,,,,近隣商業地域,80.0,300.0,2015年第３四半期,未改装,,7.301029995663981
22064656,中古マンション等,,22134,静岡県,浜松市南区,楊子町,浜松,19,４ＬＤＫ,85,,,,平成13年,ＲＣ,住宅,,,,,第１種住居地域,60.0,200.0,2011年第３四半期,改装済,,7.2552725051033065
22090129,中古マンション等,,22213,静岡県,掛川市,中央,掛川,6,３ＬＤＫ,80,,,,平成13年,ＲＣ,住宅,,,,,近隣商業地域,80.0,200.0,2011年第１四半期,改装済,,7.361727836017593
22013027,中古マンション等,,22132,静岡県,浜松市東区,天龍川町,天竜川,2,３ＬＤＫ,80,,,,平成5年,ＳＲＣ,住宅,,,,,近隣商業地域,80.0,300.0,2020年第２四半期,未改装,,6.8750612633917
22120586,中古マンション等,,22102,静岡県,静岡市駿河区,八幡,静岡,19,３ＬＤＫ,70,,,,平成9年,ＲＣ,住宅,,,,,第２種住居地域,60.0,200.0,2008年第２四半期,改装済,,7.342422680822207
22020548,中古マンション等,,22203,静岡県,沼津市,大手町,沼津,4,３ＬＤＫ,75,,,,,,住宅,住宅,,,,商業地域,80.0,600.0,2018年第２四半期,未改装,,7.380211241711606
22126449,中古マンション等,,22206,静岡県,三島市,中,三島二日町,11,３ＬＤＫ,70,,,,平成5年,ＲＣ,住宅,,,,,第１種中高層住居専用地域,60.0,200.0,2008年第３四半期,未改装,調停・競売等,6.968482948553935
22053110,中古マンション等,,22101,静岡県,静岡市葵区,七間町,静岡,10,１Ｋ,20,,,,昭和61年,ＳＲＣ,住宅,,,,,商業地域,80.0,600.0,2011年第３四半期,未改装,,6.623249290397901
22087847,中古マンション等,,22210,静岡県,富士市,水戸島本町,富士,6,１ＬＤＫ,30,,,,平成4年,,住宅,住宅,,,,近隣商業地域,80.0,300.0,2015年第２四半期,未改装,,6.230448921378274
22055805,中古マンション等,,22101,静岡県,静岡市葵区,瀬名,静岡,1H30?2H,３ＤＫ,45,,,,昭和48年,ＲＣ,住宅,住宅,,,,第２種中高層住居専用地域,60.0,150.0,2015年第２四半期,改装済,,6.8061799739838875
22003959,中古マンション等,,22102,静岡県,静岡市駿河区,さつき町,静岡,11,３ＬＤＫ,75,,,,昭和57年,ＲＣ,,住宅,,,,準工業地域,60.0,200.0,2020年第３四半期,改装済,,7.146128035678238
22050948,中古マンション等,,22101,静岡県,静岡市葵区,昭和町,静岡,6,１Ｒ,25,,,,昭和53年,ＳＲＣ,住宅,その他,,,,商業地域,80.0,600.0,2014年第２四半期,未改装,,6.518513939877887
22008578,中古マンション等,,22131,静岡県,浜松市中区,板屋町,浜松,8,１ＬＤＫ,65,,,,平成20年,ＲＣ,住宅,住宅,,,,商業地域,80.0,400.0,2016年第１四半期,,,7.447158031342219
22008877,中古マンション等,,22131,静岡県,浜松市中区,神田町,浜松,28,３ＬＤＫ,75,,,,平成10年,,,住宅,,,,第１種住居地域,60.0,200.0,2017年第４四半期,未改装,,7.113943352306837
22011455,中古マンション等,,22131,静岡県,浜松市中区,山手町,浜松,30分?60分,３ＬＤＫ,70,,,,平成9年,ＳＲＣ,,,,,,第１種中高層住居専用地域,60.0,200.0,2017年第４四半期,未改装,,6.8750612633917
22015533,中古マンション等,,22134,静岡県,浜松市南区,西伝寺町,浜松,30分?60分,,80,,,,,ＳＲＣ,住宅,,,,,第１種住居地域,60.0,200.0,2016年第２四半期,,,6.778151250383644
22061955,中古マンション等,,22131,静岡県,浜松市中区,幸,浜松,30分?60分,３ＬＤＫ,70,,,,平成6年,ＲＣ,住宅,住宅,,,,第１種中高層住居専用地域,60.0,200.0,2015年第１四半期,改装済,,7.041392685158225
22060731,中古マンション等,,22135,静岡県,浜松市北区,三ヶ日町大崎,都筑,30分?60分,２ＬＤＫ,65,,,,平成2年,ＳＲＣ,住宅,その他,,,,市街化調整区域,60.0,200.0,2014年第４四半期,未改装,,6.505149978319906
22003630,中古マンション等,,22102,静岡県,静岡市駿河区,小黒,静岡,20,３ＬＤＫ,55,,,,昭和63年,ＲＣ,住宅,住宅,,,,準工業地域,60.0,200.0,2016年第２四半期,未改装,調停・競売等,6.707570176097937
22083676,中古マンション等,,22102,静岡県,静岡市駿河区,中田,静岡,18,３ＬＤＫ,70,,,,昭和61年,ＲＣ,住宅,,,,,第２種中高層住居専用地域,60.0,200.0,2009年第３四半期,未改装,,7.079181246047625
22056247,中古マンション等,,22101,静岡県,静岡市葵区,長沼,東静岡,15,３ＬＤＫ,75,,,,,ＲＣ,住宅,住宅,,,,準工業地域,60.0,200.0,2015年第１四半期,未改装,,7.278753600952829
22073506,中古マンション等,,22203,静岡県,沼津市,大岡,沼津,18,３ＬＤＫ,70,,,,,ＲＣ,住宅,住宅,,,,第２種住居地域,60.0,200.0,2015年第１四半期,改装済,,7.414973347970818
22074721,中古マンション等,,22102,静岡県,静岡市駿河区,大和,静岡,13,３ＬＤＫ,80,,,,平成17年,ＲＣ,住宅,,,,,準工業地域,60.0,200.0,2013年第４四半期,未改装,,7.431363764158987
22006748,中古マンション等,,22103,静岡県,静岡市清水区,楠新田,草薙(ＪＲ),6,３ＬＤＫ,60,,,,平成10年,ＲＣ,,住宅,,,,準工業地域,60.0,200.0,2019年第１四半期,,,7.113943352306837
22039916,中古マンション等,,22214,静岡県,藤枝市,前島,藤枝,5,３ＬＤＫ,75,,,,,,,住宅,,,,第２種住居地域,60.0,200.0,2018年第４四半期,未改装,,7.431363764158987
22054771,中古マンション等,,22131,静岡県,浜松市中区,菅原町,浜松,20,３ＬＤＫ,60,,,,昭和63年,ＲＣ,住宅,住宅,,,,近隣商業地域,80.0,300.0,2014年第３四半期,未改装,,6.832508912706237
22077544,中古マンション等,,22206,静岡県,三島市,南田町,三島田町,8,３ＬＤＫ,70,,,,平成20年,ＲＣ,住宅,住宅,,,,準住居地域,60.0,200.0,2015年第２四半期,改装済,,7.361727836017593
22097051,中古マンション等,,22206,静岡県,三島市,青木,三島,30分?60分,３ＬＤＫ,75,,,,平成17年,ＲＣ,住宅,,,,,第１種住居地域,60.0,200.0,2013年第１四半期,未改装,,7.3222192947339195
22083389,中古マンション等,,22132,静岡県,浜松市東区,上西町,浜松,1H?1H30,３ＬＤＫ,70,,,,平成15年,ＲＣ,住宅,,,,,工業地域,60.0,200.0,2013年第４四半期,未改装,,7.230448921378274
22051678,中古マンション等,,22102,静岡県,静岡市駿河区,さつき町,静岡,14,２ＬＤＫ,60,,,,昭和55年,ＳＲＣ,住宅,住宅,,,,準工業地域,60.0,200.0,2014年第１四半期,未改装,,6.929418925714293
22066935,中古マンション等,,22206,静岡県,三島市,谷田,三島二日町,14,３ＬＤＫ,65,,,,昭和60年,ＲＣ,住宅,,,,,第１種低層住居専用地域,50.0,80.0,2014年第２四半期,改装済,,7.041392685158225
22121881,中古マンション等,,22103,静岡県,静岡市清水区,村松原,清水(静岡),30分?60分,３ＬＤＫ,65,,,,昭和56年,ＲＣ,住宅,,,,,第２種住居地域,60.0,200.0,2007年第３四半期,改装済,,7.041392685158225
22008946,中古マンション等,,22131,静岡県,浜松市中区,鴨江,浜松,30分?60分,２ＬＤＫ,60,,,,昭和60年,ＲＣ,住宅,住宅,,,,第２種住居地域,60.0,200.0,2019年第３四半期,改装済,,6.623249290397901
22080309,中古マンション等,,22131,静岡県,浜松市中区,高町,浜松,15,３ＬＤＫ,80,,,,平成14年,ＳＲＣ,住宅,,,,,商業地域,80.0,500.0,2013年第４四半期,改装済,,7.414973347970818
22122251,中古マンション等,,22131,静岡県,浜松市中区,北寺島町,浜松,11,１Ｋ,25,,,,平成3年,ＳＲＣ,住宅,,,,,商業地域,80.0,500.0,2008年第４四半期,改装済,調停・競売等,6.643452676486188
22054678,中古マンション等,,22101,静岡県,静岡市葵区,一番町,静岡,24,３ＬＤＫ,90,,,,平成6年,ＲＣ,住宅,住宅,,,,近隣商業地域,80.0,300.0,2015年第２四半期,未改装,,7.2552725051033065
22054064,中古マンション等,,22131,静岡県,浜松市中区,小豆餅,浜松,1H?1H30,３ＬＤＫ,75,,,,平成14年,ＲＣ,住宅,住宅,,,,第１種住居地域,60.0,200.0,2014年第２四半期,,,7.204119982655925
22126466,中古マンション等,,22206,静岡県,三島市,萩,長泉なめり,25,３ＬＤＫ,65,,,,平成6年,ＲＣ,住宅,,,,,第１種中高層住居専用地域,60.0,200.0,2008年第２四半期,改装済,,7.113943352306837
22088495,中古マンション等,,22210,静岡県,富士市,吉原,富士,30分?60分,３ＬＤＫ,75,,,,,ＳＲＣ,住宅,住宅,,,,商業地域,80.0,400.0,2015年第２四半期,未改装,,7.342422680822207
22005023,中古マンション等,,22102,静岡県,静岡市駿河区,曲金,静岡,20,１ＬＤＫ,30,,,,平成10年,ＲＣ,,住宅,,,,準工業地域,60.0,200.0,2019年第２四半期,改装済,,6.812913356642856
22062330,中古マンション等,,22101,静岡県,静岡市葵区,七間町,静岡,11,３ＬＤＫ,80,,,,平成14年,ＳＲＣ,住宅,,,,,商業地域,80.0,600.0,2012年第４四半期,未改装,,7.3222192947339195
22005398,中古マンション等,,22102,静岡県,静岡市駿河区,みずほ,安倍川,4,,65,,,,,ＲＣ,住宅,住宅,,,,第２種中高層住居専用地域,60.0,200.0,2016年第４四半期,未改装,,6.968482948553935
22005063,中古マンション等,,22102,静岡県,静岡市駿河区,曲金,東静岡,5,２ＬＤＫ,65,,,,平成27年,ＲＣ,住宅,,,,,商業地域,80.0,500.0,2019年第４四半期,未改装,,7.518513939877887
22081646,中古マンション等,,22131,静岡県,浜松市中区,広沢,浜松,27,４ＬＤＫ,95,,,,,ＲＣ,住宅,,,,,第１種中高層住居専用地域,60.0,200.0,2013年第４四半期,,,7.361727836017593
22088735,中古マンション等,,22211,静岡県,磐田市,今之浦,磐田,21,１ＤＫ,20,,,,昭和62年,鉄骨造,住宅,住宅,,,,第１種住居地域,60.0,200.0,2015年第１四半期,,,6.3979400086720375
22055729,中古マンション等,,22103,静岡県,静岡市清水区,港町,清水(静岡),27,３ＬＤＫ,70,,,,平成8年,ＳＲＣ,住宅,,,,,工業地域,60.0,200.0,2010年第３四半期,未改装,,6.041392685158225
22069063,中古マンション等,,22206,静岡県,三島市,広小路町,三島広小路,2,１Ｋ,40,,,,平成20年,ＲＣ,住宅,,,,,商業地域,80.0,400.0,2010年第１四半期,未改装,,7.230448921378274
22125458,中古マンション等,,22203,静岡県,沼津市,大手町,沼津,1,２ＬＤＫ,75,,,,平成20年,ＲＣ,住宅,,,,,商業地域,80.0,500.0,2008年第２四半期,,,7.518513939877887
22073703,中古マンション等,,22203,静岡県,沼津市,岡一色,大岡(静岡),13,３ＬＤＫ,70,,,,平成3年,ＳＲＣ,住宅,住宅,,,,第１種住居地域,60.0,200.0,2015年第４四半期,改装済,,7.079181246047625
22075846,中古マンション等,,22210,静岡県,富士市,水戸島元町,富士,5,３ＬＤＫ,75,,,,平成22年,ＲＣ,住宅,住宅,,,,商業地域,80.0,400.0,2014年第４四半期,改装済,,7.342422680822207
22006658,中古マンション等,,22103,静岡県,静岡市清水区,草薙,草薙(ＪＲ),10,３ＬＤＫ,60,,,,平成9年,ＲＣ,,住宅,,,,第１種住居地域,60.0,200.0,2018年第１四半期,未改装,,7.146128035678238
22034381,中古マンション等,,22211,静岡県,磐田市,見付,磐田,30分?60分,３ＬＤＫ,65,,,,平成8年,ＲＣ,,住宅,,,,第１種中高層住居専用地域,60.0,150.0,2018年第４四半期,未改装,,6.8750612633917
22051725,中古マンション等,,22101,静岡県,静岡市葵区,七間町,静岡,10,１Ｋ,20,,,,昭和61年,ＳＲＣ,住宅,,,,,商業地域,80.0,600.0,2010年第４四半期,未改装,,6.3979400086720375
22017467,中古マンション等,,22135,静岡県,浜松市北区,三ヶ日町大崎,都筑,30分?60分,２ＬＤＫ,80,,,,昭和63年,ＳＲＣ,住宅,その他,,,,市街化調整区域,60.0,200.0,2016年第４四半期,,,6.301029995663981
22079827,中古マンション等,,22131,静岡県,浜松市中区,住吉,浜松,30分?60分,２ＬＤＫ,55,,,,昭和50年,ＲＣ,住宅,,,,,第２種住居地域,60.0,200.0,2013年第２四半期,未改装,,6.633468455579586
22089588,中古マンション等,,22135,静岡県,浜松市北区,三ヶ日町大崎,都筑,30分?60分,１ＬＤＫ,40,,,,昭和61年,ＲＣ,住宅,,,,,市街化調整区域,60.0,200.0,2013年第２四半期,未改装,,6.544068044350276
22052602,中古マンション等,,22103,静岡県,静岡市清水区,江尻東,清水(静岡),6,３ＬＤＫ,85,,,,平成9年,ＳＲＣ,住宅,住宅,,,,商業地域,80.0,400.0,2014年第２四半期,未改装,,7.204119982655925
22009277,中古マンション等,,22131,静岡県,浜松市中区,佐藤,浜松,21,３ＬＤＫ,75,,,,平成21年,ＲＣ,住宅,住宅,,,,商業地域,80.0,400.0,2016年第２四半期,未改装,,7.3979400086720375
22122183,中古マンション等,,22131,静岡県,浜松市中区,上島,浜松,30分?60分,３ＬＤＫ,70,,,,平成6年,ＲＣ,住宅,,,,,第１種住居地域,60.0,200.0,2007年第３四半期,未改装,調停・競売等,6.832508912706237
22070164,中古マンション等,,22131,静岡県,浜松市中区,上島,浜松,30分?60分,３ＬＤＫ,75,,,,平成16年,ＲＣ,住宅,,,,,第１種住居地域,60.0,200.0,2012年第３四半期,未改装,,7.204119982655925
22021178,中古マンション等,,22203,静岡県,沼津市,新宿町,沼津,8,３ＬＤＫ,80,,,,平成13年,ＳＲＣ,住宅,住宅,,,,商業地域,80.0,400.0,2019年第１四半期,未改装,,7.278753600952829
22001174,中古マンション等,,22101,静岡県,静岡市葵区,駒形通,静岡,15,４ＬＤＫ,80,,,,平成10年,ＳＲＣ,住宅,住宅,,,,商業地域,80.0,400.0,2017年第１四半期,未改装,,7.447158031342219
22079232,中古マンション等,,22135,静岡県,浜松市北区,初生町,浜松,1H30?2H,１ＤＫ,40,,,,,ＲＣ,住宅,,,,,第１種住居地域,60.0,200.0,2012年第３四半期,改装済,,6.414973347970818
22036496,中古マンション等,,22212,静岡県,焼津市,,焼津,0,３ＬＤＫ,80,,,,平成16年,ＳＲＣ,住宅,住宅,,,,商業地域,80.0,400.0,2020年第３四半期,未改装,,7.301029995663981
22099879,中古マンション等,,22210,静岡県,富士市,水戸島本町,富士,8,１ＬＤＫ,30,,,,平成4年,ＳＲＣ,住宅,,,,,近隣商業地域,80.0,200.0,2012年第１四半期,未改装,,6.633468455579586
22053611,中古マンション等,,22103,静岡県,静岡市清水区,本郷町,清水(静岡),5,オープンフロア,45,,,,昭和49年,ＳＲＣ,店舗,,,,,商業地域,80.0,400.0,2014年第１四半期,未改装,,6.3979400086720375
22074582,中古マンション等,,22203,静岡県,沼津市,高沢町,沼津,5,３ＬＤＫ,80,,,,,ＲＣ,住宅,住宅,,,,商業地域,80.0,400.0,2015年第４四半期,未改装,,7.301029995663981
22008600,中古マンション等,,22131,静岡県,浜松市中区,海老塚,浜松,10,３ＬＤＫ,65,,,,昭和49年,,住宅,住宅,,,,第１種住居地域,60.0,200.0,2019年第４四半期,未改装,,6.7160033436347994
22064437,中古マンション等,,22203,静岡県,沼津市,新宿町,沼津,10,,60,,,,,ＳＲＣ,住宅,住宅,,,,商業地域,80.0,400.0,2014年第３四半期,未改装,,7.041392685158225
22010265,中古マンション等,,22131,静岡県,浜松市中区,寺島町,浜松,13,１ＤＫ,20,,,,,,住宅,住宅,,,,近隣商業地域,80.0,300.0,2017年第３四半期,改装済,,6.176091259055681
22009846,中古マンション等,,22131,静岡県,浜松市中区,高丘北,浜松,1H30?2H,３ＬＤＫ,65,,,,平成20年,ＲＣ,住宅,,,,,第１種住居地域,,,2019年第１四半期,未改装,,7.146128035678238
22081026,中古マンション等,,22101,静岡県,静岡市葵区,古庄,東静岡,19,３ＬＤＫ,65,,,,平成10年,ＲＣ,住宅,,,,,準工業地域,60.0,200.0,2009年第４四半期,改装済,,7.230448921378274
22005085,中古マンション等,,22102,静岡県,静岡市駿河区,曲金,東静岡,7,３ＬＤＫ,65,,,,平成17年,ＲＣ,住宅,住宅,,,,工業地域,60.0,200.0,2018年第３四半期,,,7.278753600952829
22001182,中古マンション等,,22101,静岡県,静岡市葵区,駒形通,静岡,14,２ＬＤＫ,80,,,,,ＲＣ,住宅,住宅,,,,商業地域,,,2016年第３四半期,未改装,,7.361727836017593
22117863,中古マンション等,,22101,静岡県,静岡市葵区,梅屋町,静岡,,１ＤＫ,30,,,,平成4年,ＲＣ,住宅,,,,,商業地域,80.0,400.0,2007年第１四半期,未改装,,6.799340549453582
22009025,中古マンション等,,22131,静岡県,浜松市中区,鴨江,浜松,29,３ＬＤＫ,75,,,,平成16年,ＲＣ,住宅,,,,,第１種中高層住居専用地域,60.0,200.0,2016年第４四半期,,,7.176091259055681
22061354,中古マンション等,,22131,静岡県,浜松市中区,春日町,浜松,28,４ＬＤＫ,80,,,,平成6年,ＲＣ,住宅,住宅,,,,第１種住居地域,60.0,200.0,2015年第４四半期,未改装,,6.977723605288848
22103758,中古マンション等,,22203,静岡県,沼津市,下河原町,沼津,23,３ＬＤＫ,65,,,,昭和63年,ＳＲＣ,住宅,,,,,近隣商業地域,80.0,300.0,2009年第１四半期,改装済,,6.924279286061882
22001304,中古マンション等,,22101,静岡県,静岡市葵区,七間町,静岡,11,１Ｋ,25,,,,昭和49年,ＳＲＣ,住宅,事務所,,,,商業地域,80.0,600.0,2016年第２四半期,未改装,,6.653212513775344
22057933,中古マンション等,,22102,静岡県,静岡市駿河区,豊田,静岡,30分?60分,３ＬＤＫ,80,,,,,ＲＣ,住宅,住宅,,,,工業地域,60.0,200.0,2015年第４四半期,未改装,,7.431363764158987
22002554,中古マンション等,,22101,静岡県,静岡市葵区,東静岡,東静岡,3,３ＬＤＫ,85,,,,平成26年,ＲＣ,,住宅,,,,商業地域,80.0,500.0,2019年第１四半期,未改装,,7.633468455579586
22105755,中古マンション等,,22210,静岡県,富士市,蓼原,富士,18,３ＬＤＫ,65,,,,平成19年,ＲＣ,住宅,,,,,工業地域,60.0,200.0,2013年第１四半期,未改装,,7.079181246047625
22122344,中古マンション等,,22131,静岡県,浜松市中区,佐鳴台,浜松,30分?60分,４ＬＤＫ,85,,,,平成2年,ＲＣ,住宅,,,,,第１種中高層住居専用地域,60.0,200.0,2008年第１四半期,未改装,,7.301029995663981
22029573,中古マンション等,,22210,静岡県,富士市,今泉,吉原,30分?60分,２ＬＤＫ,70,,,,平成18年,ＲＣ,住宅,住宅,,,,工業地域,60.0,400.0,2017年第２四半期,未改装,,7.176091259055681
22060911,中古マンション等,,22134,静岡県,浜松市南区,飯田町,浜松,30分?60分,３ＬＤＫ,75,,,,平成4年,ＲＣ,住宅,,,,,第１種住居地域,60.0,200.0,2010年第１四半期,未改装,,6.8750612633917
22065277,中古マンション等,,22102,静岡県,静岡市駿河区,石部,用宗,19,２ＬＤＫ,50,,,,平成6年,ＲＣ,住宅,,,,,第１種住居地域,60.0,200.0,2012年第２四半期,改装済,,6.982271233039568
22011071,中古マンション等,,22131,静岡県,浜松市中区,東伊場,浜松,24,３ＬＤＫ,80,,,,平成25年,,住宅,住宅,,,,第２種住居地域,60.0,200.0,2020年第２四半期,未改装,,7.431363764158987
22125695,中古マンション等,,22203,静岡県,沼津市,新宿町,沼津,8,３ＬＤＫ,75,,,,平成12年,ＲＣ,住宅,,,,,商業地域,80.0,400.0,2008年第１四半期,未改装,,7.301029995663981
22114631,中古マンション等,,22214,静岡県,藤枝市,稲川,藤枝,26,３ＬＤＫ,70,,,,平成17年,ＲＣ,住宅,,,,,第１種住居地域,60.0,200.0,2009年第１四半期,未改装,,7.176091259055681
22073932,中古マンション等,,22102,静岡県,静岡市駿河区,曲金,東静岡,9,４ＬＤＫ,85,,,,平成20年,ＲＣ,住宅,,,,,準工業地域,60.0,200.0,2013年第４四半期,改装済,,7.477121254719663
22003598,中古マンション等,,22102,静岡県,静岡市駿河区,小黒,春日町,5,３ＬＤＫ,55,,,,昭和63年,ＲＣ,住宅,住宅,,,,準工業地域,60.0,200.0,2016年第４四半期,改装済,,6.977723605288848
22079195,中古マンション等,,22131,静岡県,浜松市中区,佐藤,浜松,30分?60分,４ＬＤＫ,105,,,,平成14年,ＳＲＣ,住宅,,,,,第２種住居地域,60.0,200.0,2013年第２四半期,改装済,,7.477121254719663
22110125,中古マンション等,,22210,静岡県,富士市,石坂,富士,1H?1H30,３ＬＤＫ,65,,,,平成5年,ＲＣ,住宅,,,,,第２種中高層住居専用地域,60.0,150.0,2009年第１四半期,改装済,,7.041392685158225
22066026,中古マンション等,,22206,静岡県,三島市,加茂川町,三島,20,３ＬＤＫ,70,,,,平成8年,ＳＲＣ,住宅,住宅,,,,第２種住居地域,60.0,200.0,2014年第４四半期,未改装,,7.230448921378274
22008626,中古マンション等,,22131,静岡県,浜松市中区,海老塚,浜松,13,３ＬＤＫ,80,,,,,ＲＣ,住宅,住宅,,,,第１種住居地域,60.0,200.0,2017年第１四半期,未改装,,6.740362689494244
22058727,中古マンション等,,22102,静岡県,静岡市駿河区,南町,静岡,4,１ＤＫ,35,,,,昭和55年,ＳＲＣ,住宅,住宅,,,,商業地域,80.0,400.0,2015年第２四半期,未改装,,6.707570176097937
22056660,中古マンション等,,22131,静岡県,浜松市中区,神田町,浜松,26,４ＬＤＫ,80,,,,平成10年,ＲＣ,住宅,,,,,第１種住居地域,60.0,200.0,2010年第２四半期,未改装,調停・競売等,7.079181246047625
22058765,中古マンション等,,22133,静岡県,浜松市西区,雄踏町宇布見,浜松,1H30?2H,３ＬＤＫ,70,,,,平成6年,ＳＲＣ,住宅,住宅,,,,第２種中高層住居専用地域,60.0,200.0,2014年第２四半期,改装済,,7.079181246047625
22057964,中古マンション等,,22133,静岡県,浜松市西区,入野町,浜松,30分?60分,３ＬＤＫ,85,,,,平成15年,ＲＣ,住宅,住宅,,,,第２種住居地域,60.0,200.0,2014年第２四半期,未改装,,7.361727836017593
22129640,中古マンション等,,22211,静岡県,磐田市,一言,磐田,30分?60分,４ＬＤＫ,75,,,,平成5年,ＳＲＣ,住宅,,,,,市街化調整区域,60.0,200.0,2008年第３四半期,未改装,,6.8750612633917
22055928,中古マンション等,,22131,静岡県,浜松市中区,曳馬,浜松,30分?60分,３ＬＤＫ,90,,,,平成17年,ＲＣ,住宅,住宅,,,,第１種住居地域,60.0,200.0,2014年第３四半期,未改装,,7.278753600952829
22113895,中古マンション等,,22212,静岡県,焼津市,本町,焼津,11,３ＬＤＫ,80,,,,平成13年,ＳＲＣ,住宅,,,,,商業地域,80.0,400.0,2009年第１四半期,未改装,,7.204119982655925
22058552,中古マンション等,,22131,静岡県,浜松市中区,板屋町,浜松,4,３ＬＤＫ,75,,,,平成19年,ＲＣ,住宅,,,,,商業地域,80.0,400.0,2011年第２四半期,未改装,,7.544068044350276
22084209,中古マンション等,,22214,静岡県,藤枝市,稲川,藤枝,28,３ＬＤＫ,70,,,,,ＲＣ,住宅,,,,,第１種住居地域,,,2014年第１四半期,改装済,,7.176091259055681
22037981,中古マンション等,,22213,静岡県,掛川市,南,掛川,2,２ＬＤＫ,80,,,,平成16年,ＲＣ,住宅,住宅,,,,商業地域,80.0,400.0,2016年第１四半期,未改装,,7.361727836017593
22075002,中古マンション等,,22132,静岡県,浜松市東区,天龍川町,天竜川,2,３ＬＤＫ,65,,,,平成5年,ＳＲＣ,住宅,,,,,近隣商業地域,80.0,300.0,2012年第１四半期,改装済,,7.113943352306837
22070057,中古マンション等,,22135,静岡県,浜松市北区,三ヶ日町都筑,都筑,30分?60分,,45,,,,,ＳＲＣ,住宅,,,,,市街化調整区域,60.0,200.0,2015年第４四半期,未改装,,6.0
22008541,中古マンション等,,22131,静岡県,浜松市中区,板屋町,浜松,7,２ＬＤＫ,65,,,,平成20年,ＲＣ,住宅,その他,,,,商業地域,80.0,400.0,2020年第３四半期,未改装,,7.361727836017593
22084908,中古マンション等,,22203,静岡県,沼津市,岡一色,大岡(静岡),16,４ＬＤＫ,85,,,,平成11年,ＲＣ,住宅,,,,,第２種中高層住居専用地域,60.0,150.0,2012年第３四半期,未改装,,7.204119982655925
22111655,中古マンション等,,22214,静岡県,藤枝市,高洲,藤枝,24,３ＬＤＫ,75,,,,,ＲＣ,住宅,,,,,第２種中高層住居専用地域,60.0,150.0,2013年第１四半期,,,7.0
22030440,中古マンション等,,22210,静岡県,富士市,蓼原,富士,30分?60分,２ＤＫ,40,,,,昭和63年,ＳＲＣ,,その他,,,,工業地域,60.0,200.0,2018年第４四半期,未改装,,6.2552725051033065
22069820,中古マンション等,,22203,静岡県,沼津市,新沢田町,沼津,30分?60分,３ＬＤＫ,75,,,,平成19年,ＲＣ,住宅,,,,,第１種住居地域,60.0,200.0,2011年第３四半期,未改装,,7.230448921378274
22120606,中古マンション等,,22102,静岡県,静岡市駿河区,八幡,静岡,,３ＬＤＫ,65,,,,平成12年,,住宅,,,,,,,,2006年第４四半期,未改装,,7.278753600952829
22065534,中古マンション等,,22203,静岡県,沼津市,内浦小海,伊豆多賀,2H?,１ＤＫ,45,,,,平成2年,ＳＲＣ,住宅,,,,,市街化調整区域,70.0,200.0,2010年第３四半期,未改装,,6.544068044350276
22083203,中古マンション等,,22102,静岡県,静岡市駿河区,手越,安倍川,20,３ＬＤＫ,70,,,,平成12年,ＲＣ,住宅,,,,,準工業地域,60.0,200.0,2009年第１四半期,未改装,,7.0
22001139,中古マンション等,,22101,静岡県,静岡市葵区,呉服町,静岡,11,１ＬＤＫ,55,,,,平成26年,ＲＣ,住宅,住宅,,,,商業地域,80.0,600.0,2017年第３四半期,改装済,,7.57978359661681
22055473,中古マンション等,,22131,静岡県,浜松市中区,中沢町,浜松,30分?60分,１Ｋ,15,,,,昭和60年,ＲＣ,住宅,,,,,近隣商業地域,80.0,300.0,2014年第１四半期,未改装,,6.477121254719663
22014650,中古マンション等,,22133,静岡県,浜松市西区,舞阪町弁天島,浜松,2H?,２ＬＤＫ,70,,,,平成21年,,,住宅,,,,第１種住居地域,60.0,200.0,2020年第２四半期,未改装,,7.041392685158225
22078424,中古マンション等,,22131,静岡県,浜松市中区,鍛冶町,浜松,10,,80,,,,平成12年,ＳＲＣ,住宅,,,,,商業地域,80.0,400.0,2013年第４四半期,未改装,,7.4623979978989565
22095879,中古マンション等,,22203,静岡県,沼津市,真砂町,沼津,16,３ＬＤＫ,65,,,,,ＲＣ,住宅,,,,,第２種住居地域,60.0,200.0,2013年第１四半期,未改装,,7.2552725051033065
22053767,中古マンション等,,22103,静岡県,静岡市清水区,宮下町,清水(静岡),19,３ＬＤＫ,50,,,,昭和53年,ＲＣ,住宅,,,,,第２種住居地域,60.0,200.0,2014年第１四半期,改装済,,6.698970004336019
22066572,中古マンション等,,22203,静岡県,沼津市,新宿町,沼津,5,３ＬＤＫ,65,,,,平成10年,ＳＲＣ,住宅,,,,,商業地域,80.0,400.0,2010年第１四半期,,,7.204119982655925
22011512,中古マンション等,,22131,静岡県,浜松市中区,龍禅寺町,浜松,18,１ＬＤＫ,70,,,,平成2年,ＲＣ,住宅,住宅,,,,第２種住居地域,60.0,200.0,2016年第３四半期,改装済,,7.113943352306837
22064998,中古マンション等,,22203,静岡県,沼津市,東椎路,沼津,30分?60分,３ＬＤＫ,80,,,,平成6年,ＲＣ,住宅,,,,,市街化調整区域,,,2014年第４四半期,改装済,,7.079181246047625
22099698,中古マンション等,,22135,静岡県,浜松市北区,三ヶ日町大崎,東都筑,30分?60分,１ＬＤＫ,50,,,,昭和63年,ＳＲＣ,住宅,,,,,市街化調整区域,60.0,200.0,2009年第３四半期,未改装,,6.57978359661681
22056046,中古マンション等,,22102,静岡県,静岡市駿河区,用宗,用宗,2,４ＬＤＫ,80,,,,平成9年,ＲＣ,住宅,,,,,近隣商業地域,80.0,300.0,2011年第１四半期,未改装,,7.204119982655925
22085551,中古マンション等,,22211,静岡県,磐田市,中泉,磐田,3,３ＬＤＫ,80,,,,平成18年,ＲＣ,住宅,,,,,第１種住居地域,60.0,200.0,2011年第１四半期,未改装,,7.380211241711606
22129177,中古マンション等,,22210,静岡県,富士市,元町,富士,8,３ＬＤＫ,60,,,,昭和61年,ＳＲＣ,住宅,,,,,近隣商業地域,80.0,200.0,2008年第３四半期,未改装,,6.113943352306837
22010718,中古マンション等,,22131,静岡県,浜松市中区,成子町,浜松,11,４ＬＤＫ,100,,,,平成8年,ＳＲＣ,住宅,住宅,,,,近隣商業地域,80.0,300.0,2017年第２四半期,未改装,調停・競売等,7.204119982655925
22021330,中古マンション等,,22203,静岡県,沼津市,高島町,沼津,4,３ＬＤＫ,80,,,,平成2年,,住宅,住宅,,,,商業地域,80.0,400.0,2019年第４四半期,改装済,,7.079181246047625
22118051,中古マンション等,,22101,静岡県,静岡市葵区,川辺町,静岡,14,２ＤＫ,45,,,,平成2年,ＳＲＣ,住宅,,,,,商業地域,80.0,400.0,2008年第４四半期,改装済,,6.857332496431268
22021304,中古マンション等,,22203,静岡県,沼津市,高沢町,沼津,8,２ＬＤＫ,50,,,,平成6年,,住宅,住宅,,,,商業地域,80.0,400.0,2019年第４四半期,未改装,,6.8750612633917
22086760,中古マンション等,,22103,静岡県,静岡市清水区,幸町,清水(静岡),30分?60分,４ＬＤＫ,75,,,,平成13年,ＲＣ,住宅,,,,,準工業地域,60.0,200.0,2009年第４四半期,改装済,,7.146128035678238
22082115,中古マンション等,,22131,静岡県,浜松市中区,連尺町,浜松,12,１Ｋ,20,,,,昭和56年,ＳＲＣ,住宅,,,,,商業地域,80.0,600.0,2013年第４四半期,未改装,,4.301029995663981
22103596,中古マンション等,,22203,静岡県,沼津市,志下,沼津,1H?1H30,３ＬＤＫ,75,,,,昭和64年,ＳＲＣ,住宅,,,,,第１種住居地域,60.0,200.0,2009年第３四半期,未改装,,7.041392685158225
22008473,中古マンション等,,22131,静岡県,浜松市中区,池町,浜松,14,,70,,,,平成14年,ＳＲＣ,住宅,住宅,,,,商業地域,80.0,500.0,2017年第２四半期,,,7.146128035678238
22001288,中古マンション等,,22101,静岡県,静岡市葵区,七間町,静岡,11,３ＬＤＫ,80,,,,平成14年,ＳＲＣ,住宅,住宅,,,,商業地域,80.0,500.0,2020年第２四半期,改装済,,7.4623979978989565
22120170,中古マンション等,,22102,静岡県,静岡市駿河区,西中原,静岡,,オープンフロア,75,,,,昭和49年,,店舗,,,,,,,,2007年第１四半期,未改装,,6.505149978319906
22011265,中古マンション等,,22131,静岡県,浜松市中区,船越町,浜松,30分?60分,３ＬＤＫ,85,,,,平成21年,,住宅,住宅,,,,近隣商業地域,80.0,200.0,2019年第２四半期,未改装,,7.431363764158987
22014696,中古マンション等,,22133,静岡県,浜松市西区,舞阪町弁天島,弁天島,14,１Ｋ,20,,,,昭和49年,ＲＣ,,住宅,,,,第１種住居地域,60.0,200.0,2019年第３四半期,未改装,,6.113943352306837
22109437,中古マンション等,,22212,静岡県,焼津市,栄町,焼津,4,３ＬＤＫ,80,,,,平成15年,ＳＲＣ,住宅,,,,,商業地域,80.0,400.0,2013年第３四半期,未改装,,7.278753600952829
22073361,中古マンション等,,22102,静岡県,静岡市駿河区,中田,静岡,10,３ＬＤＫ,70,,,,昭和61年,ＲＣ,住宅,,,,,第２種中高層住居専用地域,60.0,200.0,2013年第１四半期,未改装,,7.079181246047625
22119243,中古マンション等,,22101,静岡県,静岡市葵区,竜南,静岡,30分?60分,３ＬＤＫ,80,,,,平成19年,ＲＣ,住宅,,,,,第２種中高層住居専用地域,60.0,200.0,2008年第１四半期,,,7.544068044350276
22123494,中古マンション等,,22132,静岡県,浜松市東区,宮竹町,浜松,30分?60分,３ＤＫ,50,,,,昭和62年,ＲＣ,住宅,,,,,第１種住居地域,60.0,200.0,2008年第１四半期,未改装,,6.919078092376074
22108606,中古マンション等,,22211,静岡県,磐田市,一言,磐田,30分?60分,３ＬＤＫ,55,,,,平成5年,ＳＲＣ,住宅,,,,,市街化調整区域,60.0,200.0,2013年第１四半期,未改装,,6.698970004336019
22079279,中古マンション等,,22101,静岡県,静岡市葵区,新通,静岡,26,４ＬＤＫ,70,,,,平成11年,ＲＣ,住宅,,,,,近隣商業地域,80.0,300.0,2009年第２四半期,改装済,,7.3979400086720375
22126457,中古マンション等,,22206,静岡県,三島市,長伏,大場,30分?60分,３ＬＤＫ＋Ｓ,85,,,,平成12年,ＲＣ,住宅,,,,,準工業地域,60.0,200.0,2008年第４四半期,未改装,調停・競売等,7.146128035678238
22052967,中古マンション等,,22101,静岡県,静岡市葵区,北安東,静岡,30分?60分,３ＬＤＫ,85,,,,平成22年,ＲＣ,住宅,,,,,第１種中高層住居専用地域,60.0,200.0,2011年第１四半期,未改装,,7.505149978319906
22074621,中古マンション等,,22132,静岡県,浜松市東区,小池町,浜松,1H?1H30,４ＬＤＫ,85,,,,平成7年,ＲＣ,住宅,,,,,準工業地域,60.0,200.0,2012年第４四半期,未改装,,7.278753600952829
22023177,中古マンション等,,22206,静岡県,三島市,栄町,三島広小路,5,３ＬＤＫ,55,,,,平成2年,,,,,,,近隣商業地域,80.0,200.0,2018年第２四半期,改装済,,6.869231719730976
22078904,中古マンション等,,22131,静岡県,浜松市中区,鴨江,浜松,29,２ＬＤＫ,55,,,,平成9年,ＳＲＣ,住宅,,,,,第１種中高層住居専用地域,60.0,200.0,2013年第２四半期,未改装,,7.079181246047625
22011110,中古マンション等,,22131,静岡県,浜松市中区,東伊場,浜松,24,２ＬＤＫ,75,,,,平成24年,ＲＣ,住宅,住宅,,,,第２種住居地域,60.0,200.0,2016年第２四半期,未改装,,7.414973347970818
22001290,中古マンション等,,22101,静岡県,静岡市葵区,七間町,静岡,10,１Ｋ,25,,,,昭和49年,,住宅,住宅,,,,商業地域,80.0,600.0,2019年第４四半期,未改装,,6.301029995663981
22068843,中古マンション等,,22103,静岡県,静岡市清水区,馬走北,草薙(ＪＲ),29,４ＬＤＫ,75,,,,昭和50年,ＳＲＣ,住宅,,,,,第２種住居地域,60.0,200.0,2012年第１四半期,未改装,,6.778151250383644
22057931,中古マンション等,,22102,静岡県,静岡市駿河区,豊田,静岡,30分?60分,３ＬＤＫ,80,,,,平成20年,ＲＣ,住宅,住宅,,,,工業地域,60.0,200.0,2015年第４四半期,改装済,,7.361727836017593
22056433,中古マンション等,,22131,静岡県,浜松市中区,海老塚,浜松,11,３ＤＫ,65,,,,昭和49年,ＳＲＣ,住宅,,,,,第１種住居地域,60.0,200.0,2010年第１四半期,改装済,,6.7923916894982534
22014959,中古マンション等,,22133,静岡県,浜松市西区,雄踏町宇布見,浜松,1H30?2H,３ＬＤＫ,65,,,,平成6年,ＳＲＣ,住宅,住宅,,,,第１種住居地域,60.0,200.0,2019年第１四半期,改装済,,7.041392685158225
22014699,中古マンション等,,22133,静岡県,浜松市西区,舞阪町弁天島,弁天島,12,１ＤＫ,20,,,,昭和49年,,住宅,住宅,,,,第１種住居地域,60.0,200.0,2018年第３四半期,未改装,,5.778151250383644
22103538,中古マンション等,,22203,静岡県,沼津市,西条町,沼津,9,３ＬＤＫ,65,,,,昭和64年,ＳＲＣ,住宅,,,,,商業地域,80.0,400.0,2009年第２四半期,未改装,調停・競売等,6.748188027006201
22006652,中古マンション等,,22103,静岡県,静岡市清水区,草薙,草薙(ＪＲ),5,３ＬＤＫ,70,,,,平成29年,ＲＣ,住宅,住宅,,,,準工業地域,60.0,200.0,2018年第３四半期,未改装,,7.505149978319906
22060636,中古マンション等,,22131,静岡県,浜松市中区,元浜町,浜松,18,１ＤＫ,35,,,,昭和64年,ＳＲＣ,住宅,,,,,商業地域,80.0,400.0,2011年第３四半期,未改装,,6.633468455579586
22066354,中古マンション等,,22206,静岡県,三島市,徳倉,三島,20,３ＬＤＫ,70,,,,平成8年,ＲＣ,住宅,その他,,,,第１種中高層住居専用地域,60.0,150.0,2014年第４四半期,未改装,調停・競売等,7.113943352306837
22020607,中古マンション等,,22203,静岡県,沼津市,岡一色,大岡(静岡),13,３ＬＤＫ,65,,,,,ＲＣ,,その他,,,,第１種住居地域,60.0,200.0,2018年第２四半期,,調停・競売等,7.0
22056431,中古マンション等,,22131,静岡県,浜松市中区,海老塚,浜松,13,３ＬＤＫ,65,,,,平成7年,ＲＣ,住宅,,,,,第１種住居地域,60.0,200.0,2010年第１四半期,未改装,,7.0
22007679,中古マンション等,,22103,静岡県,静岡市清水区,真砂町,清水(静岡),3,２ＬＤＫ,70,,,,平成19年,,住宅,住宅,,,,商業地域,80.0,400.0,2020年第２四半期,,,7.342422680822207
22031032,中古マンション等,,22210,静岡県,富士市,錦町,富士,30分?60分,２ＬＤＫ,65,,,,昭和57年,ＳＲＣ,住宅,住宅,,,,近隣商業地域,80.0,300.0,2018年第２四半期,改装済,,7.041392685158225
22088889,中古マンション等,,22206,静岡県,三島市,広小路町,三島,11,３ＬＤＫ,60,,,,平成20年,ＲＣ,住宅,,,,,商業地域,80.0,400.0,2012年第４四半期,未改装,,7.342422680822207
22051718,中古マンション等,,22101,静岡県,静岡市葵区,三番町,静岡,23,３ＬＤＫ,70,,,,平成20年,ＲＣ,住宅,,,,,近隣商業地域,80.0,200.0,2010年第３四半期,改装済,,7.491361693834273
22080337,中古マンション等,,22101,静岡県,静岡市葵区,常磐町,静岡,13,３ＬＤＫ,65,,,,平成12年,ＲＣ,住宅,,,,,商業地域,80.0,400.0,2009年第２四半期,未改装,,7.380211241711606
22009708,中古マンション等,,22131,静岡県,浜松市中区,住吉,浜松,30分?60分,３ＬＤＫ,60,,,,昭和50年,ＲＣ,住宅,住宅,,,,第２種住居地域,60.0,200.0,2017年第３四半期,未改装,,6.361727836017593
22066435,中古マンション等,,22136,静岡県,浜松市浜北区,貴布祢,浜北,1,３ＬＤＫ,75,,,,平成13年,ＲＣ,住宅,,,,,商業地域,80.0,400.0,2011年第１四半期,未改装,,7.278753600952829
22007720,中古マンション等,,22103,静岡県,静岡市清水区,馬走北,草薙(ＪＲ),28,３ＬＤＫ,65,,,,昭和52年,ＳＲＣ,住宅,住宅,,,,第２種住居地域,60.0,200.0,2017年第１四半期,未改装,,6.724275869600789
22032399,中古マンション等,,22211,静岡県,磐田市,今之浦,磐田,25,４ＬＤＫ,80,,,,平成20年,ＲＣ,住宅,,,,,第１種住居地域,60.0,200.0,2016年第３四半期,改装済,,7.342422680822207
22010026,中古マンション等,,22131,静岡県,浜松市中区,高丘東,浜松,1H30?2H,３ＬＤＫ,65,,,,平成5年,,住宅,その他,,,,工業地域,60.0,200.0,2020年第１四半期,未改装,,6.505149978319906
22062425,中古マンション等,,22131,静岡県,浜松市中区,住吉,浜松,30分?60分,２ＬＤＫ,60,,,,昭和50年,ＳＲＣ,住宅,住宅,,,,第２種住居地域,60.0,200.0,2015年第１四半期,未改装,,6.653212513775344
22088853,中古マンション等,,22131,静岡県,浜松市中区,相生町,浜松,19,４ＬＤＫ,85,,,,平成11年,ＳＲＣ,住宅,,,,,商業地域,80.0,400.0,2009年第４四半期,未改装,,7.2552725051033065
22125595,中古マンション等,,22203,静岡県,沼津市,西条町,沼津,6,３ＬＤＫ,65,,,,昭和64年,ＳＲＣ,住宅,,,,,商業地域,80.0,500.0,2007年第３四半期,,,7.079181246047625
22005110,中古マンション等,,22102,静岡県,静岡市駿河区,曲金,東静岡,11,３ＬＤＫ,70,,,,平成20年,ＲＣ,住宅,住宅,,,,工業地域,60.0,200.0,2017年第３四半期,未改装,,7.3979400086720375
22086233,中古マンション等,,22133,静岡県,浜松市西区,舞阪町弁天島,弁天島,8,２ＬＤＫ,55,,,,平成3年,ＲＣ,住宅,,,,,第１種住居地域,60.0,200.0,2013年第４四半期,未改装,,6.6020599913279625
22062927,中古マンション等,,22131,静岡県,浜松市中区,寺島町,浜松,12,２ＤＫ,55,,,,平成3年,ＳＲＣ,住宅,住宅,,,,近隣商業地域,80.0,300.0,2015年第４四半期,,,6.819543935541868
22092379,中古マンション等,,22131,静岡県,浜松市中区,三組町,浜松,25,３ＬＤＫ,70,,,,,ＲＣ,住宅,,,,,第１種住居地域,60.0,200.0,2009年第３四半期,改装済,,7.278753600952829
22009579,中古マンション等,,22131,静岡県,浜松市中区,菅原町,浜松,21,３ＬＤＫ,65,,,,昭和63年,ＲＣ,住宅,住宅,,,,近隣商業地域,80.0,300.0,2019年第４四半期,未改装,,6.698970004336019
22119001,中古マンション等,,22101,静岡県,静岡市葵区,本通,静岡,15,２ＬＤＫ,55,,,,昭和56年,ＲＣ,住宅,,,,,商業地域,80.0,500.0,2008年第３四半期,未改装,,6.9344984512435675
22089855,中古マンション等,,22135,静岡県,浜松市北区,三ヶ日町都筑,都筑,24,１ＬＤＫ,40,,,,昭和59年,ＲＣ,住宅,,,,,市街化調整区域,60.0,200.0,2013年第２四半期,未改装,,5.903089986991944
22125703,中古マンション等,,22203,静岡県,沼津市,杉崎町,沼津,20,３ＬＤＫ,65,,,,昭和64年,ＳＲＣ,住宅,,,,,第２種住居地域,60.0,200.0,2008年第２四半期,改装済,,7.0
22031174,中古マンション等,,22210,静岡県,富士市,広見西本町,富士,1H?1H30,３ＬＤＫ,95,,,,平成12年,ＲＣ,住宅,住宅,,,,第１種中高層住居専用地域,50.0,100.0,2019年第３四半期,改装済,,7.204119982655925
22034897,中古マンション等,,22212,静岡県,焼津市,駅北,焼津,1,１ＤＫ,25,,,,平成4年,ＲＣ,住宅,住宅,,,,商業地域,80.0,600.0,2017年第３四半期,未改装,,6.698970004336019
22059322,中古マンション等,,22103,静岡県,静岡市清水区,小芝町,清水(静岡),7,３ＬＤＫ,55,,,,平成5年,ＳＲＣ,住宅,住宅,,,,商業地域,80.0,400.0,2015年第４四半期,未改装,,7.079181246047625
22077981,中古マンション等,,22101,静岡県,静岡市葵区,大岩,静岡,30分?60分,２ＬＤＫ,75,,,,平成16年,ＲＣ,住宅,,,,,第１種中高層住居専用地域,60.0,200.0,2009年第３四半期,未改装,,7.380211241711606
22093261,中古マンション等,,22203,静岡県,沼津市,江原町,沼津,24,４ＬＤＫ,75,,,,平成8年,ＲＣ,住宅,,,,,第１種住居地域,60.0,200.0,2013年第１四半期,未改装,調停・競売等,7.113943352306837
22066128,中古マンション等,,22206,静岡県,三島市,寿町,三島,5,２ＬＤＫ,55,,,,平成2年,ＲＣ,住宅,,,,,近隣商業地域,80.0,200.0,2014年第１四半期,未改装,,6.954242509439325
22105982,中古マンション等,,22213,静岡県,掛川市,南,掛川,3,１Ｋ,20,,,,平成3年,ＲＣ,住宅,,,,,商業地域,80.0,400.0,2012年第２四半期,未改装,,6.079181246047625
22013753,中古マンション等,,22133,静岡県,浜松市西区,入野町,浜松,1H?1H30,３ＬＤＫ,70,,,,,ＲＣ,,住宅,,,,市街化調整区域,60.0,200.0,2018年第２四半期,未改装,,6.929418925714293
22021563,中古マンション等,,22203,静岡県,沼津市,西島町,沼津,24,３ＬＤＫ,75,,,,平成21年,ＳＲＣ,住宅,住宅,,,,,,,2016年第４四半期,,,7.2552725051033065
22077557,中古マンション等,,22206,静岡県,三島市,南町,三島田町,13,３ＬＤＫ,70,,,,平成16年,ＲＣ,住宅,住宅,,,,第２種住居地域,60.0,200.0,2015年第４四半期,未改装,,7.301029995663981
22052086,中古マンション等,,22102,静岡県,静岡市駿河区,曲金,静岡,24,３ＤＫ,45,,,,昭和48年,ＳＲＣ,住宅,住宅,,,,工業地域,60.0,200.0,2014年第４四半期,改装済,,6.740362689494244
22063692,中古マンション等,,22203,静岡県,沼津市,大岡,沼津,28,３ＬＤＫ,75,,,,平成9年,ＲＣ,住宅,住宅,,,,第２種中高層住居専用地域,60.0,200.0,2014年第２四半期,未改装,,7.113943352306837
22000327,中古マンション等,,22101,静岡県,静岡市葵区,追手町,静岡,14,２ＬＤＫ,55,,,,,ＳＲＣ,,住宅,,,,,,,2018年第２四半期,,,6.681241237375588
22001438,中古マンション等,,22101,静岡県,静岡市葵区,新通,静岡,25,３ＬＤＫ,65,,,,平成11年,ＲＣ,住宅,住宅,,,,近隣商業地域,80.0,300.0,2018年第２四半期,,,7.278753600952829
22039535,中古マンション等,,22214,静岡県,藤枝市,田沼,藤枝,8,２ＬＤＫ,75,,,,平成20年,ＲＣ,住宅,住宅,,,,第２種住居地域,60.0,200.0,2017年第４四半期,未改装,,7.380211241711606
22017469,中古マンション等,,22135,静岡県,浜松市北区,三ヶ日町大崎,都筑,30分?60分,２ＬＤＫ,80,,,,昭和63年,ＳＲＣ,住宅,住宅,,,,市街化調整区域,60.0,200.0,2016年第４四半期,改装済,,6.944482672150168
22080083,中古マンション等,,22131,静岡県,浜松市中区,高丘北,浜松,1H30?2H,３ＬＤＫ,80,,,,平成4年,ＲＣ,住宅,,,,,第１種住居地域,60.0,200.0,2013年第１四半期,未改装,,7.041392685158225
22062962,中古マンション等,,22135,静岡県,浜松市北区,三ヶ日町大崎,都筑,28,２ＬＤＫ,45,,,,平成2年,ＳＲＣ,住宅,,,,,市街化調整区域,60.0,200.0,2010年第１四半期,未改装,,7.079181246047625
22056069,中古マンション等,,22131,静岡県,浜松市中区,元城町,浜松,16,４ＬＤＫ,120,,,,平成10年,ＲＣ,住宅,住宅,,,,商業地域,80.0,600.0,2014年第２四半期,未改装,,7.447158031342219
22117876,中古マンション等,,22101,静岡県,静岡市葵区,追手町,静岡,,オープンフロア,50,,,,昭和54年,,店舗,,,,,,,,2006年第４四半期,未改装,,6.643452676486188
22064744,中古マンション等,,22132,静岡県,浜松市東区,植松町,浜松,30分?60分,３ＬＤＫ,75,,,,平成21年,ＲＣ,住宅,住宅,,,,第１種住居地域,60.0,200.0,2015年第２四半期,未改装,,7.361727836017593
22001302,中古マンション等,,22101,静岡県,静岡市葵区,七間町,静岡,10,１Ｋ,20,,,,昭和61年,ＳＲＣ,住宅,住宅,,,,商業地域,80.0,600.0,2017年第１四半期,改装済,,6.681241237375588
22057015,中古マンション等,,22131,静岡県,浜松市中区,佐鳴台,浜松,30分?60分,１Ｋ,15,,,,昭和64年,ＲＣ,住宅,,,,,第１種中高層住居専用地域,60.0,200.0,2010年第３四半期,,,6.113943352306837
22022057,中古マンション等,,22203,静岡県,沼津市,三園町,沼津,21,３ＬＤＫ,70,,,,平成21年,ＲＣ,,住宅,,,,近隣商業地域,80.0,200.0,2020年第３四半期,改装済,,7.230448921378274
22109838,中古マンション等,,22212,静岡県,焼津市,本町,焼津,8,４ＬＤＫ,70,,,,平成19年,ＲＣ,住宅,,,,,商業地域,80.0,400.0,2013年第３四半期,未改装,調停・競売等,6.8061799739838875
22005054,中古マンション等,,22102,静岡県,静岡市駿河区,曲金,東静岡,5,２ＬＤＫ,60,,,,平成27年,ＲＣ,,住宅,,,,商業地域,80.0,500.0,2020年第２四半期,未改装,,7.491361693834273
22080353,中古マンション等,,22135,静岡県,浜松市北区,三ヶ日町都筑,都筑,28,１Ｋ,25,,,,昭和49年,ＳＲＣ,住宅,,,,,市街化調整区域,60.0,200.0,2012年第２四半期,改装済,,6.0
22013371,中古マンション等,,22132,静岡県,浜松市東区,半田山,浜松,1H30?2H,２ＬＤＫ,60,,,,平成14年,ＲＣ,住宅,住宅,,,,第２種中高層住居専用地域,60.0,200.0,2018年第４四半期,未改装,,7.204119982655925
22016084,中古マンション等,,22134,静岡県,浜松市南区,本郷町,浜松,30分?60分,３ＬＤＫ,65,,,,平成10年,ＲＣ,住宅,住宅,,,,第２種中高層住居専用地域,60.0,200.0,2017年第１四半期,未改装,調停・競売等,6.785329835010767
22004681,中古マンション等,,22102,静岡県,静岡市駿河区,中原,静岡,25,３ＬＤＫ,70,,,,平成18年,ＲＣ,住宅,住宅,,,,準工業地域,60.0,200.0,2017年第３四半期,改装済,,7.380211241711606
22004157,中古マンション等,,22102,静岡県,静岡市駿河区,石部,用宗,16,１ＤＫ,30,,,,平成6年,ＲＣ,住宅,住宅,,,,第１種住居地域,60.0,200.0,2019年第４四半期,未改装,,6.643452676486188
22084260,中古マンション等,,22214,静岡県,藤枝市,駅前,藤枝,4,３ＬＤＫ,80,,,,平成10年,ＳＲＣ,住宅,住宅,,,,商業地域,80.0,400.0,2014年第３四半期,未改装,,7.230448921378274
22117939,中古マンション等,,22101,静岡県,静岡市葵区,春日,静岡,23,２ＬＤＫ,55,,,,昭和48年,ＳＲＣ,住宅,,,,,第２種住居地域,60.0,200.0,2008年第２四半期,,,6.763427993562937
22037971,中古マンション等,,22213,静岡県,掛川市,南,掛川,2,４ＬＤＫ,90,,,,平成16年,ＲＣ,住宅,住宅,,,,商業地域,80.0,400.0,2019年第４四半期,未改装,,7.342422680822207
22088286,中古マンション等,,22103,静岡県,静岡市清水区,宮下町,清水(静岡),18,４Ｋ,50,,,,昭和53年,ＲＣ,住宅,,,,,第２種住居地域,60.0,200.0,2009年第４四半期,改装済,,6.7923916894982534
22008563,中古マンション等,,22131,静岡県,浜松市中区,板屋町,浜松,5,,145,,,,平成18年,,,事務所,,,,商業地域,80.0,600.0,2017年第４四半期,未改装,,7.991226075692495
22017448,中古マンション等,,22135,静岡県,浜松市北区,三ヶ日町大崎,都筑,30分?60分,１ＬＤＫ,40,,,,昭和61年,ＲＣ,,その他,,,,市街化調整区域,60.0,200.0,2019年第１四半期,未改装,,6.544068044350276
22033402,中古マンション等,,22211,静岡県,磐田市,立野,豊田町,1,２ＬＤＫ,70,,,,,ＳＲＣ,,住宅,,,,近隣商業地域,80.0,200.0,2020年第２四半期,未改装,,7.204119982655925
22089595,中古マンション等,,22135,静岡県,浜松市北区,三ヶ日町大崎,都筑,30分?60分,２ＬＤＫ,65,,,,平成2年,ＳＲＣ,住宅,,,,,市街化調整区域,60.0,200.0,2013年第１四半期,未改装,,6.7558748556724915
22011207,中古マンション等,,22131,静岡県,浜松市中区,曳馬町,浜松,11,３ＬＤＫ,70,,,,平成17年,ＲＣ,住宅,住宅,,,,第１種住居地域,60.0,200.0,2016年第１四半期,未改装,,7.301029995663981
22079762,中古マンション等,,22101,静岡県,静岡市葵区,瀬名中央,草薙(ＪＲ),30分?60分,２ＬＤＫ,60,,,,,ＲＣ,住宅,,,,,第２種中高層住居専用地域,60.0,200.0,2009年第２四半期,改装済,,7.041392685158225
22051303,中古マンション等,,22101,静岡県,静岡市葵区,安東,静岡,30分?60分,３ＬＤＫ＋Ｓ,75,,,,昭和62年,ＲＣ,住宅,,,,,第２種中高層住居専用地域,60.0,200.0,2010年第１四半期,未改装,,7.146128035678238
22017475,中古マンション等,,22135,静岡県,浜松市北区,三ヶ日町大崎,都筑,30分?60分,１ＬＤＫ,40,,,,昭和61年,ＲＣ,住宅,住宅,,,,市街化調整区域,60.0,200.0,2016年第３四半期,改装済,,6.662757831681574
22008605,中古マンション等,,22131,静岡県,浜松市中区,海老塚,浜松,15,３ＬＤＫ,65,,,,昭和49年,ＳＲＣ,,住宅,,,,第１種住居地域,60.0,200.0,2019年第２四半期,未改装,,6.447158031342219
22000328,中古マンション等,,22101,静岡県,静岡市葵区,追手町,静岡,13,２ＬＤＫ,55,,,,昭和54年,ＳＲＣ,,住宅,,,,商業地域,80.0,600.0,2018年第１四半期,未改装,,6.903089986991944
22009366,中古マンション等,,22131,静岡県,浜松市中区,佐鳴台,浜松,30分?60分,２ＬＤＫ,70,,,,平成7年,ＲＣ,住宅,住宅,,,,第１種中高層住居専用地域,60.0,200.0,2016年第３四半期,未改装,,7.0
22021182,中古マンション等,,22203,静岡県,沼津市,新宿町,沼津,8,４ＬＤＫ,85,,,,平成13年,ＳＲＣ,住宅,住宅,,,,商業地域,80.0,400.0,2018年第１四半期,未改装,,7.230448921378274
22075808,中古マンション等,,22210,静岡県,富士市,水戸島本町,富士,6,１Ｋ,15,,,,平成4年,ＳＲＣ,住宅,事務所,,,,近隣商業地域,80.0,300.0,2014年第３四半期,未改装,,6.447158031342219
22054148,中古マンション等,,22131,静岡県,浜松市中区,海老塚,浜松,14,３ＬＤＫ,65,,,,平成7年,ＲＣ,住宅,,,,,第１種住居地域,60.0,200.0,2014年第１四半期,改装済,,7.0
22011498,中古マンション等,,22131,静岡県,浜松市中区,龍禅寺町,浜松,11,２ＬＤＫ,50,,,,平成2年,ＳＲＣ,住宅,住宅,,,,近隣商業地域,80.0,300.0,2017年第３四半期,,,6.897627091290442
22124639,中古マンション等,,22135,静岡県,浜松市北区,三ヶ日町大崎,都筑,30分?60分,２ＬＤＫ,65,,,,平成2年,ＳＲＣ,住宅,,,,,市街化調整区域,60.0,200.0,2007年第３四半期,改装済,,6.903089986991944
22074409,中古マンション等,,22203,静岡県,沼津市,新沢田町,沼津,29,３ＬＤＫ,70,,,,昭和63年,ＲＣ,住宅,住宅,,,,準工業地域,60.0,200.0,2015年第２四半期,改装済,,7.079181246047625
22051344,中古マンション等,,22101,静岡県,静岡市葵区,梅屋町,静岡,14,２ＬＤＫ,50,,,,平成4年,ＲＣ,住宅,,,,,商業地域,80.0,400.0,2010年第２四半期,未改装,,7.041392685158225
22057188,中古マンション等,,22102,静岡県,静岡市駿河区,稲川,静岡,7,２ＬＤＫ,70,,,,平成23年,ＲＣ,住宅,住宅,,,,商業地域,80.0,500.0,2015年第３四半期,未改装,,7.556302500767287
22031742,中古マンション等,,22210,静岡県,富士市,水戸島元町,富士,5,３ＬＤＫ,60,,,,平成22年,ＲＣ,住宅,住宅,,,,商業地域,80.0,400.0,2019年第１四半期,未改装,,7.342422680822207
22077869,中古マンション等,,22101,静岡県,静岡市葵区,追手町,静岡,11,２ＬＤＫ,55,,,,昭和54年,ＳＲＣ,住宅,,,,,商業地域,80.0,600.0,2009年第４四半期,未改装,,6.929418925714293
22021170,中古マンション等,,22203,静岡県,沼津市,新宿町,沼津,7,３ＬＤＫ,65,,,,昭和59年,ＳＲＣ,住宅,住宅,,,,商業地域,80.0,400.0,2020年第１四半期,未改装,,6.903089986991944
22073095,中古マンション等,,22203,静岡県,沼津市,泉町,沼津,16,３ＬＤＫ,70,,,,,ＲＣ,住宅,住宅,,,,第２種中高層住居専用地域,60.0,200.0,2015年第２四半期,未改装,,7.3979400086720375
22060158,中古マンション等,,22131,静岡県,浜松市中区,茄子町,浜松,30分?60分,３ＬＤＫ,60,,,,平成12年,ＲＣ,住宅,,,,,第１種住居地域,60.0,200.0,2011年第４四半期,未改装,,7.113943352306837
22001246,中古マンション等,,22101,静岡県,静岡市葵区,三番町,静岡,25,２ＬＤＫ,55,,,,平成31年,ＲＣ,,住宅,,,,近隣商業地域,80.0,200.0,2020年第２四半期,未改装,,7.4623979978989565
22082050,中古マンション等,,22102,静岡県,静岡市駿河区,稲川,静岡,8,３ＬＤＫ,60,,,,平成13年,ＳＲＣ,住宅,,,,,近隣商業地域,80.0,300.0,2009年第４四半期,未改装,調停・競売等,7.278753600952829
22122164,中古マンション等,,22131,静岡県,浜松市中区,上島,浜松,30分?60分,３ＬＤＫ,75,,,,平成15年,ＳＲＣ,住宅,,,,,第１種住居地域,60.0,200.0,2008年第３四半期,未改装,,7.342422680822207
22011083,中古マンション等,,22131,静岡県,浜松市中区,東伊場,浜松,25,３ＬＤＫ,75,,,,平成24年,ＲＣ,住宅,住宅,,,,第２種住居地域,60.0,200.0,2019年第２四半期,未改装,,7.3979400086720375
22060824,中古マンション等,,22133,静岡県,浜松市西区,雄踏町宇布見,浜松,2H?,３ＬＤＫ,70,,,,平成6年,ＳＲＣ,住宅,,,,,第２種中高層住居専用地域,60.0,200.0,2010年第４四半期,改装済,,7.113943352306837
22070513,中古マンション等,,22131,静岡県,浜松市中区,北寺島町,浜松,11,１Ｋ,20,,,,平成2年,ＳＲＣ,住宅,,,,,商業地域,80.0,500.0,2012年第３四半期,未改装,,6.3979400086720375
22052657,中古マンション等,,22101,静岡県,静岡市葵区,竜南,静岡,30分?60分,３ＬＤＫ,70,,,,平成19年,ＲＣ,住宅,,,,,第２種中高層住居専用地域,60.0,200.0,2010年第４四半期,未改装,,7.342422680822207
22084267,中古マンション等,,22214,静岡県,藤枝市,駅前,藤枝,5,４ＬＤＫ,75,,,,,ＳＲＣ,住宅,,,,,商業地域,80.0,400.0,2014年第１四半期,未改装,,7.176091259055681
22022189,中古マンション等,,22203,静岡県,沼津市,吉田町,沼津,22,３ＬＤＫ,65,,,,昭和62年,ＲＣ,,住宅,,,,準工業地域,60.0,150.0,2020年第３四半期,未改装,,6.146128035678238
22099685,中古マンション等,,22135,静岡県,浜松市北区,三ヶ日町大崎,都筑,30分?60分,１ＬＤＫ,45,,,,,ＳＲＣ,住宅,,,,,市街化調整区域,60.0,200.0,2009年第４四半期,未改装,,6.477121254719663
22098927,中古マンション等,,22207,静岡県,富士宮市,朝日町,西富士宮,15,４ＬＤＫ,75,,,,,ＲＣ,住宅,,,,,,,,2013年第２四半期,,,7.0
22054821,中古マンション等,,22101,静岡県,静岡市葵区,大岩,静岡,30分?60分,３ＬＤＫ,80,,,,平成17年,ＲＣ,住宅,,,,,第２種中高層住居専用地域,60.0,200.0,2015年第２四半期,,,7.447158031342219
22000813,中古マンション等,,22101,静岡県,静岡市葵区,川辺町,静岡,15,１ＤＫ,25,,,,,ＲＣ,,その他,,,,商業地域,80.0,400.0,2018年第４四半期,未改装,,6.799340549453582
22007153,中古マンション等,,22103,静岡県,静岡市清水区,辻,清水(静岡),2,２ＬＤＫ,70,,,,平成24年,ＳＲＣ,,住宅,,,,商業地域,80.0,500.0,2019年第４四半期,,,7.380211241711606
22005296,中古マンション等,,22102,静岡県,静岡市駿河区,丸子新田,安倍川,23,５ＬＤＫ,90,,,,平成16年,,住宅,住宅,,,,準工業地域,60.0,200.0,2020年第１四半期,改装済,,7.230448921378274
22083380,中古マンション等,,22212,静岡県,焼津市,栄町,焼津,1,２ＬＤＫ,70,,,,平成9年,ＳＲＣ,住宅,,,,,商業地域,80.0,400.0,2010年第３四半期,改装済,,7.113943352306837
22120153,中古マンション等,,22102,静岡県,静岡市駿河区,西中原,静岡,28,４ＬＤＫ,100,,,,平成3年,ＲＣ,住宅,,,,,工業地域,60.0,200.0,2008年第３四半期,改装済,,7.204119982655925
22029117,中古マンション等,,22210,静岡県,富士市,厚原,入山瀬,20,２ＬＤＫ,65,,,,平成5年,ＲＣ,住宅,住宅,,,,第１種住居地域,60.0,200.0,2018年第１四半期,改装済,,6.991226075692495
22023910,中古マンション等,,22206,静岡県,三島市,南本町,三島,13,２ＬＤＫ,75,,,,平成18年,ＲＣ,住宅,住宅,,,,第１種住居地域,60.0,200.0,2020年第３四半期,未改装,,7.491361693834273
22009742,中古マンション等,,22131,静岡県,浜松市中区,早出町,浜松,30分?60分,３ＬＤＫ,80,,,,平成25年,,住宅,住宅,,,,第１種住居地域,60.0,200.0,2020年第２四半期,未改装,,7.380211241711606
22085388,中古マンション等,,22203,静岡県,沼津市,志下,沼津,1H?1H30,２ＬＤＫ＋Ｓ,75,,,,昭和64年,ＳＲＣ,住宅,,,,,第１種住居地域,60.0,200.0,2012年第３四半期,,,6.968482948553935
22089056,中古マンション等,,22206,静岡県,三島市,松が丘,三島,30分?60分,２ＬＤＫ,60,,,,平成13年,ＲＣ,住宅,,,,,第２種住居地域,60.0,200.0,2012年第３四半期,未改装,,7.176091259055681
22080501,中古マンション等,,22131,静岡県,浜松市中区,寺島町,浜松,13,１Ｋ,20,,,,平成3年,ＳＲＣ,住宅,,,,,近隣商業地域,80.0,300.0,2013年第４四半期,未改装,調停・競売等,6.113943352306837
22009548,中古マンション等,,22131,静岡県,浜松市中区,新津町,助信,1,３ＬＤＫ,75,,,,昭和58年,ＳＲＣ,住宅,住宅,,,,近隣商業地域,80.0,200.0,2016年第３四半期,未改装,,6.986771734266245
22080810,中古マンション等,,22211,静岡県,磐田市,立野,豊田町,1,４ＬＤＫ,80,,,,平成11年,ＲＣ,住宅,,,,,商業地域,80.0,200.0,2010年第２四半期,未改装,,7.278753600952829
22108601,中古マンション等,,22211,静岡県,磐田市,一言,磐田,30分?60分,４ＬＤＫ,70,,,,平成5年,ＳＲＣ,住宅,,,,,市街化調整区域,60.0,200.0,2013年第２四半期,未改装,,6.919078092376074
22079179,中古マンション等,,22131,静岡県,浜松市中区,佐藤,浜松,30分?60分,３ＬＤＫ,70,,,,平成14年,ＳＲＣ,住宅,,,,,第２種住居地域,60.0,200.0,2013年第３四半期,未改装,,7.2552725051033065
22002232,中古マンション等,,22101,静岡県,静岡市葵区,長沼,東静岡,16,２ＬＤＫ,60,,,,平成13年,ＲＣ,,住宅,,,,第１種住居地域,60.0,200.0,2017年第４四半期,,,7.176091259055681
22125592,中古マンション等,,22203,静岡県,沼津市,西条町,沼津,10,４ＬＤＫ,75,,,,平成14年,ＳＲＣ,住宅,,,,,商業地域,80.0,400.0,2008年第４四半期,,調停・競売等,7.2552725051033065
22074715,中古マンション等,,22102,静岡県,静岡市駿河区,八幡,静岡,14,４ＬＤＫ,95,,,,平成20年,ＲＣ,住宅,,,,,第２種住居地域,60.0,200.0,2013年第３四半期,未改装,,7.698970004336019
22063833,中古マンション等,,22203,静岡県,沼津市,岡一色,大岡(静岡),14,２ＬＤＫ,65,,,,平成9年,ＲＣ,住宅,住宅,,,,第１種住居地域,60.0,200.0,2014年第４四半期,改装済,,7.2552725051033065
22125687,中古マンション等,,22203,静岡県,沼津市,庄栄町,沼津,8,２ＬＤＫ,60,,,,平成2年,ＳＲＣ,住宅,,,,,準住居地域,60.0,200.0,2007年第４四半期,,,7.146128035678238
22124650,中古マンション等,,22135,静岡県,浜松市北区,三ヶ日町大崎,東都筑,30分?60分,１ＬＤＫ,45,,,,平成2年,ＳＲＣ,住宅,,,,,市街化調整区域,60.0,200.0,2007年第２四半期,未改装,調停・競売等,6.5910646070264995
22125696,中古マンション等,,22203,静岡県,沼津市,新宿町,沼津,4,３ＬＤＫ,65,,,,平成11年,ＳＲＣ,住宅,,,,,商業地域,80.0,400.0,2008年第１四半期,,,7.113943352306837
22086122,中古マンション等,,22203,静岡県,沼津市,西島町,沼津,28,３ＬＤＫ,75,,,,平成20年,ＲＣ,住宅,,,,,準工業地域,60.0,200.0,2012年第３四半期,改装済,,7.230448921378274
22031265,中古マンション等,,22210,静岡県,富士市,平垣・十兵衛・上横割・下横割,富士,10,３ＬＤＫ,70,,,,平成10年,ＲＣ,住宅,住宅,,,,第２種住居地域,60.0,200.0,2016年第４四半期,未改装,調停・競売等,6.812913356642856
22065461,中古マンション等,,22102,静岡県,静岡市駿河区,豊田,静岡,30分?60分,２ＬＤＫ,55,,,,平成6年,ＲＣ,住宅,,,,,工業地域,60.0,200.0,2012年第４四半期,未改装,,7.113943352306837
22036239,中古マンション等,,22212,静岡県,焼津市,本町,焼津,20,３ＬＤＫ,75,,,,平成2年,ＳＲＣ,,住宅,,,,商業地域,80.0,400.0,2020年第３四半期,未改装,,6.812913356642856
22103350,中古マンション等,,22212,静岡県,焼津市,小柳津,西焼津,7,３ＬＤＫ,75,,,,平成13年,ＲＣ,住宅,,,,,工業地域,60.0,200.0,2012年第４四半期,未改装,,7.2552725051033065
22122946,中古マンション等,,22131,静岡県,浜松市中区,山手町,浜松,30分?60分,３ＬＤＫ,70,,,,平成9年,ＳＲＣ,住宅,,,,,第１種中高層住居専用地域,60.0,200.0,2008年第１四半期,未改装,,7.204119982655925
22017705,中古マンション等,,22135,静岡県,浜松市北区,三ヶ日町都筑,都筑,25,１ＬＤＫ,50,,,,平成2年,ＳＲＣ,住宅,その他,,,,市街化調整区域,60.0,200.0,2017年第１四半期,未改装,,6.732393759822968
22117946,中古マンション等,,22101,静岡県,静岡市葵区,春日,東静岡,20,３ＬＤＫ,55,,,,昭和48年,ＳＲＣ,住宅,,,,,第２種住居地域,60.0,200.0,2007年第２四半期,未改装,,6.698970004336019
22124707,中古マンション等,,22135,静岡県,浜松市北区,三ヶ日町都筑,東都筑,25,１Ｋ,25,,,,昭和49年,ＳＲＣ,住宅,,,,,市街化調整区域,60.0,200.0,2007年第３四半期,未改装,,6.301029995663981
22008566,中古マンション等,,22131,静岡県,浜松市中区,板屋町,浜松,5,２ＬＤＫ,70,,,,平成19年,,,住宅,,,,商業地域,80.0,400.0,2017年第３四半期,未改装,,7.431363764158987
22117679,中古マンション等,,22101,静岡県,静岡市葵区,上土,静岡,,３ＬＤＫ,70,,,,平成9年,,住宅,,,,,,,,2007年第１四半期,未改装,,7.041392685158225
22121467,中古マンション等,,22103,静岡県,静岡市清水区,千歳町,清水(静岡),18,３ＬＤＫ,65,,,,平成19年,ＲＣ,住宅,,,,,商業地域,80.0,400.0,2007年第３四半期,未改装,,7.342422680822207
22064405,中古マンション等,,22203,静岡県,沼津市,新沢田町,沼津,30分?60分,３ＬＤＫ,75,,,,平成19年,ＲＣ,住宅,住宅,,,,第１種住居地域,60.0,200.0,2014年第２四半期,未改装,,7.2552725051033065
22092519,中古マンション等,,22131,静岡県,浜松市中区,元浜町,浜松,18,１Ｋ,15,,,,,ＲＣ,住宅,,,,,商業地域,80.0,400.0,2009年第３四半期,未改装,,6.301029995663981
22108109,中古マンション等,,22211,静岡県,磐田市,立野,豊田町,4,３ＬＤＫ,70,,,,,ＳＲＣ,住宅,,,,,近隣商業地域,80.0,200.0,2013年第４四半期,改装済,,7.204119982655925
22056385,中古マンション等,,22131,静岡県,浜松市中区,板屋町,浜松,9,３ＬＤＫ,100,,,,平成18年,ＳＲＣ,住宅,,,,,商業地域,80.0,400.0,2010年第４四半期,未改装,,7.414973347970818
22076472,中古マンション等,,22103,静岡県,静岡市清水区,千歳町,清水(静岡),18,４ＬＤＫ,90,,,,平成10年,ＲＣ,住宅,,,,,商業地域,80.0,400.0,2013年第４四半期,未改装,,7.204119982655925
22070056,中古マンション等,,22135,静岡県,浜松市北区,三ヶ日町都筑,都筑,30分?60分,１ＬＤＫ,50,,,,平成2年,ＳＲＣ,住宅,住宅,,,,市街化調整区域,60.0,200.0,2015年第４四半期,,,6.799340549453582
22023526,中古マンション等,,22206,静岡県,三島市,西若町,三島,13,３ＬＤＫ,75,,,,,ＳＲＣ,,事務所,,,,第１種住居地域,60.0,200.0,2019年第４四半期,未改装,,7.146128035678238
22100104,中古マンション等,,22210,静岡県,富士市,宮島,富士,24,３ＬＤＫ,70,,,,平成19年,ＲＣ,住宅,,,,,第１種住居地域,60.0,200.0,2012年第３四半期,未改装,,7.204119982655925
22088437,中古マンション等,,22206,静岡県,三島市,中央町,三島,14,３ＬＤＫ,80,,,,平成15年,ＲＣ,住宅,,,,,商業地域,80.0,400.0,2012年第４四半期,未改装,,7.431363764158987
22023555,中古マンション等,,22206,静岡県,三島市,萩,三島,30分?60分,３ＬＤＫ,65,,,,平成6年,ＲＣ,住宅,住宅,,,,第１種中高層住居専用地域,60.0,200.0,2016年第３四半期,改装済,,7.113943352306837
22001292,中古マンション等,,22101,静岡県,静岡市葵区,七間町,静岡,13,３ＬＤＫ,75,,,,,ＳＲＣ,,住宅,,,,商業地域,80.0,600.0,2019年第２四半期,,,7.4623979978989565
22051469,中古マンション等,,22101,静岡県,静岡市葵区,上足洗,静岡,30分?60分,３ＬＤＫ,85,,,,平成12年,ＲＣ,住宅,,,,,第２種中高層住居専用地域,60.0,200.0,2010年第２四半期,未改装,,7.414973347970818
22017756,中古マンション等,,22135,静岡県,浜松市北区,三ヶ日町都筑,東都筑,21,１Ｋ,25,,,,昭和49年,ＳＲＣ,住宅,住宅,,,,市街化調整区域,60.0,200.0,2016年第１四半期,,,5.698970004336019
22067452,中古マンション等,,22203,静岡県,沼津市,桃里,原(静岡),29,３ＬＤＫ,60,,,,平成6年,ＲＣ,住宅,,,,,市街化調整区域,,,2010年第４四半期,改装済,,6.944482672150168
22008652,中古マンション等,,22131,静岡県,浜松市中区,鍛冶町,浜松,5,２ＬＤＫ,55,,,,平成28年,ＲＣ,住宅,住宅,,,,商業地域,80.0,500.0,2020年第１四半期,未改装,,7.57978359661681
22012514,中古マンション等,,22132,静岡県,浜松市東区,北島町,浜松,1H?1H30,３ＤＫ,50,,,,昭和49年,ＲＣ,住宅,住宅,,,,第１種住居地域,60.0,200.0,2016年第４四半期,未改装,,6.176091259055681
22023611,中古マンション等,,22206,静岡県,三島市,東本町,三島田町,6,３ＬＤＫ,65,,,,平成8年,,,住宅,,,,第１種住居地域,60.0,200.0,2019年第２四半期,改装済,,7.3222192947339195
22007701,中古マンション等,,22103,静岡県,静岡市清水区,松原町,清水(静岡),15,４ＬＤＫ,85,,,,,ＲＣ,住宅,住宅,,,,商業地域,80.0,400.0,2016年第１四半期,未改装,,7.176091259055681
22017631,中古マンション等,,22135,静岡県,浜松市北区,三ヶ日町都筑,都筑,19,１ＬＤＫ,50,,,,戦前,ＳＲＣ,住宅,住宅,,,,市街化調整区域,60.0,200.0,2020年第３四半期,未改装,,6.681241237375588
22083702,中古マンション等,,22132,静岡県,浜松市東区,篠ケ瀬町,浜松,1H?1H30,４ＬＤＫ,85,,,,平成10年,ＳＲＣ,住宅,,,,,近隣商業地域,80.0,300.0,2013年第４四半期,未改装,調停・競売等,7.041392685158225
22059018,中古マンション等,,22103,静岡県,静岡市清水区,入江,入江岡,5,３ＬＤＫ,70,,,,平成18年,ＲＣ,住宅,住宅,,,,近隣商業地域,80.0,300.0,2015年第４四半期,未改装,,7.041392685158225
22099686,中古マンション等,,22135,静岡県,浜松市北区,三ヶ日町大崎,都筑,30分?60分,３ＬＤＫ,75,,,,平成2年,ＳＲＣ,住宅,,,,,市街化調整区域,60.0,200.0,2009年第２四半期,未改装,,7.0
22002103,中古マンション等,,22101,静岡県,静岡市葵区,千代田,静岡,30分?60分,３ＬＤＫ,70,,,,平成15年,ＲＣ,,住宅,,,,第１種中高層住居専用地域,60.0,200.0,2017年第４四半期,未改装,,7.278753600952829
22058461,中古マンション等,,22102,静岡県,静岡市駿河区,曲金,東静岡,5,,60,,,,平成14年,ＳＲＣ,住宅,住宅,,,,商業地域,80.0,400.0,2015年第４四半期,,,7.204119982655925
22011217,中古マンション等,,22131,静岡県,浜松市中区,広沢,浜松,30分?60分,３ＬＤＫ,65,,,,平成9年,ＲＣ,住宅,住宅,,,,第１種中高層住居専用地域,60.0,200.0,2020年第３四半期,未改装,,7.278753600952829
22091338,中古マンション等,,22131,静岡県,浜松市中区,寺島町,浜松,11,１ＤＫ,55,,,,平成3年,ＳＲＣ,住宅,,,,,近隣商業地域,80.0,300.0,2009年第２四半期,未改装,,6.8750612633917
22118431,中古マンション等,,22101,静岡県,静岡市葵区,神明町,静岡,30分?60分,３ＬＤＫ,80,,,,平成18年,ＲＣ,住宅,,,,,準工業地域,60.0,200.0,2006年第２四半期,改装済,,7.4623979978989565
22012110,中古マンション等,,22132,静岡県,浜松市東区,植松町,浜松,30分?60分,２ＤＫ,40,,,,昭和49年,ＳＲＣ,住宅,住宅,,,,第１種住居地域,60.0,200.0,2018年第２四半期,未改装,,6.176091259055681
22083948,中古マンション等,,22203,静岡県,沼津市,泉町,沼津,16,４ＬＤＫ,100,,,,昭和64年,ＲＣ,住宅,,,,,第２種中高層住居専用地域,60.0,200.0,2012年第１四半期,未改装,,7.204119982655925
22004885,中古マンション等,,22102,静岡県,静岡市駿河区,東静岡,東静岡,6,４ＬＤＫ,85,,,,平成25年,,,住宅,,,,商業地域,80.0,400.0,2020年第１四半期,未改装,,7.556302500767287
22098088,中古マンション等,,22214,静岡県,藤枝市,田沼,藤枝,10,２ＬＤＫ,65,,,,,ＲＣ,住宅,住宅,,,,第２種住居地域,60.0,200.0,2015年第１四半期,未改装,,7.278753600952829
22067548,中古マンション等,,22203,静岡県,沼津市,若葉町,,,３ＬＤＫ,65,,,,昭和63年,ＳＲＣ,住宅,,,,,,,,2010年第３四半期,,,6.924279286061882
22051436,中古マンション等,,22101,静岡県,静岡市葵区,春日,静岡,20,３ＤＫ,50,,,,,ＲＣ,住宅,,,,,第１種住居地域,60.0,200.0,2010年第２四半期,未改装,調停・競売等,6.146128035678238
22125709,中古マンション等,,22203,静岡県,沼津市,杉崎町,沼津,13,２ＬＤＫ,65,,,,昭和64年,ＳＲＣ,住宅,,,,,第２種住居地域,60.0,200.0,2007年第２四半期,改装済,,7.079181246047625
22054825,中古マンション等,,22102,静岡県,静岡市駿河区,さつき町,静岡,12,３ＬＤＫ,75,,,,昭和57年,ＲＣ,住宅,,,,,準工業地域,60.0,200.0,2011年第４四半期,未改装,関係者間取引,6.698970004336019
22013006,中古マンション等,,22132,静岡県,浜松市東区,天王町,浜松,1H?1H30,２ＬＤＫ,45,,,,昭和61年,ＳＲＣ,住宅,住宅,,,,第１種住居地域,60.0,200.0,2017年第３四半期,改装済,,6.732393759822968
22009588,中古マンション等,,22131,静岡県,浜松市中区,菅原町,浜松,14,４ＬＤＫ,95,,,,平成10年,ＲＣ,住宅,住宅,,,,近隣商業地域,80.0,300.0,2017年第１四半期,未改装,,7.342422680822207
22060872,中古マンション等,,22135,静岡県,浜松市北区,三ヶ日町都筑,都筑,20,１ＬＤＫ,50,,,,平成2年,ＳＲＣ,住宅,その他,,,,市街化調整区域,60.0,200.0,2014年第４四半期,改装済,,6.633468455579586
22106056,中古マンション等,,22206,静岡県,三島市,西若町,三島,10,オープンフロア,85,,,,昭和62年,ＲＣ,店舗,,,,,近隣商業地域,80.0,200.0,2009年第２四半期,未改装,,7.113943352306837
22009721,中古マンション等,,22131,静岡県,浜松市中区,住吉,浜松,30分?60分,３ＬＤＫ,60,,,,,ＳＲＣ,住宅,住宅,,,,第２種住居地域,60.0,200.0,2016年第３四半期,未改装,,6.556302500767287
22076854,中古マンション等,,22133,静岡県,浜松市西区,舞阪町弁天島,浜松,2H?,１ＤＫ,35,,,,平成3年,ＲＣ,住宅,,,,,第１種住居地域,60.0,200.0,2012年第４四半期,未改装,,6.361727836017593
22080089,中古マンション等,,22135,静岡県,浜松市北区,三ヶ日町大崎,都筑,30分?60分,１ＬＤＫ,45,,,,平成2年,ＳＲＣ,住宅,,,,,市街化調整区域,60.0,200.0,2012年第３四半期,未改装,,6.698970004336019
22106295,中古マンション等,,22206,静岡県,三島市,南町,三島,19,３ＬＤＫ,85,,,,平成16年,ＲＣ,住宅,,,,,第２種住居地域,60.0,200.0,2009年第３四半期,未改装,,7.380211241711606
22129588,中古マンション等,,22211,静岡県,磐田市,中泉,磐田,3,４ＬＤＫ,100,,,,平成19年,ＲＣ,住宅,,,,,商業地域,80.0,400.0,2007年第３四半期,未改装,,7.531478917042255
22009131,中古マンション等,,22131,静岡県,浜松市中区,紺屋町,浜松,14,３ＬＤＫ,95,,,,平成26年,ＲＣ,住宅,住宅,,,,商業地域,80.0,500.0,2019年第４四半期,未改装,,7.57978359661681
22073427,中古マンション等,,22102,静岡県,静岡市駿河区,中原,静岡,30分?60分,３ＬＤＫ,80,,,,,ＲＣ,住宅,,,,,準工業地域,60.0,200.0,2013年第４四半期,未改装,,7.431363764158987
22066585,中古マンション等,,22136,静岡県,浜松市浜北区,小松,遠州小松,6,３ＬＤＫ,75,,,,平成11年,ＲＣ,住宅,,,,,第１種住居地域,60.0,200.0,2011年第２四半期,未改装,,7.041392685158225
22021323,中古マンション等,,22203,静岡県,沼津市,高島町,沼津,2,２ＬＤＫ,85,,,,平成21年,ＲＣ,住宅,住宅,,,,商業地域,80.0,400.0,2020年第３四半期,未改装,,7.477121254719663
22063829,中古マンション等,,22203,静岡県,沼津市,岡一色,大岡(静岡),19,３ＬＤＫ,70,,,,平成11年,ＲＣ,住宅,住宅,,,,第２種中高層住居専用地域,60.0,150.0,2014年第４四半期,未改装,,7.301029995663981
22032191,中古マンション等,,22210,静岡県,富士市,吉原,富士,30分?60分,,60,,,,平成5年,ＳＲＣ,住宅,住宅,,,,商業地域,80.0,400.0,2017年第２四半期,未改装,,7.079181246047625
22051435,中古マンション等,,22101,静岡県,静岡市葵区,春日,静岡,20,２ＤＫ,50,,,,,ＲＣ,住宅,,,,,第１種住居地域,60.0,200.0,2010年第２四半期,未改装,,6.57978359661681
22011773,中古マンション等,,22131,静岡県,浜松市中区,和地山,浜松,30分?60分,２ＤＫ,40,,,,昭和49年,,住宅,住宅,,,,近隣商業地域,80.0,200.0,2018年第４四半期,未改装,,6.0
22031870,中古マンション等,,22210,静岡県,富士市,宮島,富士,24,４ＬＤＫ,75,,,,平成19年,ＲＣ,,住宅,,,,第１種住居地域,60.0,200.0,2018年第２四半期,未改装,,7.204119982655925
22023673,中古マンション等,,22206,静岡県,三島市,広小路町,三島広小路,1,３ＬＤＫ,85,,,,平成20年,,,住宅,,,,商業地域,80.0,400.0,2020年第１四半期,未改装,,7.5910646070264995
22099915,中古マンション等,,22135,静岡県,浜松市北区,三ヶ日町都筑,都筑,28,１Ｋ,25,,,,昭和49年,ＳＲＣ,住宅,,,,,市街化調整区域,60.0,200.0,2009年第４四半期,未改装,,6.0
22063926,中古マンション等,,22131,静岡県,浜松市中区,松城町,浜松,19,４ＬＤＫ,95,,,,平成25年,ＲＣ,住宅,住宅,,,,近隣商業地域,80.0,300.0,2015年第４四半期,未改装,,7.6127838567197355
22003449,中古マンション等,,22102,静岡県,静岡市駿河区,稲川,静岡,10,２ＤＫ,60,,,,平成23年,ＲＣ,住宅,住宅,,,,商業地域,80.0,500.0,2016年第４四半期,未改装,,7.4623979978989565
22125691,中古マンション等,,22203,静岡県,沼津市,新沢田町,沼津,30分?60分,３ＬＤＫ,75,,,,平成19年,ＲＣ,住宅,,,,,第１種住居地域,60.0,200.0,2008年第３四半期,未改装,,7.380211241711606
22053793,中古マンション等,,22102,静岡県,静岡市駿河区,曲金,東静岡,20,２ＤＫ,55,,,,昭和48年,ＳＲＣ,住宅,,,,,工業地域,60.0,200.0,2010年第１四半期,改装済,,6.8750612633917
22061109,中古マンション等,,22131,静岡県,浜松市中区,葵東,浜松,1H30?2H,４ＬＤＫ,80,,,,平成11年,ＲＣ,住宅,住宅,,,,近隣商業地域,80.0,300.0,2015年第２四半期,改装済,,7.204119982655925
22120171,中古マンション等,,22102,静岡県,静岡市駿河区,西中原,静岡,30分?60分,４ＬＤＫ,85,,,,平成3年,ＲＣ,住宅,,,,,工業地域,60.0,200.0,2007年第１四半期,改装済,,7.2552725051033065
22020546,中古マンション等,,22203,静岡県,沼津市,大手町,沼津,8,２ＬＤＫ,65,,,,平成12年,,住宅,住宅,,,,商業地域,80.0,500.0,2018年第３四半期,改装済,,7.146128035678238
22061953,中古マンション等,,22101,静岡県,静岡市葵区,川辺町,静岡,13,１ＤＫ,40,,,,平成2年,ＳＲＣ,住宅,,,,,商業地域,80.0,400.0,2012年第１四半期,未改装,,6.7558748556724915
22062855,中古マンション等,,22131,静岡県,浜松市中区,中央,浜松,9,３ＬＤＫ,70,,,,,ＳＲＣ,住宅,住宅,,,,商業地域,80.0,400.0,2015年第４四半期,未改装,,7.2552725051033065
22084208,中古マンション等,,22132,静岡県,浜松市東区,中郡町,浜松,2H?,３ＬＤＫ,70,,,,,ＲＣ,住宅,,,,,市街化調整区域,60.0,200.0,2013年第３四半期,未改装,,6.8750612633917
22065912,中古マンション等,,22203,静岡県,沼津市,大岡,,,３ＬＤＫ,60,,,,平成6年,ＲＣ,住宅,,,,,,,,2010年第３四半期,,調停・競売等,6.8061799739838875
22075075,中古マンション等,,22103,静岡県,静岡市清水区,永楽町,清水(静岡),16,３ＬＤＫ,70,,,,平成16年,ＲＣ,住宅,,,,,工業地域,60.0,200.0,2013年第３四半期,未改装,,7.204119982655925
22129586,中古マンション等,,22211,静岡県,磐田市,中泉,磐田,3,２ＤＫ,60,,,,平成19年,ＲＣ,住宅,,,,,商業地域,80.0,400.0,2007年第３四半期,未改装,,7.342422680822207
22086664,中古マンション等,,22103,静岡県,静岡市清水区,楠新田,草薙(ＪＲ),6,４ＬＤＫ,85,,,,平成8年,ＳＲＣ,住宅,,,,,準工業地域,60.0,200.0,2009年第１四半期,未改装,,7.361727836017593
22052965,中古マンション等,,22101,静岡県,静岡市葵区,北安東,静岡,30分?60分,３ＬＤＫ,70,,,,平成7年,ＲＣ,住宅,,,,,第２種中高層住居専用地域,60.0,200.0,2011年第１四半期,未改装,,7.146128035678238
22012559,中古マンション等,,22132,静岡県,浜松市東区,小池町,自動車学校前,3,３ＬＤＫ,75,,,,昭和64年,ＲＣ,住宅,,,,,準工業地域,60.0,200.0,2016年第３四半期,未改装,,6.8750612633917
22068161,中古マンション等,,22101,静岡県,静岡市葵区,追手町,静岡,19,２ＬＤＫ,55,,,,昭和55年,ＳＲＣ,住宅,,,,,商業地域,80.0,600.0,2013年第１四半期,未改装,,6.929418925714293
22120585,中古マンション等,,22102,静岡県,静岡市駿河区,八幡,静岡,16,３ＬＤＫ,80,,,,平成12年,ＲＣ,住宅,,,,,第２種住居地域,60.0,200.0,2008年第３四半期,未改装,,7.301029995663981
22065994,中古マンション等,,22203,静岡県,沼津市,大手町,沼津,5,２ＬＤＫ,65,,,,昭和64年,鉄骨造,住宅,,,,,商業地域,80.0,500.0,2010年第１四半期,改装済,,6.991226075692495
22007105,中古マンション等,,22103,静岡県,静岡市清水区,千歳町,清水(静岡),18,オープンフロア,60,,,,昭和56年,ＳＲＣ,店舗,その他,,,,商業地域,80.0,400.0,2018年第３四半期,未改装,,5.698970004336019
22057461,中古マンション等,,22131,静岡県,浜松市中区,高丘北,浜松,1H30?2H,３ＬＤＫ,65,,,,平成18年,ＲＣ,住宅,,,,,近隣商業地域,80.0,200.0,2010年第３四半期,未改装,,7.146128035678238
22057956,中古マンション等,,22133,静岡県,浜松市西区,入野町,浜松,1H?1H30,３ＬＤＫ,60,,,,平成4年,ＲＣ,住宅,,,,,第１種中高層住居専用地域,60.0,200.0,2014年第３四半期,未改装,,6.845098040014257
22099937,中古マンション等,,22135,静岡県,浜松市北区,三ヶ日町都筑,都筑,30分?60分,１ＬＤＫ,45,,,,,ＳＲＣ,住宅,,,,,市街化調整区域,60.0,200.0,2009年第１四半期,未改装,,7.763427993562937
22017634,中古マンション等,,22135,静岡県,浜松市北区,三ヶ日町都筑,都筑,20,１ＬＤＫ,50,,,,平成2年,ＳＲＣ,住宅,住宅,,,,市街化調整区域,60.0,200.0,2020年第２四半期,未改装,,6.7160033436347994
22129575,中古マンション等,,22211,静岡県,磐田市,中泉,磐田,2,４ＬＤＫ,100,,,,平成19年,ＲＣ,住宅,,,,,商業地域,80.0,400.0,2007年第３四半期,未改装,,7.57978359661681
22021153,中古マンション等,,22203,静岡県,沼津市,新沢田町,沼津,30分?60分,３ＬＤＫ,75,,,,平成18年,ＲＣ,住宅,住宅,,,,第１種住居地域,60.0,200.0,2019年第１四半期,改装済,,7.2552725051033065
22007669,中古マンション等,,22103,静岡県,静岡市清水区,本郷町,清水(静岡),6,２ＬＤＫ,60,,,,昭和49年,,住宅,住宅,,,,商業地域,80.0,400.0,2017年第４四半期,改装済,,6.763427993562937
22108425,中古マンション等,,22211,静岡県,磐田市,中泉,磐田,13,３ＬＤＫ,70,,,,平成25年,ＲＣ,住宅,,,,,工業地域,60.0,200.0,2013年第３四半期,未改装,,7.380211241711606
22009729,中古マンション等,,22131,静岡県,浜松市中区,住吉,浜松,30分?60分,３ＬＤＫ,55,,,,昭和50年,ＲＣ,住宅,住宅,,,,第２種住居地域,60.0,200.0,2016年第１四半期,未改装,,6.57978359661681
22051282,中古マンション等,,22101,静岡県,静岡市葵区,宮ヶ崎町,静岡,23,４ＬＤＫ,95,,,,平成16年,ＳＲＣ,住宅,住宅,,,,商業地域,80.0,400.0,2014年第３四半期,改装済,,7.505149978319906
22057177,中古マンション等,,22131,静岡県,浜松市中区,新津町,浜松,30分?60分,４ＬＤＫ,105,,,,平成11年,ＲＣ,住宅,,,,,第１種住居地域,60.0,200.0,2010年第２四半期,未改装,,7.342422680822207
22122550,中古マンション等,,22131,静岡県,浜松市中区,高丘東,浜松,1H30?2H,３ＤＫ,55,,,,平成5年,ＳＲＣ,住宅,,,,,工業地域,60.0,200.0,2008年第４四半期,未改装,調停・競売等,6.643452676486188
22033407,中古マンション等,,22211,静岡県,磐田市,立野,豊田町,1,３ＬＤＫ,70,,,,平成11年,ＳＲＣ,住宅,住宅,,,,近隣商業地域,80.0,200.0,2018年第３四半期,,,7.2552725051033065
22001150,中古マンション等,,22101,静岡県,静岡市葵区,駒形通,静岡,23,３ＬＤＫ,65,,,,平成3年,ＳＲＣ,,住宅,,,,商業地域,80.0,400.0,2019年第４四半期,未改装,,7.176091259055681
22021712,中古マンション等,,22203,静岡県,沼津市,原,原(静岡),14,３ＬＤＫ,70,,,,昭和64年,ＳＲＣ,住宅,住宅,,,,第１種住居地域,60.0,200.0,2017年第２四半期,改装済,,7.176091259055681
22006067,中古マンション等,,22103,静岡県,静岡市清水区,江尻東,清水(静岡),5,３ＬＤＫ,65,,,,平成19年,ＲＣ,住宅,住宅,,,,商業地域,80.0,400.0,2016年第２四半期,未改装,,7.301029995663981
22122694,中古マンション等,,22131,静岡県,浜松市中区,中沢町,浜松,30分?60分,１Ｋ,15,,,,昭和60年,ＲＣ,住宅,,,,,近隣商業地域,80.0,300.0,2008年第１四半期,未改装,,6.431363764158987
22004800,中古マンション等,,22102,静岡県,静岡市駿河区,西中原,静岡,30分?60分,３ＬＤＫ,75,,,,平成3年,ＲＣ,住宅,住宅,,,,工業地域,60.0,200.0,2019年第２四半期,未改装,,7.146128035678238
22071064,中古マンション等,,22203,静岡県,沼津市,若葉町,沼津,29,４ＬＤＫ,70,,,,昭和63年,ＳＲＣ,住宅,,,,,第１種住居地域,60.0,200.0,2011年第１四半期,改装済,,7.041392685158225
22033833,中古マンション等,,22211,静岡県,磐田市,中泉,磐田,15,３ＬＤＫ,80,,,,,ＲＣ,住宅,住宅,,,,第２種中高層住居専用地域,60.0,150.0,2017年第１四半期,未改装,,7.3222192947339195
22055252,中古マンション等,,22101,静岡県,静岡市葵区,北安東,静岡,30分?60分,３ＬＤＫ,85,,,,平成9年,ＲＣ,住宅,住宅,,,,第２種中高層住居専用地域,60.0,200.0,2015年第３四半期,未改装,,7.2552725051033065
22003440,中古マンション等,,22102,静岡県,静岡市駿河区,稲川,静岡,6,３ＬＤＫ,65,,,,平成12年,ＲＣ,,住宅,,,,商業地域,80.0,500.0,2017年第３四半期,未改装,,7.301029995663981
22054142,中古マンション等,,22131,静岡県,浜松市中区,海老塚,浜松,11,１Ｋ,15,,,,平成2年,ＲＣ,住宅,住宅,,,,商業地域,80.0,500.0,2014年第３四半期,未改装,,6.380211241711606
22005469,中古マンション等,,22102,静岡県,静岡市駿河区,南町,静岡,5,,60,,,,平成8年,,住宅,住宅,,,,商業地域,80.0,400.0,2018年第１四半期,未改装,,7.204119982655925
22007662,中古マンション等,,22103,静岡県,静岡市清水区,本郷町,清水(静岡),4,２ＬＤＫ,75,,,,平成19年,ＲＣ,,住宅,,,,商業地域,80.0,400.0,2019年第２四半期,未改装,,7.3222192947339195
22007104,中古マンション等,,22103,静岡県,静岡市清水区,千歳町,清水(静岡),19,３ＬＤＫ,65,,,,昭和62年,ＳＲＣ,住宅,住宅,,,,商業地域,80.0,400.0,2018年第３四半期,,,6.763427993562937
22017740,中古マンション等,,22135,静岡県,浜松市北区,三ヶ日町都筑,東都筑,23,１Ｋ,25,,,,昭和49年,ＳＲＣ,住宅,住宅,,,,,60.0,200.0,2019年第３四半期,未改装,,6.0
22000819,中古マンション等,,22101,静岡県,静岡市葵区,川辺町,静岡,15,１Ｋ,25,,,,平成11年,ＲＣ,住宅,住宅,,,,商業地域,80.0,400.0,2017年第１四半期,未改装,,6.826074802700826
22128681,中古マンション等,,22210,静岡県,富士市,中央町,富士,30分?60分,２ＬＤＫ,60,,,,昭和49年,ＳＲＣ,住宅,,,,,近隣商業地域,80.0,300.0,2007年第２四半期,改装済,,6.7558748556724915
22023960,中古マンション等,,22206,静岡県,三島市,谷田,三島,30分?60分,３ＬＤＫ,70,,,,平成14年,ＲＣ,住宅,住宅,,,,第１種低層住居専用地域,50.0,80.0,2020年第３四半期,未改装,,6.924279286061882
22016258,中古マンション等,,22134,静岡県,浜松市南区,楊子町,浜松,20,４ＬＤＫ,85,,,,平成13年,ＲＣ,住宅,住宅,,,,第１種住居地域,60.0,200.0,2017年第２四半期,未改装,,7.079181246047625
22020072,中古マンション等,,22203,静岡県,沼津市,泉町,沼津,16,４ＬＤＫ,95,,,,昭和64年,ＲＣ,住宅,住宅,,,,第２種中高層住居専用地域,60.0,200.0,2020年第２四半期,未改装,,7.113943352306837
22073182,中古マンション等,,22203,静岡県,沼津市,内浦小海,沼津,2H?,１ＬＤＫ,55,,,,平成2年,ＳＲＣ,住宅,住宅,,,,市街化調整区域,60.0,200.0,2015年第１四半期,,,6.8750612633917
22076870,中古マンション等,,22206,静岡県,三島市,中央町,三島田町,5,３ＬＤＫ,80,,,,平成15年,ＲＣ,住宅,住宅,,,,商業地域,80.0,400.0,2015年第４四半期,未改装,,7.431363764158987
22021124,中古マンション等,,22203,静岡県,沼津市,庄栄町,沼津,11,２ＬＤＫ,65,,,,平成15年,ＲＣ,,住宅,,,,第２種住居地域,60.0,200.0,2019年第４四半期,未改装,,7.146128035678238
22100772,中古マンション等,,22136,静岡県,浜松市浜北区,小松,遠州小松,5,４ＬＤＫ,80,,,,平成11年,ＲＣ,住宅,,,,,第１種住居地域,60.0,200.0,2009年第１四半期,未改装,,7.230448921378274
22125685,中古マンション等,,22203,静岡県,沼津市,庄栄町,沼津,10,,70,,,,平成4年,ＳＲＣ,住宅,,,,,第２種住居地域,60.0,200.0,2008年第４四半期,,,7.2552725051033065
22111803,中古マンション等,,22214,静岡県,藤枝市,田沼,藤枝,3,４ＬＤＫ,85,,,,平成16年,ＳＲＣ,住宅,,,,,商業地域,80.0,400.0,2013年第４四半期,未改装,,7.431363764158987
22050895,中古マンション等,,22101,静岡県,静岡市葵区,駒形通,静岡,20,２ＬＤＫ,55,,,,,ＳＲＣ,住宅,住宅,,,,商業地域,80.0,400.0,2014年第４四半期,改装済,,7.113943352306837
22013075,中古マンション等,,22132,静岡県,浜松市東区,中郡町,遠州西ケ崎,2,３ＬＤＫ,70,,,,平成7年,ＳＲＣ,住宅,住宅,,,,市街化調整区域,60.0,200.0,2019年第３四半期,未改装,,6.973127853599698
22050915,中古マンション等,,22101,静岡県,静岡市葵区,三番町,静岡,26,３ＤＫ,55,,,,平成3年,ＲＣ,住宅,住宅,,,,近隣商業地域,80.0,200.0,2014年第２四半期,,,7.0
22021234,中古マンション等,,22203,静岡県,沼津市,浅間町,沼津,14,３ＬＤＫ,75,,,,平成23年,ＲＣ,住宅,住宅,,,,商業地域,80.0,400.0,2020年第３四半期,未改装,,7.146128035678238
22020818,中古マンション等,,22203,静岡県,沼津市,上香貫,沼津,25,３ＬＤＫ,65,,,,,ＲＣ,住宅,,,,,,,,2017年第２四半期,,,6.863322860120456
22031163,中古マンション等,,22210,静岡県,富士市,日乃出町,富士,30分?60分,３ＬＤＫ,75,,,,平成20年,ＲＣ,住宅,,,,,第２種住居地域,60.0,200.0,2018年第１四半期,未改装,,7.204119982655925
22006020,中古マンション等,,22103,静岡県,静岡市清水区,永楽町,清水(静岡),16,４ＬＤＫ,80,,,,平成16年,ＲＣ,住宅,,,,,工業地域,60.0,200.0,2017年第１四半期,,,7.230448921378274
22120456,中古マンション等,,22102,静岡県,静岡市駿河区,南町,静岡,5,２ＤＫ,35,,,,昭和55年,ＳＲＣ,住宅,,,,,商業地域,80.0,400.0,2008年第４四半期,改装済,,6.778151250383644
22056494,中古マンション等,,22131,静岡県,浜松市中区,上島,上島,10,３ＬＤＫ,75,,,,平成5年,ＲＣ,住宅,,,,,第１種住居地域,60.0,200.0,2010年第３四半期,未改装,,7.146128035678238
22122959,中古マンション等,,22131,静岡県,浜松市中区,龍禅寺町,浜松,11,３ＤＫ,55,,,,平成2年,ＳＲＣ,住宅,,,,,近隣商業地域,80.0,300.0,2008年第３四半期,未改装,,6.963787827345556
22122957,中古マンション等,,22131,静岡県,浜松市中区,龍禅寺町,浜松,,４ＬＤＫ,80,,,,平成9年,ＲＣ,住宅,,,,,第２種住居地域,60.0,200.0,2008年第４四半期,未改装,,7.176091259055681
22096311,中古マンション等,,22214,静岡県,藤枝市,稲川,藤枝,29,４ＬＤＫ,95,,,,平成17年,ＲＣ,住宅,住宅,,,,第１種住居地域,60.0,200.0,2015年第４四半期,未改装,,7.278753600952829
22094374,中古マンション等,,22132,静岡県,浜松市東区,天王町,浜松,1H?1H30,３ＬＤＫ,65,,,,平成2年,ＲＣ,住宅,,,,,第１種住居地域,60.0,200.0,2009年第３四半期,未改装,,6.880813592280791
22066039,中古マンション等,,22102,静岡県,静岡市駿河区,曲金,東静岡,15,２ＬＤＫ,65,,,,平成7年,ＲＣ,住宅,,,,,近隣商業地域,80.0,300.0,2012年第４四半期,改装済,,7.204119982655925
22008986,中古マンション等,,22131,静岡県,浜松市中区,鴨江,浜松,18,３ＬＤＫ,80,,,,平成15年,ＲＣ,住宅,住宅,,,,第２種中高層住居専用地域,60.0,200.0,2018年第１四半期,未改装,,7.301029995663981
22092608,中古マンション等,,22131,静岡県,浜松市中区,山手町,浜松,30分?60分,３ＬＤＫ,65,,,,昭和60年,ＲＣ,住宅,,,,,第１種中高層住居専用地域,60.0,200.0,2009年第１四半期,未改装,,6.977723605288848
22073312,中古マンション等,,22131,静岡県,浜松市中区,山手町,浜松,30分?60分,３ＬＤＫ,70,,,,平成9年,ＳＲＣ,住宅,,,,,第１種中高層住居専用地域,60.0,200.0,2012年第４四半期,未改装,,7.113943352306837
22074356,中古マンション等,,22102,静岡県,静岡市駿河区,緑が丘町,静岡,30分?60分,３ＬＤＫ,75,,,,平成9年,ＲＣ,住宅,,,,,工業地域,60.0,200.0,2013年第１四半期,未改装,,7.230448921378274
22054536,中古マンション等,,22101,静岡県,静岡市葵区,上土,東静岡,30分?60分,３ＬＤＫ＋Ｓ,70,,,,平成9年,ＲＣ,住宅,住宅,,,,第１種住居地域,60.0,200.0,2015年第１四半期,改装済,,7.113943352306837
22012599,中古マンション等,,22132,静岡県,浜松市東区,小池町,浜松,1H?1H30,３ＬＤＫ,65,,,,平成4年,ＲＣ,,住宅,,,,準工業地域,60.0,200.0,2018年第３四半期,改装済,,6.99563519459755
22031216,中古マンション等,,22210,静岡県,富士市,富士町,富士,4,３ＬＤＫ,85,,,,平成18年,ＲＣ,,住宅,,,,商業地域,80.0,400.0,2018年第４四半期,改装済,,7.301029995663981
22033750,中古マンション等,,22211,静岡県,磐田市,中泉,磐田,2,３ＬＤＫ,100,,,,平成19年,ＲＣ,住宅,住宅,,,,商業地域,80.0,400.0,2020年第２四半期,未改装,,7.505149978319906
